# Absolute Error of every Cycle
00.0000001640522820922640789831
00.0000001640522820922640789831
00.0000001640522820922640789831
00.0000001640522820922640789831
00.0000001640522820922640789831
00.0000001640522820922640789831
00.0000001640522820922640789831
00.0000001640522820922640789831
00.0000001640522820922640789831
00.0000001640522820922640789831
00.0000001640522820922640789831
00.0000001640522820922640789831
00.0000001640522820922640789831
00.0000001640522820922640789831
00.0000001640522820922640789831
00.0000001640522820922640789831
00.0000001640522820922640789831
00.0000001640522820922640789831
00.0000001640522820922640789831
00.0000001640522820922640789831
00.0000001640522820922640789831
00.0000001640522820922640789831
00.0000001640522820922640789831
00.0000001640522820922640789831
00.0000001640522820922640789831
00.0000001640522820922640789831
00.0000001640522820922640789831
00.0000001640522820922640789831
00.0000001640522820922640789831
00.0000001640522820922640789831
00.0000001640522820922640789831
00.0000001640522820922640789831
00.0000001640522820922640789831
00.0000001640522820922640789831
00.0000001640522820922640789831
00.0000001640522820922640789831
00.0000001640522820922640789831
00.0000001640522820922640789831
00.0000001640522820922640789831
00.0000001640522820922640789831
00.0000001640522820922640789831
00.0000001640522820922640789831
00.0000001640522820922640789831
00.0000001640522820922640789831
00.0000001640522820922640789831
00.0000001640522820922640789831
00.0000001640522820922640789831
00.0000001640522820922640789831
00.0000001640522820922640789831
00.0000001640522820922640789831
00.0000001640522820922640789831
00.0000001640522820922640789831
00.0000001640522820922640789831
00.0000001640522820922640789831
00.0000001640522820922640789831
00.0000001640522820922640789831
00.0000001640522820922640789831
00.0000001640522820922640789831
00.0000001640522820922640789831
00.0000001640522820922640789831
00.0000001640522820922640789831
00.0000001640522820922640789831
00.0000001640522820922640789831
00.0000001640522820922640789831
00.0000001640522820922640789831
00.0000001640522820922640789831
00.0000001640522820922640789831
00.0000001640522820922640789831
00.0000001640522820922640789831
00.0000001640522820922640789831
00.0000001640522820922640789831
00.0000001640522820922640789831
00.0000001640522820922640789831
00.0000001640522820922640789831
00.0000001640522820922640789831
00.0000001640522820922640789831
00.0000001640522820922640789831
00.0000001640522820922640789831
00.0000001640522820922640789831
00.0000001640522820922640789831
00.0000001640522820922640789831
00.0000001640522820922640789831
00.0000001640522820922640789831
00.0000001640522820922640789831
00.0000001640522820922640789831
00.0000001640522820922640789831
00.0000001640522820922640789831
00.0000001640522820922640789831
00.0000001640522820922640789831
00.0000001640522820922640789831
00.0000001640522820922640789831
00.0000001640522820922640789831
00.0000001640522820922640789831
00.0000001640522820922640789831
00.0000001640522820922640789831
00.0000001640522820922640789831
00.0000001640522820922640789831
00.0000001640522820922640789831
00.0000001640522820922640789831
00.0000001640522820922640789831
00.0000001640522820922640789831
00.0000001640522820922640789831
00.0000001640522820922640789831
00.0000001640522820922640789831
00.0000001640522820922640789831
00.0000001640522820922640789831
00.0000001640522820922640789831
00.0000001640522820922640789831
00.0000001640522820922640789831
00.0000001640522820922640789831
00.0000001640522820922640789831
00.0000001640522820922640789831
00.0000001640522820922640789831
00.0000001640522820922640789831
00.0000001640522820922640789831
00.0000001640522820922640789831
00.0000001640522820922640789831
00.0000001640522820922640789831
00.0000001640522820922640789831
00.0000001640522820922640789831
00.0000001640522820922640789831
00.0000001640522820922640789831
00.0000001640522820922640789831
00.0000001640522820922640789831
00.0000001640522820922640789831
00.0000001640522820922640789831
00.0000001640522820922640789831
00.0000001640522820922640789831
00.0000001640522820922640789831
00.0000001640522820922640789831
00.0000001640522820922640789831
00.0000001640522820922640789831
00.0000001640522820922640789831
00.0000001640522820922640789831
00.0000001640522820922640789831
00.0000001640522820922640789831
00.0000001640522820922640789831
00.0000001640522820922640789831
00.0000001640522820922640789831
00.0000001640522820922640789831
00.0000001640522820922640789831
00.0000001640522820922640789831
00.0000001640522820922640789831
00.0000001640522820922640789831
00.0000001640522820922640789831
00.0000001640522820922640789831
00.0000001640522820922640789831
00.0000001640522820922640789831
00.0000001640522820922640789831
00.0000001640522820922640789831
00.0000001640522820922640789831
00.0000001640522820922640789831
00.0000001640522820922640789831
00.0000001640522820922640789831
00.0000001640522820922640789831
00.0000001640522820922640789831
00.0000001640522820922640789831
00.0000001640522820922640789831
00.0000001640522820922640789831
00.0000001640522820922640789831
00.0000001640522820922640789831
00.0000001640522820922640789831
00.0000001640522820922640789831
00.0000001640522820922640789831
00.0000001640522820922640789831
00.0000001640522820922640789831
00.0000001640522820922640789831
00.0000001640522820922640789831
00.0000001640522820922640789831
00.0000001640522820922640789831
00.0000001640522820922640789831
00.0000001640522820922640789831
00.0000001640522820922640789831
00.0000001640522820922640789831
00.0000001640522820922640789831
00.0000001640522820922640789831
00.0000001640522820922640789831
00.0000001640522820922640789831
00.0000001640522820922640789831
00.0000001640522820922640789831
00.0000001640522820922640789831
00.0000001640522820922640789831
00.0000001640522820922640789831
00.0000001640522820922640789831
00.0000001640522820922640789831
00.0000001640522820922640789831
00.0000001640522820922640789831
00.0000001640522820922640789831
00.0000001640522820922640789831
00.0000001640522820922640789831
00.0000001640522820922640789831
00.0000001640522820922640789831
00.0000001640522820922640789831
00.0000001640522820922640789831
00.0000001640522820922640789831
00.0000001640522820922640789831
00.0000001640522820922640789831
00.0000001640522820922640789831
00.0000001640522820922640789831
00.0000001640522820922640789831
00.0000001640522820922640789831
00.0000001640522820922640789831
00.0000001640522820922640789831
00.0000001640522820922640789831
00.0000001640522820922640789831
00.0000001640522820922640789831
00.0000001640522820922640789831
00.0000001640522820922640789831
00.0000001640522820922640789831
00.0000001640522820922640789831
00.0000001640522820922640789831
00.0000001640522820922640789831
00.0000001640522820922640789831
00.0000001640522820922640789831
00.0000001640522820922640789831
00.0000001640522820922640789831
00.0000001640522820922640789831
00.0000001640522820922640789831
00.0000001640522820922640789831
00.0000001640522820922640789831
00.0000001640522820922640789831
00.0000001640522820922640789831
00.0000001640522820922640789831
00.0000001640522820922640789831
00.0000001640522820922640789831
00.0000001640522820922640789831
00.0000001640522820922640789831
00.0000001640522820922640789831
00.0000001640522820922640789831
00.0000001640522820922640789831
00.0000001640522820922640789831
00.0000001640522820922640789831
00.0000001640522820922640789831
00.0000001640522820922640789831
00.0000001640522820922640789831
00.0000001640522820922640789831
00.0000001640522820922640789831
00.0000001640522820922640789831
00.0000001640522820922640789831
00.0000001640522820922640789831
00.0000001640522820922640789831
00.0000001640522820922640789831
00.0000001640522820922640789831
00.0000001640522820922640789831
00.0000001640522820922640789831
00.0000001640522820922640789831
00.0000001640522820922640789831
00.0000001640522820922640789831
00.0000001640522820922640789831
00.0000001640522820922640789831
00.0000001640522820922640789831
00.0000001640522820922640789831
00.0000001640522820922640789831
00.0000001640522820922640789831
00.0000001640522820922640789831
00.0000001640522820922640789831
00.0000001640522820922640789831
00.0000001640522820922640789831
00.0000001640522820922640789831
00.0000001640522820922640789831
00.0000001640522820922640789831
00.0000001640522820922640789831
00.0000001640522820922640789831
00.0000001640522820922640789831
00.0000001640522820922640789831
00.0000001640522820922640789831
00.0000001640522820922640789831
00.0000001640522820922640789831
00.0000001640522820922640789831
00.0000001640522820922640789831
00.0000001640522820922640789831
00.0000001640522820922640789831
00.0000001640522820922640789831
00.0000001640522820922640789831
00.0000001640522820922640789831
00.0000001640522820922640789831
00.0000001640522820922640789831
00.0000001640522820922640789831
00.0000001640522820922640789831
00.0000001640522820922640789831
00.0000001640522820922640789831
00.0000001640522820922640789831
00.0000001640522820922640789831
00.0000001640522820922640789831
00.0000001640522820922640789831
00.0000001640522820922640789831
00.0000001640522820922640789831
00.0000001640522820922640789831
00.0000001640522820922640789831
00.0000001640522820922640789831
00.0000001640522820922640789831
00.0000001640522820922640789831
00.0000001640522820922640789831
00.0000001640522820922640789831
00.0000001640522820922640789831
00.0000001640522820922640789831
00.0000001640522820922640789831
00.0000001640522820922640789831
00.0000001640522820922640789831
00.0000001640522820922640789831
00.0000001640522820922640789831
00.0000001640522820922640789831
00.0000001640522820922640789831
00.0000001640522820922640789831
00.0000001640522820922640789831
00.0000001640522820922640789831
00.0000001640522820922640789831
00.0000001640522820922640789831
00.0000001640522820922640789831
00.0000001640522820922640789831
00.0000001640522820922640789831
00.0000001640522820922640789831
00.0000001640522820922640789831
00.0000001640522820922640789831
00.0000001640522820922640789831
00.0000001640522820922640789831
00.0000001640522820922640789831
00.0000001640522820922640789831
00.0000001640522820922640789831
00.0000001640522820922640789831
00.0000001640522820922640789831
00.0000001640522820922640789831
00.0000001640522820922640789831
00.0000001640522820922640789831
00.0000001640522820922640789831
00.0000001640522820922640789831
00.0000001640522820922640789831
00.0000001640522820922640789831
00.0000001640522820922640789831
00.0000001640522820922640789831
00.0000001640522820922640789831
00.0000001640522820922640789831
00.0000001640522820922640789831
00.0000001640522820922640789831
00.0000001640522820922640789831
00.0000001640522820922640789831
00.0000001640522820922640789831
00.0000001640522820922640789831
00.0000001640522820922640789831
00.0000001640522820922640789831
00.0000001640522820922640789831
00.0000001640522820922640789831
00.0000001640522820922640789831
00.0000001640522820922640789831
00.0000001640522820922640789831
00.0000001640522820922640789831
00.0000001640522820922640789831
00.0000001640522820922640789831
00.0000001640522820922640789831
00.0000001640522820922640789831
00.0000001640522820922640789831
00.0000001640522820922640789831
00.0000001640522820922640789831
00.0000001640522820922640789831
00.0000001640522820922640789831
00.0000001640522820922640789831
00.0000001640522820922640789831
00.0000001640522820922640789831
00.0000001640522820922640789831
00.0000001640522820922640789831
00.0000001640522820922640789831
00.0000001640522820922640789831
00.0000001640522820922640789831
00.0000001640522820922640789831
00.0000001640522820922640789831
00.0000001640522820922640789831
00.0000001640522820922640789831
00.0000001640522820922640789831
00.0000001640522820922640789831
00.0000001640522820922640789831
00.0000001640522820922640789831
00.0000001640522820922640789831
00.0000001640522820922640789831
00.0000001640522820922640789831
00.0000001640522820922640789831
00.0000001640522820922640789831
00.0000001640522820922640789831
00.0000001640522820922640789831
00.0000001640522820922640789831
00.0000001640522820922640789831
00.0000001640522820922640789831
00.0000001640522820922640789831
00.0000001640522820922640789831
00.0000001640522820922640789831
00.0000001640522820922640789831
00.0000001640522820922640789831
00.0000001640522820922640789831
00.0000001640522820922640789831
00.0000001640522820922640789831
00.0000001640522820922640789831
00.0000001640522820922640789831
00.0000001640522820922640789831
00.0000001640522820922640789831
00.0000001640522820922640789831
00.0000001640522820922640789831
00.0000001640522820922640789831
00.0000001640522820922640789831
00.0000001640522820922640789831
00.0000001640522820922640789831
00.0000001640522820922640789831
00.0000001640522820922640789831
00.0000001640522820922640789831
00.0000001640522820922640789831
00.0000001640522820922640789831
00.0000001640522820922640789831
00.0000001640522820922640789831
00.0000001640522820922640789831
00.0000001640522820922640789831
00.0000001640522820922640789831
00.0000001640522820922640789831
00.0000001640522820922640789831
00.0000001640522820922640789831
00.0000001640522820922640789831
00.0000001640522820922640789831
00.0000001640522820922640789831
00.0000001640522820922640789831
00.0000001640522820922640789831
00.0000001640522820922640789831
00.0000001640522820922640789831
00.0000001640522820922640789831
00.0000001640522820922640789831
00.0000001640522820922640789831
00.0000001640522820922640789831
00.0000001640522820922640789831
00.0000001640522820922640789831
00.0000001640522820922640789831
00.0000001640522820922640789831
00.0000001640522820922640789831
00.0000001640522820922640789831
00.0000001640522820922640789831
00.0000001640522820922640789831
00.0000001640522820922640789831
00.0000001640522820922640789831
00.0000001640522820922640789831
00.0000001640522820922640789831
00.0000001640522820922640789831
00.0000001640522820922640789831
00.0000001640522820922640789831
00.0000001640522820922640789831
00.0000001640522820922640789831
00.0000001640522820922640789831
00.0000001640522820922640789831
00.0000001640522820922640789831
00.0000001640522820922640789831
00.0000001640522820922640789831
00.0000001640522820922640789831
00.0000001640522820922640789831
00.0000001640522820922640789831
00.0000001640522820922640789831
00.0000001640522820922640789831
00.0000001640522820922640789831
00.0000001640522820922640789831
00.0000001640522820922640789831
00.0000001640522820922640789831
00.0000001640522820922640789831
00.0000001640522820922640789831
00.0000001640522820922640789831
00.0000001640522820922640789831
00.0000001640522820922640789831
00.0000001640522820922640789831
00.0000001640522820922640789831
00.0000001640522820922640789831
00.0000001640522820922640789831
00.0000001640522820922640789831
00.0000001640522820922640789831
00.0000001640522820922640789831
00.0000001640522820922640789831
00.0000001640522820922640789831
00.0000001640522820922640789831
00.0000001640522820922640789831
00.0000001640522820922640789831
00.0000001640522820922640789831
00.0000001640522820922640789831
00.0000001640522820922640789831
00.0000001640522820922640789831
00.0000001640522820922640789831
00.0000001640522820922640789831
00.0000001640522820922640789831
00.0000001640522820922640789831
00.0000001640522820922640789831
00.0000001640522820922640789831
00.0000001640522820922640789831
00.0000001640522820922640789831
00.0000001640522820922640789831
00.0000001640522820922640789831
00.0000001640522820922640789831
00.0000001640522820922640789831
00.0000001640522820922640789831
00.0000001640522820922640789831
00.0000001640522820922640789831
00.0000001640522820922640789831
00.0000001640522820922640789831
00.0000001640522820922640789831
00.0000001640522820922640789831
00.0000001640522820922640789831
00.0000001640522820922640789831
00.0000001640522820922640789831
00.0000001640522820922640789831
00.0000001640522820922640789831
00.0000001640522820922640789831
00.0000001640522820922640789831
00.0000001640522820922640789831
00.0000001640522820922640789831
00.0000001640522820922640789831
00.0000001640522820922640789831
00.0000001640522820922640789831
00.0000001640522820922640789831
00.0000001640522820922640789831
00.0000001640522820922640789831
00.0000001640522820922640789831
00.0000001640522820922640789831
00.0000001640522820922640789831
00.0000001640522820922640789831
00.0000001640522820922640789831
00.0000001640522820922640789831
00.0000001640522820922640789831
00.0000001640522820922640789831
00.0000001640522820922640789831
00.0000001640522820922640789831
00.0000001640522820922640789831
00.0000001640522820922640789831
00.0000001640522820922640789831
00.0000001640522820922640789831
00.0000001640522820922640789831
00.0000001640522820922640789831
00.0000001640522820922640789831
00.0000001640522820922640789831
00.0000001640522820922640789831
00.0000001640522820922640789831
00.0000001640522820922640789831
00.0000001640522820922640789831
00.0000001640522820922640789831
00.0000001640522820922640789831
00.0000001640522820922640789831
00.0000001640522820922640789831
00.0000001640522820922640789831
00.0000001640522820922640789831
00.0000001640522820922640789831
00.0000001640522820922640789831
00.0000001640522820922640789831
00.0000001640522820922640789831
00.0000001640522820922640789831
00.0000001640522820922640789831
00.0000001640522820922640789831
00.0000001640522820922640789831
00.0000001640522820922640789831
00.0000001640522820922640789831
00.0000001640522820922640789831
00.0000001640522820922640789831
00.0000001640522820922640789831
00.0000001640522820922640789831
00.0000001640522820922640789831
00.0000001640522820922640789831
00.0000001640522820922640789831
00.0000001640522820922640789831
00.0000001640522820922640789831
00.0000001640522820922640789831
00.0000001640522820922640789831
00.0000001640522820922640789831
00.0000001640522820922640789831
00.0000001640522820922640789831
00.0000001640522820922640789831
00.0000001640522820922640789831
00.0000001640522820922640789831
00.0000001640522820922640789831
00.0000001640522820922640789831
00.0000001640522820922640789831
00.0000001640522820922640789831
00.0000001640522820922640789831
00.0000001640522820922640789831
00.0000001640522820922640789831
00.0000001640522820922640789831
00.0000001640522820922640789831
00.0000001640522820922640789831
00.0000001640522820922640789831
00.0000001640522820922640789831
00.0000001640522820922640789831
00.0000001640522820922640789831
00.0000001640522820922640789831
00.0000001640522820922640789831
00.0000001640522820922640789831
00.0000001640522820922640789831
00.0000001640522820922640789831
00.0000001640522820922640789831
00.0000001640522820922640789831
00.0000001640522820922640789831
00.0000001640522820922640789831
00.0000001640522820922640789831
00.0000001640522820922640789831
00.0000001640522820922640789831
00.0000001640522820922640789831
00.0000001640522820922640789831
00.0000001640522820922640789831
00.0000001640522820922640789831
00.0000001640522820922640789831
00.0000001640522820922640789831
00.0000001640522820922640789831
00.0000001640522820922640789831
00.0000001640522820922640789831
00.0000001640522820922640789831
00.0000001640522820922640789831
00.0000001640522820922640789831
00.0000001640522820922640789831
00.0000001640522820922640789831
00.0000001640522820922640789831
00.0000001640522820922640789831
00.0000001640522820922640789831
00.0000001640522820922640789831
00.0000001640522820922640789831
00.0000001640522820922640789831
00.0000001640522820922640789831
00.0000001640522820922640789831
00.0000001640522820922640789831
00.0000001640522820922640789831
00.0000001640522820922640789831
00.0000001640522820922640789831
00.0000001640522820922640789831
00.0000001640522820922640789831
00.0000001640522820922640789831
00.0000001640522820922640789831
00.0000001640522820922640789831
00.0000001640522820922640789831
00.0000001640522820922640789831
00.0000001640522820922640789831
00.0000001640522820922640789831
00.0000001640522820922640789831
00.0000001640522820922640789831
00.0000001640522820922640789831
00.0000001640522820922640789831
00.0000001640522820922640789831
00.0000001640522820922640789831
00.0000001640522820922640789831
00.0000001640522820922640789831
00.0000001640522820922640789831
00.0000001640522820922640789831
00.0000001640522820922640789831
00.0000001640522820922640789831
00.0000001640522820922640789831
00.0000001640522820922640789831
00.0000001640522820922640789831
00.0000001640522820922640789831
00.0000001640522820922640789831
00.0000001640522820922640789831
00.0000001640522820922640789831
00.0000001640522820922640789831
00.0000001640522820922640789831
00.0000001640522820922640789831
00.0000001640522820922640789831
00.0000001640522820922640789831
00.0000001640522820922640789831
00.0000001640522820922640789831
00.0000001640522820922640789831
00.0000001640522820922640789831
00.0000001640522820922640789831
00.0000001640522820922640789831
00.0000001640522820922640789831
00.0000001640522820922640789831
00.0000001640522820922640789831
00.0000001640522820922640789831
00.0000001640522820922640789831
00.0000001640522820922640789831
00.0000001640522820922640789831
00.0000001640522820922640789831
00.0000001640522820922640789831
00.0000001640522820922640789831
00.0000001640522820922640789831
00.0000001640522820922640789831
00.0000001640522820922640789831
00.0000001640522820922640789831
00.0000001640522820922640789831
00.0000001640522820922640789831
00.0000001640522820922640789831
00.0000001640522820922640789831
00.0000001640522820922640789831
00.0000001640522820922640789831
00.0000001640522820922640789831
00.0000001640522820922640789831
00.0000001640522820922640789831
00.0000001640522820922640789831
00.0000001640522820922640789831
00.0000001640522820922640789831
00.0000001640522820922640789831
00.0000001640522820922640789831
00.0000001640522820922640789831
00.0000001640522820922640789831
00.0000001640522820922640789831
00.0000001640522820922640789831
00.0000001640522820922640789831
00.0000001640522820922640789831
00.0000001640522820922640789831
00.0000001640522820922640789831
00.0000001640522820922640789831
00.0000001640522820922640789831
00.0000001640522820922640789831
00.0000001640522820922640789831
00.0000001640522820922640789831
00.0000001640522820922640789831
00.0000001640522820922640789831
00.0000001640522820922640789831
00.0000001640522820922640789831
00.0000001640522820922640789831
00.0000001640522820922640789831
00.0000001640522820922640789831
00.0000001640522820922640789831
00.0000001640522820922640789831
00.0000001640522820922640789831
00.0000001640522820922640789831
00.0000001640522820922640789831
00.0000001640522820922640789831
00.0000001640522820922640789831
00.0000001640522820922640789831
00.0000001640522820922640789831
00.0000001640522820922640789831
00.0000001640522820922640789831
00.0000001640522820922640789831
00.0000001640522820922640789831
00.0000001640522820922640789831
00.0000001640522820922640789831
00.0000001640522820922640789831
00.0000001640522820922640789831
00.0000001640522820922640789831
00.0000001640522820922640789831
00.0000001640522820922640789831
00.0000001640522820922640789831
00.0000001640522820922640789831
00.0000001640522820922640789831
00.0000001640522820922640789831
00.0000001640522820922640789831
00.0000001640522820922640789831
00.0000001640522820922640789831
00.0000001640522820922640789831
00.0000001640522820922640789831
00.0000001640522820922640789831
00.0000001640522820922640789831
00.0000001640522820922640789831
00.0000001640522820922640789831
00.0000001640522820922640789831
00.0000001640522820922640789831
00.0000001640522820922640789831
00.0000001640522820922640789831
00.0000001640522820922640789831
00.0000001640522820922640789831
00.0000001640522820922640789831
00.0000001640522820922640789831
00.0000001640522820922640789831
00.0000001640522820922640789831
00.0000001640522820922640789831
00.0000001640522820922640789831
00.0000001640522820922640789831
00.0000001640522820922640789831
00.0000001640522820922640789831
00.0000001640522820922640789831
00.0000001640522820922640789831
00.0000001640522820922640789831
00.0000001640522820922640789831
00.0000001640522820922640789831
00.0000001640522820922640789831
00.0000001640522820922640789831
00.0000001640522820922640789831
00.0000001640522820922640789831
00.0000001640522820922640789831
00.0000001640522820922640789831
00.0000001640522820922640789831
00.0000001640522820922640789831
00.0000001640522820922640789831
00.0000001640522820922640789831
00.0000001640522820922640789831
00.0000001640522820922640789831
00.0000001640522820922640789831
00.0000001640522820922640789831
00.0000001640522820922640789831
00.0000001640522820922640789831
00.0000001640522820922640789831
00.0000001640522820922640789831
00.0000001640522820922640789831
00.0000001640522820922640789831
00.0000001640522820922640789831
00.0000001640522820922640789831
00.0000001640522820922640789831
00.0000001640522820922640789831
00.0000001640522820922640789831
00.0000001640522820922640789831
00.0000001640522820922640789831
00.0000001640522820922640789831
00.0000001640522820922640789831
00.0000001640522820922640789831
00.0000001640522820922640789831
00.0000001640522820922640789831
00.0000001640522820922640789831
00.0000001640522820922640789831
00.0000001640522820922640789831
00.0000001640522820922640789831
00.0000001640522820922640789831
00.0000001640522820922640789831
00.0000001640522820922640789831
00.0000001640522820922640789831
00.0000001640522820922640789831
00.0000001640522820922640789831
00.0000001640522820922640789831
00.0000001640522820922640789831
00.0000001640522820922640789831
00.0000001640522820922640789831
00.0000001640522820922640789831
00.0000001640522820922640789831
00.0000001640522820922640789831
00.0000001640522820922640789831
00.0000001640522820922640789831
00.0000001640522820922640789831
00.0000001640522820922640789831
00.0000001640522820922640789831
00.0000001640522820922640789831
00.0000001640522820922640789831
00.0000001640522820922640789831
00.0000001640522820922640789831
00.0000001640522820922640789831
00.0000001640522820922640789831
00.0000001640522820922640789831
00.0000001640522820922640789831
00.0000001640522820922640789831
00.0000001640522820922640789831
00.0000001640522820922640789831
00.0000001640522820922640789831
00.0000001640522820922640789831
00.0000001640522820922640789831
00.0000001640522820922640789831
00.0000001640522820922640789831
00.0000001640522820922640789831
00.0000001640522820922640789831
00.0000001640522820922640789831
00.0000001640522820922640789831
00.0000001640522820922640789831
00.0000001640522820922640789831
00.0000001640522820922640789831
00.0000001640522820922640789831
00.0000001640522820922640789831
00.0000001640522820922640789831
00.0000001640522820922640789831
00.0000001640522820922640789831
00.0000001640522820922640789831
00.0000001640522820922640789831
00.0000001640522820922640789831
00.0000001640522820922640789831
00.0000001640522820922640789831
00.0000001640522820922640789831
00.0000001640522820922640789831
00.0000001640522820922640789831
00.0000001640522820922640789831
00.0000001640522820922640789831
00.0000001640522820922640789831
00.0000001640522820922640789831
00.0000001640522820922640789831
00.0000001640522820922640789831
00.0000001640522820922640789831
00.0000001640522820922640789831
00.0000001640522820922640789831
00.0000001640522820922640789831
00.0000001640522820922640789831
00.0000001640522820922640789831
00.0000001640522820922640789831
00.0000001640522820922640789831
00.0000001640522820922640789831
00.0000001640522820922640789831
00.0000001640522820922640789831
00.0000001640522820922640789831
00.0000001640522820922640789831
00.0000001640522820922640789831
00.0000001640522820922640789831
00.0000001640522820922640789831
00.0000001640522820922640789831
00.0000001640522820922640789831
00.0000001640522820922640789831
00.0000001640522820922640789831
00.0000001640522820922640789831
00.0000001640522820922640789831
00.0000001640522820922640789831
00.0000001640522820922640789831
00.0000001640522820922640789831
00.0000001640522820922640789831
00.0000001640522820922640789831
00.0000001640522820922640789831
00.0000001640522820922640789831
00.0000001640522820922640789831
00.0000001640522820922640789831
00.0000001640522820922640789831
00.0000001640522820922640789831
00.0000001640522820922640789831
00.0000001640522820922640789831
00.0000001640522820922640789831
00.0000001640522820922640789831
00.0000001640522820922640789831
00.0000001640522820922640789831
00.0000001640522820922640789831
00.0000001640522820922640789831
00.0000001640522820922640789831
00.0000001640522820922640789831
00.0000001640522820922640789831
00.0000001640522820922640789831
00.0000001640522820922640789831
00.0000001640522820922640789831
00.0000001640522820922640789831
00.0000001640522820922640789831
00.0000001640522820922640789831
00.0000001640522820922640789831
00.0000001640522820922640789831
00.0000001640522820922640789831
00.0000001640522820922640789831
00.0000001640522820922640789831
00.0000001640522820922640789831
00.0000001640522820922640789831
00.0000001640522820922640789831
00.0000001640522820922640789831
00.0000001640522820922640789831
00.0000001640522820922640789831
00.0000001640522820922640789831
00.0000001640522820922640789831
00.0000001640522820922640789831
00.0000001640522820922640789831
00.0000001640522820922640789831
00.0000001640522820922640789831
00.0000001640522820922640789831
00.0000001640522820922640789831
00.0000001640522820922640789831
00.0000001640522820922640789831
00.0000001640522820922640789831
00.0000001640522820922640789831
00.0000001640522820922640789831
00.0000001640522820922640789831
00.0000001640522820922640789831
00.0000001640522820922640789831
00.0000001640522820922640789831
00.0000001640522820922640789831
00.0000001640522820922640789831
00.0000001640522820922640789831
00.0000001640522820922640789831
00.0000001640522820922640789831
00.0000001640522820922640789831
00.0000001640522820922640789831
00.0000001640522820922640789831
00.0000001640522820922640789831
00.0000001640522820922640789831
00.0000001640522820922640789831
00.0000001640522820922640789831
00.0000001640522820922640789831
00.0000001640522820922640789831
00.0000001640522820922640789831
00.0000001640522820922640789831
00.0000001640522820922640789831
00.0000001640522820922640789831
00.0000001640522820922640789831
00.0000001640522820922640789831
00.0000001640522820922640789831
00.0000001640522820922640789831
00.0000001640522820922640789831
00.0000001640522820922640789831
00.0000001640522820922640789831
00.0000001640522820922640789831
00.0000001640522820922640789831
00.0000001640522820922640789831
00.0000001640522820922640789831
00.0000001640522820922640789831
00.0000001640522820922640789831
00.0000001640522820922640789831
00.0000001640522820922640789831
00.0000001640522820922640789831
00.0000001640522820922640789831
00.0000001640522820922640789831
00.0000001640522820922640789831
00.0000001640522820922640789831
00.0000001640522820922640789831
00.0000001640522820922640789831
00.0000001640522820922640789831
00.0000001640522820922640789831
00.0000001640522820922640789831
00.0000001640522820922640789831
00.0000001640522820922640789831
00.0000001640522820922640789831
00.0000001640522820922640789831
00.0000001640522820922640789831
00.0000001640522820922640789831
00.0000001640522820922640789831
00.0000001640522820922640789831
00.0000001640522820922640789831
00.0000001640522820922640789831
00.0000001640522820922640789831
00.0000001640522820922640789831
00.0000001640522820922640789831
00.0000001640522820922640789831
00.0000001640522820922640789831
00.0000001640522820922640789831
00.0000001640522820922640789831
00.0000001640522820922640789831
00.0000001640522820922640789831
00.0000001640522820922640789831
00.0000001640522820922640789831
00.0000001640522820922640789831
00.0000001640522820922640789831
00.0000001640522820922640789831
00.0000001640522820922640789831
00.0000001640522820922640789831
00.0000001640522820922640789831
00.0000000344362648396767667691
00.0000000344362648396767667691
00.0000000344362648396767667691
00.0000000344362648396767667691
00.0000000344362648396767667691
00.0000000344362648396767667691
00.0000000344362648396767667691
00.0000000344362648396767667691
00.0000000344362648396767667691
00.0000000344362648396767667691
00.0000000344362648396767667691
00.0000000344362648396767667691
00.0000000344362648396767667691
00.0000000344362648396767667691
00.0000000344362648396767667691
00.0000000344362648396767667691
00.0000000344362648396767667691
00.0000000344362648396767667691
00.0000000344362648396767667691
00.0000000344362648396767667691
00.0000000344362648396767667691
00.0000000344362648396767667691
00.0000000344362648396767667691
00.0000000344362648396767667691
00.0000000344362648396767667691
00.0000000344362648396767667691
00.0000000344362648396767667691
00.0000000344362648396767667691
00.0000000344362648396767667691
00.0000000344362648396767667691
00.0000000344362648396767667691
00.0000000344362648396767667691
00.0000000344362648396767667691
00.0000000344362648396767667691
00.0000000344362648396767667691
00.0000000344362648396767667691
00.0000000344362648396767667691
00.0000000344362648396767667691
00.0000000344362648396767667691
00.0000000344362648396767667691
00.0000000344362648396767667691
00.0000000344362648396767667691
00.0000000344362648396767667691
00.0000000344362648396767667691
00.0000000344362648396767667691
00.0000000344362648396767667691
00.0000000344362648396767667691
00.0000000344362648396767667691
00.0000000344362648396767667691
00.0000000344362648396767667691
00.0000000344362648396767667691
00.0000000344362648396767667691
00.0000000344362648396767667691
00.0000000344362648396767667691
00.0000000344362648396767667691
00.0000000344362648396767667691
00.0000000344362648396767667691
00.0000000344362648396767667691
00.0000000344362648396767667691
00.0000000344362648396767667691
00.0000000344362648396767667691
00.0000000344362648396767667691
00.0000000344362648396767667691
00.0000000344362648396767667691
00.0000000344362648396767667691
00.0000000344362648396767667691
00.0000000344362648396767667691
00.0000000344362648396767667691
00.0000000344362648396767667691
00.0000000344362648396767667691
00.0000000344362648396767667691
00.0000000344362648396767667691
00.0000000344362648396767667691
00.0000000344362648396767667691
00.0000000344362648396767667691
00.0000000344362648396767667691
00.0000000344362648396767667691
00.0000000344362648396767667691
00.0000000344362648396767667691
00.0000000344362648396767667691
00.0000000344362648396767667691
00.0000000344362648396767667691
00.0000000344362648396767667691
00.0000000344362648396767667691
00.0000000344362648396767667691
00.0000000344362648396767667691
00.0000000344362648396767667691
00.0000000344362648396767667691
00.0000000344362648396767667691
00.0000000344362648396767667691
00.0000000344362648396767667691
00.0000000344362648396767667691
00.0000000344362648396767667691
00.0000000344362648396767667691
00.0000000344362648396767667691
00.0000000344362648396767667691
00.0000000344362648396767667691
00.0000000344362648396767667691
00.0000000344362648396767667691
00.0000000344362648396767667691
00.0000000344362648396767667691
00.0000000344362648396767667691
00.0000000344362648396767667691
00.0000000344362648396767667691
00.0000000344362648396767667691
00.0000000344362648396767667691
00.0000000344362648396767667691
00.0000000344362648396767667691
00.0000000344362648396767667691
00.0000000344362648396767667691
00.0000000344362648396767667691
00.0000000344362648396767667691
00.0000000344362648396767667691
00.0000000344362648396767667691
00.0000000344362648396767667691
00.0000000344362648396767667691
00.0000000344362648396767667691
00.0000000344362648396767667691
00.0000000344362648396767667691
00.0000000344362648396767667691
00.0000000344362648396767667691
00.0000000344362648396767667691
00.0000000344362648396767667691
00.0000000344362648396767667691
00.0000000344362648396767667691
00.0000000344362648396767667691
00.0000000344362648396767667691
00.0000000344362648396767667691
00.0000000344362648396767667691
00.0000000344362648396767667691
00.0000000344362648396767667691
00.0000000344362648396767667691
00.0000000344362648396767667691
00.0000000344362648396767667691
00.0000000344362648396767667691
00.0000000344362648396767667691
00.0000000344362648396767667691
00.0000000344362648396767667691
00.0000000344362648396767667691
00.0000000344362648396767667691
00.0000000344362648396767667691
00.0000000344362648396767667691
00.0000000344362648396767667691
00.0000000344362648396767667691
00.0000000344362648396767667691
00.0000000344362648396767667691
00.0000000344362648396767667691
00.0000000344362648396767667691
00.0000000344362648396767667691
00.0000000344362648396767667691
00.0000000344362648396767667691
00.0000000344362648396767667691
00.0000000344362648396767667691
00.0000000344362648396767667691
00.0000000344362648396767667691
00.0000000344362648396767667691
00.0000000344362648396767667691
00.0000000344362648396767667691
00.0000000344362648396767667691
00.0000000344362648396767667691
00.0000000344362648396767667691
00.0000000344362648396767667691
00.0000000344362648396767667691
00.0000000344362648396767667691
00.0000000344362648396767667691
00.0000000344362648396767667691
00.0000000344362648396767667691
00.0000000344362648396767667691
00.0000000344362648396767667691
00.0000000344362648396767667691
00.0000000344362648396767667691
00.0000000344362648396767667691
00.0000000344362648396767667691
00.0000000344362648396767667691
00.0000000344362648396767667691
00.0000000344362648396767667691
00.0000000344362648396767667691
00.0000000344362648396767667691
00.0000000344362648396767667691
00.0000000344362648396767667691
00.0000000344362648396767667691
00.0000000344362648396767667691
00.0000000344362648396767667691
00.0000000344362648396767667691
00.0000000344362648396767667691
00.0000000344362648396767667691
00.0000000344362648396767667691
00.0000000344362648396767667691
00.0000000344362648396767667691
00.0000000344362648396767667691
00.0000000344362648396767667691
00.0000000344362648396767667691
00.0000000344362648396767667691
00.0000000344362648396767667691
00.0000000344362648396767667691
00.0000000344362648396767667691
00.0000000344362648396767667691
00.0000000344362648396767667691
00.0000000344362648396767667691
00.0000000344362648396767667691
00.0000000344362648396767667691
00.0000000344362648396767667691
00.0000000344362648396767667691
00.0000000344362648396767667691
00.0000000344362648396767667691
00.0000000344362648396767667691
00.0000000344362648396767667691
00.0000000344362648396767667691
00.0000000344362648396767667691
00.0000000344362648396767667691
00.0000000344362648396767667691
00.0000000344362648396767667691
00.0000000344362648396767667691
00.0000000344362648396767667691
00.0000000344362648396767667691
00.0000000344362648396767667691
00.0000000344362648396767667691
00.0000000344362648396767667691
00.0000000344362648396767667691
00.0000000344362648396767667691
00.0000000344362648396767667691
00.0000000344362648396767667691
00.0000000344362648396767667691
00.0000000344362648396767667691
00.0000000344362648396767667691
00.0000000344362648396767667691
00.0000000344362648396767667691
00.0000000344362648396767667691
00.0000000344362648396767667691
00.0000000344362648396767667691
00.0000000344362648396767667691
00.0000000344362648396767667691
00.0000000344362648396767667691
00.0000000344362648396767667691
00.0000000344362648396767667691
00.0000000344362648396767667691
00.0000000344362648396767667691
00.0000000344362648396767667691
00.0000000344362648396767667691
00.0000000344362648396767667691
00.0000000344362648396767667691
00.0000000344362648396767667691
00.0000000344362648396767667691
00.0000000344362648396767667691
00.0000000344362648396767667691
00.0000000344362648396767667691
00.0000000344362648396767667691
00.0000000344362648396767667691
00.0000000344362648396767667691
00.0000000344362648396767667691
00.0000000344362648396767667691
00.0000000344362648396767667691
00.0000000344362648396767667691
00.0000000344362648396767667691
00.0000000344362648396767667691
00.0000000344362648396767667691
00.0000000344362648396767667691
00.0000000344362648396767667691
00.0000000344362648396767667691
00.0000000344362648396767667691
00.0000000344362648396767667691
00.0000000344362648396767667691
00.0000000344362648396767667691
00.0000000344362648396767667691
00.0000000344362648396767667691
00.0000000344362648396767667691
00.0000000344362648396767667691
00.0000000344362648396767667691
00.0000000344362648396767667691
00.0000000344362648396767667691
00.0000000344362648396767667691
00.0000000344362648396767667691
00.0000000344362648396767667691
00.0000000344362648396767667691
00.0000000344362648396767667691
00.0000000344362648396767667691
00.0000000344362648396767667691
00.0000000344362648396767667691
00.0000000344362648396767667691
00.0000000344362648396767667691
00.0000000344362648396767667691
00.0000000344362648396767667691
00.0000000344362648396767667691
00.0000000344362648396767667691
00.0000000344362648396767667691
00.0000000344362648396767667691
00.0000000344362648396767667691
00.0000000344362648396767667691
00.0000000344362648396767667691
00.0000000344362648396767667691
00.0000000344362648396767667691
00.0000000344362648396767667691
00.0000000344362648396767667691
00.0000000344362648396767667691
00.0000000344362648396767667691
00.0000000344362648396767667691
00.0000000344362648396767667691
00.0000000344362648396767667691
00.0000000344362648396767667691
00.0000000344362648396767667691
00.0000000344362648396767667691
00.0000000344362648396767667691
00.0000000344362648396767667691
00.0000000344362648396767667691
00.0000000344362648396767667691
00.0000000344362648396767667691
00.0000000344362648396767667691
00.0000000344362648396767667691
00.0000000344362648396767667691
00.0000000344362648396767667691
00.0000000344362648396767667691
00.0000000344362648396767667691
00.0000000344362648396767667691
00.0000000344362648396767667691
00.0000000344362648396767667691
00.0000000344362648396767667691
00.0000000344362648396767667691
00.0000000344362648396767667691
00.0000000344362648396767667691
00.0000000344362648396767667691
00.0000000344362648396767667691
00.0000000344362648396767667691
00.0000000344362648396767667691
00.0000000344362648396767667691
00.0000000344362648396767667691
00.0000000344362648396767667691
00.0000000344362648396767667691
00.0000000344362648396767667691
00.0000000344362648396767667691
00.0000000344362648396767667691
00.0000000344362648396767667691
00.0000000344362648396767667691
00.0000000344362648396767667691
00.0000000344362648396767667691
00.0000000344362648396767667691
00.0000000344362648396767667691
00.0000000344362648396767667691
00.0000000344362648396767667691
00.0000000344362648396767667691
00.0000000344362648396767667691
00.0000000344362648396767667691
00.0000000344362648396767667691
00.0000000344362648396767667691
00.0000000344362648396767667691
00.0000000344362648396767667691
00.0000000344362648396767667691
00.0000000344362648396767667691
00.0000000344362648396767667691
00.0000000344362648396767667691
00.0000000344362648396767667691
00.0000000344362648396767667691
00.0000000344362648396767667691
00.0000000344362648396767667691
00.0000000344362648396767667691
00.0000000344362648396767667691
00.0000000344362648396767667691
00.0000000344362648396767667691
00.0000000344362648396767667691
00.0000000344362648396767667691
00.0000000344362648396767667691
00.0000000344362648396767667691
00.0000000344362648396767667691
00.0000000344362648396767667691
00.0000000344362648396767667691
00.0000000344362648396767667691
00.0000000344362648396767667691
00.0000000344362648396767667691
00.0000000344362648396767667691
00.0000000344362648396767667691
00.0000000344362648396767667691
00.0000000344362648396767667691
00.0000000344362648396767667691
00.0000000344362648396767667691
00.0000000344362648396767667691
00.0000000344362648396767667691
00.0000000344362648396767667691
00.0000000344362648396767667691
00.0000000344362648396767667691
00.0000000344362648396767667691
00.0000000344362648396767667691
00.0000000344362648396767667691
00.0000000344362648396767667691
00.0000000344362648396767667691
00.0000000344362648396767667691
00.0000000344362648396767667691
00.0000000344362648396767667691
00.0000000344362648396767667691
00.0000000344362648396767667691
00.0000000344362648396767667691
00.0000000344362648396767667691
00.0000000344362648396767667691
00.0000000344362648396767667691
00.0000000344362648396767667691
00.0000000344362648396767667691
00.0000000344362648396767667691
00.0000000344362648396767667691
00.0000000344362648396767667691
00.0000000344362648396767667691
00.0000000344362648396767667691
00.0000000344362648396767667691
00.0000000344362648396767667691
00.0000000344362648396767667691
00.0000000344362648396767667691
00.0000000344362648396767667691
00.0000000344362648396767667691
00.0000000344362648396767667691
00.0000000344362648396767667691
00.0000000344362648396767667691
00.0000000344362648396767667691
00.0000000344362648396767667691
00.0000000344362648396767667691
00.0000000344362648396767667691
00.0000000344362648396767667691
00.0000000344362648396767667691
00.0000000344362648396767667691
00.0000000344362648396767667691
00.0000000344362648396767667691
00.0000000344362648396767667691
00.0000000344362648396767667691
00.0000000344362648396767667691
00.0000000344362648396767667691
00.0000000344362648396767667691
00.0000000344362648396767667691
00.0000000344362648396767667691
00.0000000344362648396767667691
00.0000000344362648396767667691
00.0000000344362648396767667691
00.0000000344362648396767667691
00.0000000344362648396767667691
00.0000000344362648396767667691
00.0000000344362648396767667691
00.0000000344362648396767667691
00.0000000344362648396767667691
00.0000000344362648396767667691
00.0000000344362648396767667691
00.0000000344362648396767667691
00.0000000344362648396767667691
00.0000000344362648396767667691
00.0000000344362648396767667691
00.0000000344362648396767667691
00.0000000344362648396767667691
00.0000000344362648396767667691
00.0000000344362648396767667691
00.0000000344362648396767667691
00.0000000344362648396767667691
00.0000000344362648396767667691
00.0000000344362648396767667691
00.0000000344362648396767667691
00.0000000344362648396767667691
00.0000000344362648396767667691
00.0000000344362648396767667691
00.0000000344362648396767667691
00.0000000344362648396767667691
00.0000000344362648396767667691
00.0000000344362648396767667691
00.0000000344362648396767667691
00.0000000344362648396767667691
00.0000000344362648396767667691
00.0000000344362648396767667691
00.0000000344362648396767667691
00.0000000344362648396767667691
00.0000000344362648396767667691
00.0000000344362648396767667691
00.0000000344362648396767667691
00.0000000344362648396767667691
00.0000000344362648396767667691
00.0000000344362648396767667691
00.0000000344362648396767667691
00.0000000344362648396767667691
00.0000000344362648396767667691
00.0000000344362648396767667691
00.0000000344362648396767667691
00.0000000344362648396767667691
00.0000000344362648396767667691
00.0000000344362648396767667691
00.0000000344362648396767667691
00.0000000344362648396767667691
00.0000000344362648396767667691
00.0000000344362648396767667691
00.0000000344362648396767667691
00.0000000344362648396767667691
00.0000000344362648396767667691
00.0000000344362648396767667691
00.0000000344362648396767667691
00.0000000344362648396767667691
00.0000000344362648396767667691
00.0000000344362648396767667691
00.0000000344362648396767667691
00.0000000344362648396767667691
00.0000000344362648396767667691
00.0000000344362648396767667691
00.0000000344362648396767667691
00.0000000344362648396767667691
00.0000000344362648396767667691
00.0000000344362648396767667691
00.0000000344362648396767667691
00.0000000344362648396767667691
00.0000000344362648396767667691
00.0000000344362648396767667691
00.0000000344362648396767667691
00.0000000344362648396767667691
00.0000000344362648396767667691
00.0000000344362648396767667691
00.0000000344362648396767667691
00.0000000344362648396767667691
00.0000000344362648396767667691
00.0000000344362648396767667691
00.0000000344362648396767667691
00.0000000344362648396767667691
00.0000000344362648396767667691
00.0000000344362648396767667691
00.0000000344362648396767667691
00.0000000344362648396767667691
00.0000000344362648396767667691
00.0000000344362648396767667691
00.0000000344362648396767667691
00.0000000344362648396767667691
00.0000000344362648396767667691
00.0000000344362648396767667691
00.0000000344362648396767667691
00.0000000344362648396767667691
00.0000000344362648396767667691
00.0000000344362648396767667691
00.0000000344362648396767667691
00.0000000344362648396767667691
00.0000000344362648396767667691
00.0000000344362648396767667691
00.0000000344362648396767667691
00.0000000344362648396767667691
00.0000000344362648396767667691
00.0000000344362648396767667691
00.0000000344362648396767667691
00.0000000344362648396767667691
00.0000000344362648396767667691
00.0000000344362648396767667691
00.0000000344362648396767667691
00.0000000344362648396767667691
00.0000000344362648396767667691
00.0000000344362648396767667691
00.0000000344362648396767667691
00.0000000344362648396767667691
00.0000000344362648396767667691
00.0000000344362648396767667691
00.0000000344362648396767667691
00.0000000344362648396767667691
00.0000000344362648396767667691
00.0000000344362648396767667691
00.0000000344362648396767667691
00.0000000344362648396767667691
00.0000000344362648396767667691
00.0000000344362648396767667691
00.0000000344362648396767667691
00.0000000344362648396767667691
00.0000000344362648396767667691
00.0000000344362648396767667691
00.0000000344362648396767667691
00.0000000344362648396767667691
00.0000000344362648396767667691
00.0000000344362648396767667691
00.0000000344362648396767667691
00.0000000344362648396767667691
00.0000000344362648396767667691
00.0000000344362648396767667691
00.0000000344362648396767667691
00.0000000344362648396767667691
00.0000000344362648396767667691
00.0000000344362648396767667691
00.0000000344362648396767667691
00.0000000344362648396767667691
00.0000000344362648396767667691
00.0000000344362648396767667691
00.0000000344362648396767667691
00.0000000344362648396767667691
00.0000000344362648396767667691
00.0000000344362648396767667691
00.0000000344362648396767667691
00.0000000344362648396767667691
00.0000000344362648396767667691
00.0000000344362648396767667691
00.0000000344362648396767667691
00.0000000344362648396767667691
00.0000000344362648396767667691
00.0000000344362648396767667691
00.0000000344362648396767667691
00.0000000344362648396767667691
00.0000000344362648396767667691
00.0000000344362648396767667691
00.0000000344362648396767667691
00.0000000344362648396767667691
00.0000000344362648396767667691
00.0000000344362648396767667691
00.0000000344362648396767667691
00.0000000344362648396767667691
00.0000000344362648396767667691
00.0000000344362648396767667691
00.0000000344362648396767667691
00.0000000344362648396767667691
00.0000000344362648396767667691
00.0000000344362648396767667691
00.0000000344362648396767667691
00.0000000344362648396767667691
00.0000000344362648396767667691
00.0000000344362648396767667691
00.0000000344362648396767667691
00.0000000344362648396767667691
00.0000000344362648396767667691
00.0000000344362648396767667691
00.0000000344362648396767667691
00.0000000344362648396767667691
00.0000000344362648396767667691
00.0000000344362648396767667691
00.0000000344362648396767667691
00.0000000344362648396767667691
00.0000000344362648396767667691
00.0000000344362648396767667691
00.0000000344362648396767667691
00.0000000344362648396767667691
00.0000000344362648396767667691
00.0000000344362648396767667691
00.0000000344362648396767667691
00.0000000344362648396767667691
00.0000000344362648396767667691
00.0000000344362648396767667691
00.0000000344362648396767667691
00.0000000344362648396767667691
00.0000000344362648396767667691
00.0000000344362648396767667691
00.0000000344362648396767667691
00.0000000344362648396767667691
00.0000000344362648396767667691
00.0000000344362648396767667691
00.0000000344362648396767667691
00.0000000344362648396767667691
00.0000000344362648396767667691
00.0000000344362648396767667691
00.0000000344362648396767667691
00.0000000344362648396767667691
00.0000000344362648396767667691
00.0000000344362648396767667691
00.0000000344362648396767667691
00.0000000344362648396767667691
00.0000000344362648396767667691
00.0000000344362648396767667691
00.0000000344362648396767667691
00.0000000344362648396767667691
00.0000000344362648396767667691
00.0000000344362648396767667691
00.0000000344362648396767667691
00.0000000344362648396767667691
00.0000000344362648396767667691
00.0000000344362648396767667691
00.0000000344362648396767667691
00.0000000344362648396767667691
00.0000000344362648396767667691
00.0000000344362648396767667691
00.0000000344362648396767667691
00.0000000344362648396767667691
00.0000000344362648396767667691
00.0000000344362648396767667691
00.0000000344362648396767667691
00.0000000344362648396767667691
00.0000000344362648396767667691
00.0000000344362648396767667691
00.0000000344362648396767667691
00.0000000344362648396767667691
00.0000000344362648396767667691
00.0000000344362648396767667691
00.0000000344362648396767667691
00.0000000344362648396767667691
00.0000000344362648396767667691
00.0000000344362648396767667691
00.0000000344362648396767667691
00.0000000344362648396767667691
00.0000000344362648396767667691
00.0000000344362648396767667691
00.0000000344362648396767667691
00.0000000344362648396767667691
00.0000000344362648396767667691
00.0000000344362648396767667691
00.0000000344362648396767667691
00.0000000344362648396767667691
00.0000000344362648396767667691
00.0000000344362648396767667691
00.0000000344362648396767667691
00.0000000344362648396767667691
00.0000000344362648396767667691
00.0000000344362648396767667691
00.0000000344362648396767667691
00.0000000344362648396767667691
00.0000000344362648396767667691
00.0000000344362648396767667691
00.0000000344362648396767667691
00.0000000344362648396767667691
00.0000000344362648396767667691
00.0000000344362648396767667691
00.0000000344362648396767667691
00.0000000344362648396767667691
00.0000000344362648396767667691
00.0000000344362648396767667691
00.0000000344362648396767667691
00.0000000344362648396767667691
00.0000000344362648396767667691
00.0000000344362648396767667691
00.0000000344362648396767667691
00.0000000344362648396767667691
00.0000000344362648396767667691
00.0000000344362648396767667691
00.0000000344362648396767667691
00.0000000344362648396767667691
00.0000000344362648396767667691
00.0000000344362648396767667691
00.0000000344362648396767667691
00.0000000344362648396767667691
00.0000000344362648396767667691
00.0000000344362648396767667691
00.0000000344362648396767667691
00.0000000344362648396767667691
00.0000000344362648396767667691
00.0000000344362648396767667691
00.0000000344362648396767667691
00.0000000344362648396767667691
00.0000000344362648396767667691
00.0000000344362648396767667691
00.0000000344362648396767667691
00.0000000344362648396767667691
00.0000000344362648396767667691
00.0000000344362648396767667691
00.0000000344362648396767667691
00.0000000344362648396767667691
00.0000000344362648396767667691
00.0000000344362648396767667691
00.0000000344362648396767667691
00.0000000344362648396767667691
00.0000000344362648396767667691
00.0000000344362648396767667691
00.0000000344362648396767667691
00.0000000344362648396767667691
00.0000000344362648396767667691
00.0000000344362648396767667691
00.0000000344362648396767667691
00.0000000344362648396767667691
00.0000000344362648396767667691
00.0000000344362648396767667691
00.0000000344362648396767667691
00.0000000344362648396767667691
00.0000000344362648396767667691
00.0000000344362648396767667691
00.0000000344362648396767667691
00.0000000344362648396767667691
00.0000000344362648396767667691
00.0000000344362648396767667691
00.0000000344362648396767667691
00.0000000344362648396767667691
00.0000000344362648396767667691
00.0000000344362648396767667691
00.0000000344362648396767667691
00.0000000344362648396767667691
00.0000000344362648396767667691
00.0000000344362648396767667691
00.0000000344362648396767667691
00.0000000344362648396767667691
00.0000000344362648396767667691
00.0000000344362648396767667691
00.0000000344362648396767667691
00.0000000344362648396767667691
00.0000000344362648396767667691
00.0000000344362648396767667691
00.0000000344362648396767667691
00.0000000344362648396767667691
00.0000000344362648396767667691
00.0000000344362648396767667691
00.0000000344362648396767667691
00.0000000344362648396767667691
00.0000000344362648396767667691
00.0000000344362648396767667691
00.0000000344362648396767667691
00.0000000344362648396767667691
00.0000000344362648396767667691
00.0000000344362648396767667691
00.0000000344362648396767667691
00.0000000344362648396767667691
00.0000000344362648396767667691
00.0000000344362648396767667691
00.0000000344362648396767667691
00.0000000344362648396767667691
00.0000000344362648396767667691
00.0000000344362648396767667691
00.0000000344362648396767667691
00.0000000344362648396767667691
00.0000000344362648396767667691
00.0000000344362648396767667691
00.0000000344362648396767667691
00.0000000344362648396767667691
00.0000000344362648396767667691
00.0000000344362648396767667691
00.0000000344362648396767667691
00.0000000344362648396767667691
00.0000000344362648396767667691
00.0000000344362648396767667691
00.0000000344362648396767667691
00.0000000344362648396767667691
00.0000000344362648396767667691
00.0000000344362648396767667691
00.0000000344362648396767667691
00.0000000344362648396767667691
00.0000000344362648396767667691
00.0000000344362648396767667691
00.0000000344362648396767667691
00.0000000344362648396767667691
00.0000000344362648396767667691
00.0000000344362648396767667691
00.0000000344362648396767667691
00.0000000344362648396767667691
00.0000000344362648396767667691
00.0000000344362648396767667691
00.0000000344362648396767667691
00.0000000344362648396767667691
00.0000000344362648396767667691
00.0000000344362648396767667691
00.0000000344362648396767667691
00.0000000344362648396767667691
00.0000000344362648396767667691
00.0000000344362648396767667691
00.0000000344362648396767667691
00.0000000344362648396767667691
00.0000000344362648396767667691
00.0000000344362648396767667691
00.0000000344362648396767667691
00.0000000344362648396767667691
00.0000000344362648396767667691
00.0000000344362648396767667691
00.0000000344362648396767667691
00.0000000344362648396767667691
00.0000000344362648396767667691
00.0000000344362648396767667691
00.0000000344362648396767667691
00.0000000344362648396767667691
00.0000000344362648396767667691
00.0000000344362648396767667691
00.0000000344362648396767667691
00.0000000344362648396767667691
00.0000000344362648396767667691
00.0000000344362648396767667691
00.0000000344362648396767667691
00.0000000344362648396767667691
00.0000000344362648396767667691
00.0000000344362648396767667691
00.0000000344362648396767667691
00.0000000344362648396767667691
00.0000000344362648396767667691
00.0000000344362648396767667691
00.0000000344362648396767667691
00.0000000344362648396767667691
00.0000000344362648396767667691
00.0000000344362648396767667691
00.0000000344362648396767667691
00.0000000344362648396767667691
00.0000000344362648396767667691
00.0000000344362648396767667691
00.0000000344362648396767667691
00.0000000344362648396767667691
00.0000000344362648396767667691
00.0000000344362648396767667691
00.0000000344362648396767667691
00.0000000344362648396767667691
00.0000000344362648396767667691
00.0000000344362648396767667691
00.0000000344362648396767667691
00.0000000344362648396767667691
00.0000000344362648396767667691
00.0000000344362648396767667691
00.0000000344362648396767667691
00.0000000344362648396767667691
00.0000000344362648396767667691
00.0000000344362648396767667691
00.0000000344362648396767667691
00.0000000344362648396767667691
00.0000000344362648396767667691
00.0000000344362648396767667691
00.0000000344362648396767667691
00.0000000344362648396767667691
00.0000000344362648396767667691
00.0000000344362648396767667691
00.0000000344362648396767667691
00.0000000344362648396767667691
00.0000000344362648396767667691
00.0000000344362648396767667691
00.0000000344362648396767667691
00.0000000344362648396767667691
00.0000000344362648396767667691
00.0000000344362648396767667691
00.0000000344362648396767667691
00.0000000344362648396767667691
00.0000000344362648396767667691
00.0000000344362648396767667691
00.0000000344362648396767667691
00.0000000344362648396767667691
00.0000000344362648396767667691
00.0000000344362648396767667691
00.0000000344362648396767667691
00.0000000344362648396767667691
00.0000000344362648396767667691
00.0000000344362648396767667691
00.0000000344362648396767667691
00.0000000344362648396767667691
00.0000000344362648396767667691
00.0000000344362648396767667691
00.0000000344362648396767667691
00.0000000344362648396767667691
00.0000000344362648396767667691
00.0000000344362648396767667691
00.0000000344362648396767667691
00.0000000344362648396767667691
00.0000000344362648396767667691
00.0000000344362648396767667691
00.0000000344362648396767667691
00.0000000344362648396767667691
00.0000000344362648396767667691
00.0000000344362648396767667691
00.0000000344362648396767667691
00.0000000344362648396767667691
00.0000000344362648396767667691
00.0000000344362648396767667691
00.0000000344362648396767667691
00.0000000344362648396767667691
00.0000000344362648396767667691
00.0000000344362648396767667691
00.0000000344362648396767667691
00.0000000344362648396767667691
00.0000000344362648396767667691
00.0000000344362648396767667691
00.0000000344362648396767667691
00.0000000344362648396767667691
00.0000000344362648396767667691
00.0000000344362648396767667691
00.0000000344362648396767667691
00.0000000344362648396767667691
00.0000000344362648396767667691
00.0000000344362648396767667691
00.0000000344362648396767667691
00.0000000344362648396767667691
00.0000000344362648396767667691
00.0000000344362648396767667691
00.0000000344362648396767667691
00.0000000344362648396767667691
00.0000000344362648396767667691
00.0000000344362648396767667691
00.0000000344362648396767667691
00.0000000344362648396767667691
00.0000000344362648396767667691
00.0000000344362648396767667691
00.0000000344362648396767667691
00.0000000344362648396767667691
00.0000000344362648396767667691
00.0000000344362648396767667691
00.0000000344362648396767667691
00.0000000344362648396767667691
00.0000000344362648396767667691
00.0000000344362648396767667691
00.0000000344362648396767667691
00.0000000344362648396767667691
00.0000000344362648396767667691
00.0000000344362648396767667691
00.0000000344362648396767667691
00.0000000344362648396767667691
00.0000000344362648396767667691
00.0000000344362648396767667691
00.0000000344362648396767667691
00.0000000344362648396767667691
00.0000000344362648396767667691
00.0000000344362648396767667691
00.0000000344362648396767667691
00.0000000344362648396767667691
00.0000000344362648396767667691
00.0000000344362648396767667691
00.0000000344362648396767667691
00.0000000344362648396767667691
00.0000000344362648396767667691
00.0000000344362648396767667691
00.0000000344362648396767667691
00.0000000344362648396767667691
00.0000000344362648396767667691
00.0000000344362648396767667691
00.0000000344362648396767667691
00.0000000344362648396767667691
00.0000000344362648396767667691
00.0000000344362648396767667691
00.0000000344362648396767667691
00.0000000344362648396767667691
00.0000000344362648396767667691
00.0000000344362648396767667691
00.0000000344362648396767667691
00.0000000344362648396767667691
00.0000000344362648396767667691
00.0000000344362648396767667691
00.0000000344362648396767667691
00.0000000344362648396767667691
00.0000000344362648396767667691
00.0000000344362648396767667691
00.0000000344362648396767667691
00.0000000254590010184685411332
00.0000000254590010184685411332
00.0000000254590010184685411332
00.0000000254590010184685411332
00.0000000254590010184685411332
00.0000000254590010184685411332
00.0000000254590010184685411332
00.0000000254590010184685411332
00.0000000254590010184685411332
00.0000000254590010184685411332
00.0000000254590010184685411332
00.0000000254590010184685411332
00.0000000254590010184685411332
00.0000000254590010184685411332
00.0000000254590010184685411332
00.0000000254590010184685411332
00.0000000254590010184685411332
00.0000000254590010184685411332
00.0000000254590010184685411332
00.0000000254590010184685411332
00.0000000254590010184685411332
00.0000000254590010184685411332
00.0000000254590010184685411332
00.0000000254590010184685411332
00.0000000254590010184685411332
00.0000000254590010184685411332
00.0000000254590010184685411332
00.0000000254590010184685411332
00.0000000254590010184685411332
00.0000000254590010184685411332
00.0000000254590010184685411332
00.0000000254590010184685411332
00.0000000254590010184685411332
00.0000000254590010184685411332
00.0000000254590010184685411332
00.0000000254590010184685411332
00.0000000254590010184685411332
00.0000000254590010184685411332
00.0000000254590010184685411332
00.0000000254590010184685411332
00.0000000254590010184685411332
00.0000000254590010184685411332
00.0000000254590010184685411332
00.0000000254590010184685411332
00.0000000254590010184685411332
00.0000000254590010184685411332
00.0000000254590010184685411332
00.0000000254590010184685411332
00.0000000254590010184685411332
00.0000000254590010184685411332
00.0000000254590010184685411332
00.0000000254590010184685411332
00.0000000254590010184685411332
00.0000000254590010184685411332
00.0000000254590010184685411332
00.0000000254590010184685411332
00.0000000254590010184685411332
00.0000000254590010184685411332
00.0000000254590010184685411332
00.0000000254590010184685411332
00.0000000254590010184685411332
00.0000000254590010184685411332
00.0000000254590010184685411332
00.0000000254590010184685411332
00.0000000254590010184685411332
00.0000000254590010184685411332
00.0000000254590010184685411332
00.0000000254590010184685411332
00.0000000254590010184685411332
00.0000000254590010184685411332
00.0000000254590010184685411332
00.0000000254590010184685411332
00.0000000254590010184685411332
00.0000000254590010184685411332
00.0000000254590010184685411332
00.0000000254590010184685411332
00.0000000254590010184685411332
00.0000000254590010184685411332
00.0000000254590010184685411332
00.0000000254590010184685411332
00.0000000254590010184685411332
00.0000000254590010184685411332
00.0000000254590010184685411332
00.0000000254590010184685411332
00.0000000254590010184685411332
00.0000000254590010184685411332
00.0000000254590010184685411332
00.0000000254590010184685411332
00.0000000254590010184685411332
00.0000000254590010184685411332
00.0000000254590010184685411332
00.0000000254590010184685411332
00.0000000254590010184685411332
00.0000000254590010184685411332
00.0000000254590010184685411332
00.0000000254590010184685411332
00.0000000254590010184685411332
00.0000000254590010184685411332
00.0000000254590010184685411332
00.0000000254590010184685411332
00.0000000254590010184685411332
00.0000000254590010184685411332
00.0000000254590010184685411332
00.0000000254590010184685411332
00.0000000254590010184685411332
00.0000000254590010184685411332
00.0000000254590010184685411332
00.0000000254590010184685411332
00.0000000254590010184685411332
00.0000000254590010184685411332
00.0000000254590010184685411332
00.0000000254590010184685411332
00.0000000254590010184685411332
00.0000000254590010184685411332
00.0000000254590010184685411332
00.0000000254590010184685411332
00.0000000254590010184685411332
00.0000000254590010184685411332
00.0000000254590010184685411332
00.0000000254590010184685411332
00.0000000254590010184685411332
00.0000000254590010184685411332
00.0000000254590010184685411332
00.0000000254590010184685411332
00.0000000254590010184685411332
00.0000000254590010184685411332
00.0000000254590010184685411332
00.0000000254590010184685411332
00.0000000254590010184685411332
00.0000000254590010184685411332
00.0000000254590010184685411332
00.0000000254590010184685411332
00.0000000254590010184685411332
00.0000000254590010184685411332
00.0000000254590010184685411332
00.0000000254590010184685411332
00.0000000254590010184685411332
00.0000000254590010184685411332
00.0000000254590010184685411332
00.0000000254590010184685411332
00.0000000254590010184685411332
00.0000000254590010184685411332
00.0000000254590010184685411332
00.0000000254590010184685411332
00.0000000254590010184685411332
00.0000000254590010184685411332
00.0000000254590010184685411332
00.0000000254590010184685411332
00.0000000254590010184685411332
00.0000000254590010184685411332
00.0000000254590010184685411332
00.0000000254590010184685411332
00.0000000254590010184685411332
00.0000000254590010184685411332
00.0000000254590010184685411332
00.0000000254590010184685411332
00.0000000254590010184685411332
00.0000000254590010184685411332
00.0000000254590010184685411332
00.0000000254590010184685411332
00.0000000254590010184685411332
00.0000000254590010184685411332
00.0000000254590010184685411332
00.0000000254590010184685411332
00.0000000254590010184685411332
00.0000000254590010184685411332
00.0000000254590010184685411332
00.0000000254590010184685411332
00.0000000254590010184685411332
00.0000000254590010184685411332
00.0000000254590010184685411332
00.0000000254590010184685411332
00.0000000254590010184685411332
00.0000000254590010184685411332
00.0000000254590010184685411332
00.0000000254590010184685411332
00.0000000254590010184685411332
00.0000000254590010184685411332
00.0000000254590010184685411332
00.0000000254590010184685411332
00.0000000254590010184685411332
00.0000000254590010184685411332
00.0000000254590010184685411332
00.0000000254590010184685411332
00.0000000254590010184685411332
00.0000000254590010184685411332
00.0000000254590010184685411332
00.0000000254590010184685411332
00.0000000254590010184685411332
00.0000000254590010184685411332
00.0000000254590010184685411332
00.0000000254590010184685411332
00.0000000254590010184685411332
00.0000000254590010184685411332
00.0000000254590010184685411332
00.0000000254590010184685411332
00.0000000254590010184685411332
00.0000000254590010184685411332
00.0000000254590010184685411332
00.0000000254590010184685411332
00.0000000254590010184685411332
00.0000000254590010184685411332
00.0000000254590010184685411332
00.0000000254590010184685411332
00.0000000254590010184685411332
00.0000000254590010184685411332
00.0000000254590010184685411332
00.0000000254590010184685411332
00.0000000254590010184685411332
00.0000000254590010184685411332
00.0000000254590010184685411332
00.0000000254590010184685411332
00.0000000254590010184685411332
00.0000000254590010184685411332
00.0000000254590010184685411332
00.0000000254590010184685411332
00.0000000254590010184685411332
00.0000000254590010184685411332
00.0000000254590010184685411332
00.0000000254590010184685411332
00.0000000254590010184685411332
00.0000000254590010184685411332
00.0000000254590010184685411332
00.0000000254590010184685411332
00.0000000254590010184685411332
00.0000000254590010184685411332
00.0000000254590010184685411332
00.0000000254590010184685411332
00.0000000254590010184685411332
00.0000000254590010184685411332
00.0000000254590010184685411332
00.0000000254590010184685411332
00.0000000254590010184685411332
00.0000000254590010184685411332
00.0000000254590010184685411332
00.0000000254590010184685411332
00.0000000254590010184685411332
00.0000000254590010184685411332
00.0000000254590010184685411332
00.0000000254590010184685411332
00.0000000254590010184685411332
00.0000000254590010184685411332
00.0000000254590010184685411332
00.0000000254590010184685411332
00.0000000254590010184685411332
00.0000000254590010184685411332
00.0000000254590010184685411332
00.0000000254590010184685411332
00.0000000254590010184685411332
00.0000000254590010184685411332
00.0000000254590010184685411332
00.0000000254590010184685411332
00.0000000254590010184685411332
00.0000000254590010184685411332
00.0000000254590010184685411332
00.0000000254590010184685411332
00.0000000254590010184685411332
00.0000000254590010184685411332
00.0000000254590010184685411332
00.0000000254590010184685411332
00.0000000254590010184685411332
00.0000000254590010184685411332
00.0000000254590010184685411332
00.0000000254590010184685411332
00.0000000254590010184685411332
00.0000000254590010184685411332
00.0000000254590010184685411332
00.0000000254590010184685411332
00.0000000254590010184685411332
00.0000000254590010184685411332
00.0000000254590010184685411332
00.0000000254590010184685411332
00.0000000254590010184685411332
00.0000000254590010184685411332
00.0000000254590010184685411332
00.0000000254590010184685411332
00.0000000254590010184685411332
00.0000000254590010184685411332
00.0000000254590010184685411332
00.0000000254590010184685411332
00.0000000254590010184685411332
00.0000000254590010184685411332
00.0000000254590010184685411332
00.0000000254590010184685411332
00.0000000254590010184685411332
00.0000000254590010184685411332
00.0000000254590010184685411332
00.0000000254590010184685411332
00.0000000254590010184685411332
00.0000000254590010184685411332
00.0000000254590010184685411332
00.0000000254590010184685411332
00.0000000254590010184685411332
00.0000000254590010184685411332
00.0000000254590010184685411332
00.0000000254590010184685411332
00.0000000254590010184685411332
00.0000000254590010184685411332
00.0000000254590010184685411332
00.0000000254590010184685411332
00.0000000254590010184685411332
00.0000000254590010184685411332
00.0000000254590010184685411332
00.0000000254590010184685411332
00.0000000254590010184685411332
00.0000000254590010184685411332
00.0000000254590010184685411332
00.0000000254590010184685411332
00.0000000254590010184685411332
00.0000000254590010184685411332
00.0000000254590010184685411332
00.0000000254590010184685411332
00.0000000254590010184685411332
00.0000000254590010184685411332
00.0000000254590010184685411332
00.0000000254590010184685411332
00.0000000254590010184685411332
00.0000000254590010184685411332
00.0000000254590010184685411332
00.0000000254590010184685411332
00.0000000254590010184685411332
00.0000000254590010184685411332
00.0000000254590010184685411332
00.0000000254590010184685411332
00.0000000254590010184685411332
00.0000000254590010184685411332
00.0000000254590010184685411332
00.0000000254590010184685411332
00.0000000254590010184685411332
00.0000000254590010184685411332
00.0000000254590010184685411332
00.0000000254590010184685411332
00.0000000254590010184685411332
00.0000000254590010184685411332
00.0000000254590010184685411332
00.0000000254590010184685411332
00.0000000254590010184685411332
00.0000000254590010184685411332
00.0000000254590010184685411332
00.0000000254590010184685411332
00.0000000254590010184685411332
00.0000000254590010184685411332
00.0000000254590010184685411332
00.0000000254590010184685411332
00.0000000254590010184685411332
00.0000000254590010184685411332
00.0000000254590010184685411332
00.0000000254590010184685411332
00.0000000254590010184685411332
00.0000000254590010184685411332
00.0000000254590010184685411332
00.0000000254590010184685411332
00.0000000254590010184685411332
00.0000000254590010184685411332
00.0000000254590010184685411332
00.0000000254590010184685411332
00.0000000254590010184685411332
00.0000000254590010184685411332
00.0000000254590010184685411332
00.0000000254590010184685411332
00.0000000254590010184685411332
00.0000000254590010184685411332
00.0000000254590010184685411332
00.0000000254590010184685411332
00.0000000254590010184685411332
00.0000000254590010184685411332
00.0000000254590010184685411332
00.0000000254590010184685411332
00.0000000254590010184685411332
00.0000000254590010184685411332
00.0000000254590010184685411332
00.0000000254590010184685411332
00.0000000254590010184685411332
00.0000000254590010184685411332
00.0000000254590010184685411332
00.0000000254590010184685411332
00.0000000254590010184685411332
00.0000000254590010184685411332
00.0000000254590010184685411332
00.0000000254590010184685411332
00.0000000254590010184685411332
00.0000000254590010184685411332
00.0000000254590010184685411332
00.0000000254590010184685411332
00.0000000254590010184685411332
00.0000000254590010184685411332
00.0000000254590010184685411332
00.0000000254590010184685411332
00.0000000254590010184685411332
00.0000000254590010184685411332
00.0000000254590010184685411332
00.0000000254590010184685411332
00.0000000254590010184685411332
00.0000000254590010184685411332
00.0000000254590010184685411332
00.0000000254590010184685411332
00.0000000254590010184685411332
00.0000000254590010184685411332
00.0000000254590010184685411332
00.0000000254590010184685411332
00.0000000254590010184685411332
00.0000000254590010184685411332
00.0000000254590010184685411332
00.0000000254590010184685411332
00.0000000254590010184685411332
00.0000000254590010184685411332
00.0000000254590010184685411332
00.0000000254590010184685411332
00.0000000254590010184685411332
00.0000000254590010184685411332
00.0000000254590010184685411332
00.0000000254590010184685411332
00.0000000254590010184685411332
00.0000000254590010184685411332
00.0000000254590010184685411332
00.0000000254590010184685411332
00.0000000254590010184685411332
00.0000000254590010184685411332
00.0000000254590010184685411332
00.0000000254590010184685411332
00.0000000254590010184685411332
00.0000000254590010184685411332
00.0000000254590010184685411332
00.0000000254590010184685411332
00.0000000254590010184685411332
00.0000000254590010184685411332
00.0000000254590010184685411332
00.0000000254590010184685411332
00.0000000254590010184685411332
00.0000000254590010184685411332
00.0000000254590010184685411332
00.0000000254590010184685411332
00.0000000254590010184685411332
00.0000000254590010184685411332
00.0000000254590010184685411332
00.0000000254590010184685411332
00.0000000254590010184685411332
00.0000000254590010184685411332
00.0000000254590010184685411332
00.0000000254590010184685411332
00.0000000254590010184685411332
00.0000000254590010184685411332
00.0000000254590010184685411332
00.0000000254590010184685411332
00.0000000254590010184685411332
00.0000000254590010184685411332
00.0000000254590010184685411332
00.0000000254590010184685411332
00.0000000254590010184685411332
00.0000000254590010184685411332
00.0000000254590010184685411332
00.0000000254590010184685411332
00.0000000254590010184685411332
00.0000000254590010184685411332
00.0000000254590010184685411332
00.0000000254590010184685411332
00.0000000254590010184685411332
00.0000000254590010184685411332
00.0000000254590010184685411332
00.0000000254590010184685411332
00.0000000254590010184685411332
00.0000000254590010184685411332
00.0000000254590010184685411332
00.0000000254590010184685411332
00.0000000254590010184685411332
00.0000000254590010184685411332
00.0000000254590010184685411332
00.0000000254590010184685411332
00.0000000254590010184685411332
00.0000000254590010184685411332
00.0000000254590010184685411332
00.0000000254590010184685411332
00.0000000254590010184685411332
00.0000000254590010184685411332
00.0000000254590010184685411332
00.0000000254590010184685411332
00.0000000254590010184685411332
00.0000000254590010184685411332
00.0000000254590010184685411332
00.0000000254590010184685411332
00.0000000254590010184685411332
00.0000000254590010184685411332
00.0000000254590010184685411332
00.0000000254590010184685411332
00.0000000254590010184685411332
00.0000000254590010184685411332
00.0000000254590010184685411332
00.0000000254590010184685411332
00.0000000254590010184685411332
00.0000000254590010184685411332
00.0000000254590010184685411332
00.0000000254590010184685411332
00.0000000254590010184685411332
00.0000000254590010184685411332
00.0000000254590010184685411332
00.0000000254590010184685411332
00.0000000254590010184685411332
00.0000000254590010184685411332
00.0000000254590010184685411332
00.0000000254590010184685411332
00.0000000254590010184685411332
00.0000000254590010184685411332
00.0000000254590010184685411332
00.0000000254590010184685411332
00.0000000254590010184685411332
00.0000000254590010184685411332
00.0000000254590010184685411332
00.0000000254590010184685411332
00.0000000254590010184685411332
00.0000000254590010184685411332
00.0000000254590010184685411332
00.0000000254590010184685411332
00.0000000254590010184685411332
00.0000000254590010184685411332
00.0000000254590010184685411332
00.0000000254590010184685411332
00.0000000254590010184685411332
00.0000000254590010184685411332
00.0000000254590010184685411332
00.0000000254590010184685411332
00.0000000254590010184685411332
00.0000000254590010184685411332
00.0000000254590010184685411332
00.0000000254590010184685411332
00.0000000254590010184685411332
00.0000000254590010184685411332
00.0000000254590010184685411332
00.0000000254590010184685411332
00.0000000254590010184685411332
00.0000000254590010184685411332
00.0000000254590010184685411332
00.0000000254590010184685411332
00.0000000254590010184685411332
00.0000000254590010184685411332
00.0000000254590010184685411332
00.0000000254590010184685411332
00.0000000254590010184685411332
00.0000000254590010184685411332
00.0000000254590010184685411332
00.0000000254590010184685411332
00.0000000254590010184685411332
00.0000000254590010184685411332
00.0000000254590010184685411332
00.0000000254590010184685411332
00.0000000254590010184685411332
00.0000000254590010184685411332
00.0000000254590010184685411332
00.0000000254590010184685411332
00.0000000254590010184685411332
00.0000000254590010184685411332
00.0000000254590010184685411332
00.0000000254590010184685411332
00.0000000254590010184685411332
00.0000000254590010184685411332
00.0000000254590010184685411332
00.0000000254590010184685411332
00.0000000254590010184685411332
00.0000000254590010184685411332
00.0000000254590010184685411332
00.0000000254590010184685411332
00.0000000254590010184685411332
00.0000000254590010184685411332
00.0000000254590010184685411332
00.0000000254590010184685411332
00.0000000254590010184685411332
00.0000000254590010184685411332
00.0000000254590010184685411332
00.0000000254590010184685411332
00.0000000254590010184685411332
00.0000000254590010184685411332
00.0000000254590010184685411332
00.0000000254590010184685411332
00.0000000254590010184685411332
00.0000000254590010184685411332
00.0000000254590010184685411332
00.0000000254590010184685411332
00.0000000254590010184685411332
00.0000000254590010184685411332
00.0000000254590010184685411332
00.0000000254590010184685411332
00.0000000254590010184685411332
00.0000000254590010184685411332
00.0000000254590010184685411332
00.0000000254590010184685411332
00.0000000254590010184685411332
00.0000000254590010184685411332
00.0000000254590010184685411332
00.0000000254590010184685411332
00.0000000254590010184685411332
00.0000000254590010184685411332
00.0000000254590010184685411332
00.0000000254590010184685411332
00.0000000254590010184685411332
00.0000000254590010184685411332
00.0000000254590010184685411332
00.0000000254590010184685411332
00.0000000254590010184685411332
00.0000000254590010184685411332
00.0000000254590010184685411332
00.0000000254590010184685411332
00.0000000254590010184685411332
00.0000000254590010184685411332
00.0000000254590010184685411332
00.0000000254590010184685411332
00.0000000254590010184685411332
00.0000000254590010184685411332
00.0000000254590010184685411332
00.0000000254590010184685411332
00.0000000254590010184685411332
00.0000000254590010184685411332
00.0000000254590010184685411332
00.0000000254590010184685411332
00.0000000254590010184685411332
00.0000000254590010184685411332
00.0000000254590010184685411332
00.0000000254590010184685411332
00.0000000254590010184685411332
00.0000000254590010184685411332
00.0000000254590010184685411332
00.0000000254590010184685411332
00.0000000254590010184685411332
00.0000000254590010184685411332
00.0000000254590010184685411332
00.0000000254590010184685411332
00.0000000254590010184685411332
00.0000000254590010184685411332
00.0000000254590010184685411332
00.0000000254590010184685411332
00.0000000254590010184685411332
00.0000000254590010184685411332
00.0000000254590010184685411332
00.0000000254590010184685411332
00.0000000254590010184685411332
00.0000000254590010184685411332
00.0000000254590010184685411332
00.0000000254590010184685411332
00.0000000254590010184685411332
00.0000000254590010184685411332
00.0000000254590010184685411332
00.0000000254590010184685411332
00.0000000254590010184685411332
00.0000000254590010184685411332
00.0000000254590010184685411332
00.0000000254590010184685411332
00.0000000254590010184685411332
00.0000000254590010184685411332
00.0000000254590010184685411332
00.0000000254590010184685411332
00.0000000254590010184685411332
00.0000000254590010184685411332
00.0000000254590010184685411332
00.0000000254590010184685411332
00.0000000254590010184685411332
00.0000000254590010184685411332
00.0000000254590010184685411332
00.0000000254590010184685411332
00.0000000254590010184685411332
00.0000000254590010184685411332
00.0000000254590010184685411332
00.0000000254590010184685411332
00.0000000254590010184685411332
00.0000000254590010184685411332
00.0000000254590010184685411332
00.0000000254590010184685411332
00.0000000254590010184685411332
00.0000000254590010184685411332
00.0000000254590010184685411332
00.0000000254590010184685411332
00.0000000254590010184685411332
00.0000000254590010184685411332
00.0000000254590010184685411332
00.0000000254590010184685411332
00.0000000254590010184685411332
00.0000000254590010184685411332
00.0000000254590010184685411332
00.0000000254590010184685411332
00.0000000254590010184685411332
00.0000000254590010184685411332
00.0000000254590010184685411332
00.0000000254590010184685411332
00.0000000254590010184685411332
00.0000000254590010184685411332
00.0000000254590010184685411332
00.0000000254590010184685411332
00.0000000254590010184685411332
00.0000000254590010184685411332
00.0000000254590010184685411332
00.0000000254590010184685411332
00.0000000254590010184685411332
00.0000000254590010184685411332
00.0000000254590010184685411332
00.0000000254590010184685411332
00.0000000254590010184685411332
00.0000000254590010184685411332
00.0000000254590010184685411332
00.0000000254590010184685411332
00.0000000254590010184685411332
00.0000000254590010184685411332
00.0000000254590010184685411332
00.0000000254590010184685411332
00.0000000254590010184685411332
00.0000000254590010184685411332
00.0000000254590010184685411332
00.0000000254590010184685411332
00.0000000254590010184685411332
00.0000000254590010184685411332
00.0000000254590010184685411332
00.0000000254590010184685411332
00.0000000254590010184685411332
00.0000000254590010184685411332
00.0000000254590010184685411332
00.0000000254590010184685411332
00.0000000254590010184685411332
00.0000000254590010184685411332
00.0000000254590010184685411332
00.0000000254590010184685411332
00.0000000254590010184685411332
00.0000000254590010184685411332
00.0000000254590010184685411332
00.0000000254590010184685411332
00.0000000254590010184685411332
00.0000000254590010184685411332
00.0000000254590010184685411332
00.0000000254590010184685411332
00.0000000254590010184685411332
00.0000000254590010184685411332
00.0000000254590010184685411332
00.0000000254590010184685411332
00.0000000254590010184685411332
00.0000000254590010184685411332
00.0000000254590010184685411332
00.0000000254590010184685411332
00.0000000254590010184685411332
00.0000000254590010184685411332
00.0000000254590010184685411332
00.0000000254590010184685411332
00.0000000254590010184685411332
00.0000000254590010184685411332
00.0000000254590010184685411332
00.0000000254590010184685411332
00.0000000254590010184685411332
00.0000000254590010184685411332
00.0000000254590010184685411332
00.0000000254590010184685411332
00.0000000254590010184685411332
00.0000000254590010184685411332
00.0000000254590010184685411332
00.0000000254590010184685411332
00.0000000254590010184685411332
00.0000000254590010184685411332
00.0000000254590010184685411332
00.0000000254590010184685411332
00.0000000254590010184685411332
00.0000000254590010184685411332
00.0000000254590010184685411332
00.0000000254590010184685411332
00.0000000254590010184685411332
00.0000000254590010184685411332
00.0000000254590010184685411332
00.0000000254590010184685411332
00.0000000254590010184685411332
00.0000000254590010184685411332
00.0000000254590010184685411332
00.0000000254590010184685411332
00.0000000254590010184685411332
00.0000000254590010184685411332
00.0000000254590010184685411332
00.0000000254590010184685411332
00.0000000254590010184685411332
00.0000000254590010184685411332
00.0000000254590010184685411332
00.0000000254590010184685411332
00.0000000254590010184685411332
00.0000000254590010184685411332
00.0000000254590010184685411332
00.0000000254590010184685411332
00.0000000254590010184685411332
00.0000000254590010184685411332
00.0000000254590010184685411332
00.0000000254590010184685411332
00.0000000254590010184685411332
00.0000000254590010184685411332
00.0000000254590010184685411332
00.0000000254590010184685411332
00.0000000254590010184685411332
00.0000000254590010184685411332
00.0000000254590010184685411332
00.0000000254590010184685411332
00.0000000254590010184685411332
00.0000000254590010184685411332
00.0000000254590010184685411332
00.0000000254590010184685411332
00.0000000254590010184685411332
00.0000000254590010184685411332
00.0000000254590010184685411332
00.0000000254590010184685411332
00.0000000254590010184685411332
00.0000000254590010184685411332
00.0000000254590010184685411332
00.0000000254590010184685411332
00.0000000254590010184685411332
00.0000000254590010184685411332
00.0000000254590010184685411332
00.0000000254590010184685411332
00.0000000254590010184685411332
00.0000000254590010184685411332
00.0000000254590010184685411332
00.0000000254590010184685411332
00.0000000254590010184685411332
00.0000000254590010184685411332
00.0000000254590010184685411332
00.0000000254590010184685411332
00.0000000254590010184685411332
00.0000000254590010184685411332
00.0000000254590010184685411332
00.0000000254590010184685411332
00.0000000254590010184685411332
00.0000000254590010184685411332
00.0000000254590010184685411332
00.0000000254590010184685411332
00.0000000254590010184685411332
00.0000000254590010184685411332
00.0000000254590010184685411332
00.0000000254590010184685411332
00.0000000254590010184685411332
00.0000000254590010184685411332
00.0000000254590010184685411332
00.0000000254590010184685411332
00.0000000254590010184685411332
00.0000000254590010184685411332
00.0000000254590010184685411332
00.0000000254590010184685411332
00.0000000254590010184685411332
00.0000000254590010184685411332
00.0000000254590010184685411332
00.0000000254590010184685411332
00.0000000254590010184685411332
00.0000000254590010184685411332
00.0000000254590010184685411332
00.0000000254590010184685411332
00.0000000254590010184685411332
00.0000000254590010184685411332
00.0000000254590010184685411332
00.0000000254590010184685411332
00.0000000254590010184685411332
00.0000000254590010184685411332
00.0000000254590010184685411332
00.0000000254590010184685411332
00.0000000254590010184685411332
00.0000000254590010184685411332
00.0000000254590010184685411332
00.0000000254590010184685411332
00.0000000254590010184685411332
00.0000000254590010184685411332
00.0000000254590010184685411332
00.0000000254590010184685411332
00.0000000254590010184685411332
00.0000000254590010184685411332
00.0000000254590010184685411332
00.0000000254590010184685411332
00.0000000254590010184685411332
00.0000000254590010184685411332
00.0000000254590010184685411332
00.0000000254590010184685411332
00.0000000254590010184685411332
00.0000000254590010184685411332
00.0000000254590010184685411332
00.0000000254590010184685411332
00.0000000254590010184685411332
00.0000000254590010184685411332
00.0000000254590010184685411332
00.0000000254590010184685411332
00.0000000254590010184685411332
00.0000000254590010184685411332
00.0000000254590010184685411332
00.0000000254590010184685411332
00.0000000254590010184685411332
00.0000000254590010184685411332
00.0000000254590010184685411332
00.0000000254590010184685411332
00.0000000254590010184685411332
00.0000000254590010184685411332
00.0000000254590010184685411332
00.0000000254590010184685411332
00.0000000254590010184685411332
00.0000000254590010184685411332
00.0000000254590010184685411332
00.0000000254590010184685411332
00.0000000254590010184685411332
00.0000000254590010184685411332
00.0000000254590010184685411332
00.0000000254590010184685411332
00.0000000254590010184685411332
00.0000000254590010184685411332
00.0000000254590010184685411332
00.0000000254590010184685411332
00.0000000254590010184685411332
00.0000000254590010184685411332
00.0000000254590010184685411332
00.0000000254590010184685411332
00.0000000254590010184685411332
00.0000000254590010184685411332
00.0000000254590010184685411332
00.0000000254590010184685411332
00.0000000254590010184685411332
00.0000000254590010184685411332
00.0000000254590010184685411332
00.0000000254590010184685411332
00.0000000254590010184685411332
00.0000000254590010184685411332
00.0000000254590010184685411332
00.0000000254590010184685411332
00.0000000254590010184685411332
00.0000000254590010184685411332
00.0000000254590010184685411332
00.0000000254590010184685411332
00.0000000254590010184685411332
00.0000000254590010184685411332
00.0000000254590010184685411332
00.0000000254590010184685411332
00.0000000254590010184685411332
00.0000000254590010184685411332
00.0000000254590010184685411332
00.0000000254590010184685411332
00.0000000254590010184685411332
00.0000000254590010184685411332
00.0000000254590010184685411332
00.0000000254590010184685411332
00.0000000254590010184685411332
00.0000000254590010184685411332
00.0000000254590010184685411332
00.0000000254590010184685411332
00.0000000254590010184685411332
00.0000000254590010184685411332
00.0000000254590010184685411332
00.0000000254590010184685411332
00.0000000254590010184685411332
00.0000000254590010184685411332
00.0000000254590010184685411332
00.0000000254590010184685411332
00.0000000254590010184685411332
00.0000000254590010184685411332
00.0000000254590010184685411332
00.0000000254590010184685411332
00.0000000254590010184685411332
00.0000000254590010184685411332
00.0000000254590010184685411332
00.0000000254590010184685411332
00.0000000254590010184685411332
00.0000000254590010184685411332
00.0000000254590010184685411332
00.0000000254590010184685411332
00.0000000254590010184685411332
00.0000000254590010184685411332
00.0000000254590010184685411332
00.0000000254590010184685411332
00.0000000254590010184685411332
00.0000000254590010184685411332
00.0000000254590010184685411332
00.0000000254590010184685411332
00.0000000254590010184685411332
00.0000000254590010184685411332
00.0000000254590010184685411332
00.0000000254590010184685411332
00.0000000254590010184685411332
00.0000000254590010184685411332
00.0000000254590010184685411332
00.0000000254590010184685411332
00.0000000254590010184685411332
00.0000000254590010184685411332
00.0000000254590010184685411332
00.0000000254590010184685411332
00.0000000254590010184685411332
00.0000000254590010184685411332
00.0000000254590010184685411332
00.0000000254590010184685411332
00.0000000254590010184685411332
00.0000000254590010184685411332
00.0000000254590010184685411332
00.0000000254590010184685411332
00.0000000254590010184685411332
00.0000000254590010184685411332
00.0000000254590010184685411332
00.0000000254590010184685411332
00.0000000254590010184685411332
00.0000000254590010184685411332
00.0000000254590010184685411332
00.0000000254590010184685411332
00.0000000254590010184685411332
00.0000000254590010184685411332
00.0000000254590010184685411332
00.0000000254590010184685411332
00.0000000254590010184685411332
00.0000000254590010184685411332
00.0000000254590010184685411332
00.0000000254590010184685411332
00.0000000254590010184685411332
00.0000000254590010184685411332
00.0000000254590010184685411332
00.0000000254590010184685411332
00.0000000227997701829352195091
00.0000000227997701829352195091
00.0000000227997701829352195091
00.0000000227997701829352195091
00.0000000227997701829352195091
00.0000000227997701829352195091
00.0000000227997701829352195091
00.0000000227997701829352195091
00.0000000227997701829352195091
00.0000000227997701829352195091
00.0000000227997701829352195091
00.0000000227997701829352195091
00.0000000227997701829352195091
00.0000000227997701829352195091
00.0000000227997701829352195091
00.0000000227997701829352195091
00.0000000227997701829352195091
00.0000000227997701829352195091
00.0000000227997701829352195091
00.0000000227997701829352195091
00.0000000227997701829352195091
00.0000000227997701829352195091
00.0000000227997701829352195091
00.0000000227997701829352195091
00.0000000227997701829352195091
00.0000000227997701829352195091
00.0000000227997701829352195091
00.0000000227997701829352195091
00.0000000227997701829352195091
00.0000000227997701829352195091
00.0000000227997701829352195091
00.0000000227997701829352195091
00.0000000227997701829352195091
00.0000000227997701829352195091
00.0000000227997701829352195091
00.0000000227997701829352195091
00.0000000227997701829352195091
00.0000000227997701829352195091
00.0000000227997701829352195091
00.0000000227997701829352195091
00.0000000227997701829352195091
00.0000000227997701829352195091
00.0000000227997701829352195091
00.0000000227997701829352195091
00.0000000227997701829352195091
00.0000000227997701829352195091
00.0000000227997701829352195091
00.0000000227997701829352195091
00.0000000227997701829352195091
00.0000000227997701829352195091
00.0000000227997701829352195091
00.0000000227997701829352195091
00.0000000227997701829352195091
00.0000000227997701829352195091
00.0000000227997701829352195091
00.0000000227997701829352195091
00.0000000227997701829352195091
00.0000000227997701829352195091
00.0000000227997701829352195091
00.0000000227997701829352195091
00.0000000227997701829352195091
00.0000000227997701829352195091
00.0000000227997701829352195091
00.0000000227997701829352195091
00.0000000227997701829352195091
00.0000000227997701829352195091
00.0000000227997701829352195091
00.0000000227997701829352195091
00.0000000227997701829352195091
00.0000000227997701829352195091
00.0000000227997701829352195091
00.0000000227997701829352195091
00.0000000227997701829352195091
00.0000000227997701829352195091
00.0000000227997701829352195091
00.0000000227997701829352195091
00.0000000227997701829352195091
00.0000000227997701829352195091
00.0000000227997701829352195091
00.0000000227997701829352195091
00.0000000227997701829352195091
00.0000000227997701829352195091
00.0000000227997701829352195091
00.0000000227997701829352195091
00.0000000227997701829352195091
00.0000000227997701829352195091
00.0000000227997701829352195091
00.0000000227997701829352195091
00.0000000227997701829352195091
00.0000000227997701829352195091
00.0000000227997701829352195091
00.0000000227997701829352195091
00.0000000227997701829352195091
00.0000000227997701829352195091
00.0000000227997701829352195091
00.0000000227997701829352195091
00.0000000227997701829352195091
00.0000000227997701829352195091
00.0000000227997701829352195091
00.0000000227997701829352195091
00.0000000227997701829352195091
00.0000000227997701829352195091
00.0000000227997701829352195091
00.0000000227997701829352195091
00.0000000227997701829352195091
00.0000000227997701829352195091
00.0000000227997701829352195091
00.0000000227997701829352195091
00.0000000227997701829352195091
00.0000000227997701829352195091
00.0000000227997701829352195091
00.0000000227997701829352195091
00.0000000227997701829352195091
00.0000000227997701829352195091
00.0000000227997701829352195091
00.0000000227997701829352195091
00.0000000227997701829352195091
00.0000000227997701829352195091
00.0000000227997701829352195091
00.0000000227997701829352195091
00.0000000227997701829352195091
00.0000000227997701829352195091
00.0000000227997701829352195091
00.0000000227997701829352195091
00.0000000227997701829352195091
00.0000000227997701829352195091
00.0000000227997701829352195091
00.0000000227997701829352195091
00.0000000227997701829352195091
00.0000000227997701829352195091
00.0000000227997701829352195091
00.0000000227997701829352195091
00.0000000227997701829352195091
00.0000000227997701829352195091
00.0000000227997701829352195091
00.0000000227997701829352195091
00.0000000227997701829352195091
00.0000000227997701829352195091
00.0000000227997701829352195091
00.0000000227997701829352195091
00.0000000227997701829352195091
00.0000000227997701829352195091
00.0000000227997701829352195091
00.0000000227997701829352195091
00.0000000227997701829352195091
00.0000000227997701829352195091
00.0000000227997701829352195091
00.0000000227997701829352195091
00.0000000227997701829352195091
00.0000000227997701829352195091
00.0000000227997701829352195091
00.0000000227997701829352195091
00.0000000227997701829352195091
00.0000000227997701829352195091
00.0000000227997701829352195091
00.0000000227997701829352195091
00.0000000227997701829352195091
00.0000000227997701829352195091
00.0000000227997701829352195091
00.0000000227997701829352195091
00.0000000227997701829352195091
00.0000000227997701829352195091
00.0000000227997701829352195091
00.0000000227997701829352195091
00.0000000227997701829352195091
00.0000000227997701829352195091
00.0000000227997701829352195091
00.0000000227997701829352195091
00.0000000227997701829352195091
00.0000000227997701829352195091
00.0000000227997701829352195091
00.0000000227997701829352195091
00.0000000227997701829352195091
00.0000000227997701829352195091
00.0000000227997701829352195091
00.0000000227997701829352195091
00.0000000227997701829352195091
00.0000000227997701829352195091
00.0000000227997701829352195091
00.0000000227997701829352195091
00.0000000227997701829352195091
00.0000000227997701829352195091
00.0000000227997701829352195091
00.0000000227997701829352195091
00.0000000227997701829352195091
00.0000000227997701829352195091
00.0000000227997701829352195091
00.0000000227997701829352195091
00.0000000227997701829352195091
00.0000000227997701829352195091
00.0000000227997701829352195091
00.0000000227997701829352195091
00.0000000227997701829352195091
00.0000000227997701829352195091
00.0000000227997701829352195091
00.0000000227997701829352195091
00.0000000227997701829352195091
00.0000000227997701829352195091
00.0000000227997701829352195091
00.0000000227997701829352195091
00.0000000227997701829352195091
00.0000000227997701829352195091
00.0000000227997701829352195091
00.0000000227997701829352195091
00.0000000227997701829352195091
00.0000000227997701829352195091
00.0000000227997701829352195091
00.0000000227997701829352195091
00.0000000227997701829352195091
00.0000000227997701829352195091
00.0000000227997701829352195091
00.0000000227997701829352195091
00.0000000227997701829352195091
00.0000000227997701829352195091
00.0000000227997701829352195091
00.0000000227997701829352195091
00.0000000227997701829352195091
00.0000000227997701829352195091
00.0000000227997701829352195091
00.0000000227997701829352195091
00.0000000227997701829352195091
00.0000000227997701829352195091
00.0000000227997701829352195091
00.0000000227997701829352195091
00.0000000227997701829352195091
00.0000000227997701829352195091
00.0000000227997701829352195091
00.0000000227997701829352195091
00.0000000227997701829352195091
00.0000000227997701829352195091
00.0000000227997701829352195091
00.0000000227997701829352195091
00.0000000227997701829352195091
00.0000000227997701829352195091
00.0000000227997701829352195091
00.0000000227997701829352195091
00.0000000227997701829352195091
00.0000000227997701829352195091
00.0000000227997701829352195091
00.0000000227997701829352195091
00.0000000227997701829352195091
00.0000000227997701829352195091
00.0000000227997701829352195091
00.0000000227997701829352195091
00.0000000227997701829352195091
00.0000000227997701829352195091
00.0000000227997701829352195091
00.0000000227997701829352195091
00.0000000227997701829352195091
00.0000000227997701829352195091
00.0000000227997701829352195091
00.0000000227997701829352195091
00.0000000227997701829352195091
00.0000000227997701829352195091
00.0000000227997701829352195091
00.0000000227997701829352195091
00.0000000227997701829352195091
00.0000000227997701829352195091
00.0000000227997701829352195091
00.0000000227997701829352195091
00.0000000227997701829352195091
00.0000000227997701829352195091
00.0000000227997701829352195091
00.0000000227997701829352195091
00.0000000227997701829352195091
00.0000000227997701829352195091
00.0000000227997701829352195091
00.0000000227997701829352195091
00.0000000227997701829352195091
00.0000000227997701829352195091
00.0000000227997701829352195091
00.0000000227997701829352195091
00.0000000227997701829352195091
00.0000000227997701829352195091
00.0000000227997701829352195091
00.0000000227997701829352195091
00.0000000227997701829352195091
00.0000000227997701829352195091
00.0000000227997701829352195091
00.0000000227997701829352195091
00.0000000227997701829352195091
00.0000000227997701829352195091
00.0000000227997701829352195091
00.0000000227997701829352195091
00.0000000227997701829352195091
00.0000000227997701829352195091
00.0000000227997701829352195091
00.0000000227997701829352195091
00.0000000227997701829352195091
00.0000000227997701829352195091
00.0000000227997701829352195091
00.0000000227997701829352195091
00.0000000227997701829352195091
00.0000000227997701829352195091
00.0000000227997701829352195091
00.0000000227997701829352195091
00.0000000227997701829352195091
00.0000000227997701829352195091
00.0000000227997701829352195091
00.0000000227997701829352195091
00.0000000227997701829352195091
00.0000000227997701829352195091
00.0000000227997701829352195091
00.0000000227997701829352195091
00.0000000227997701829352195091
00.0000000227997701829352195091
00.0000000227997701829352195091
00.0000000227997701829352195091
00.0000000227997701829352195091
00.0000000227997701829352195091
00.0000000227997701829352195091
00.0000000227997701829352195091
00.0000000227997701829352195091
00.0000000227997701829352195091
00.0000000227997701829352195091
00.0000000227997701829352195091
00.0000000227997701829352195091
00.0000000227997701829352195091
00.0000000227997701829352195091
00.0000000227997701829352195091
00.0000000227997701829352195091
00.0000000227997701829352195091
00.0000000227997701829352195091
00.0000000227997701829352195091
00.0000000227997701829352195091
00.0000000227997701829352195091
00.0000000227997701829352195091
00.0000000227997701829352195091
00.0000000227997701829352195091
00.0000000227997701829352195091
00.0000000227997701829352195091
00.0000000227997701829352195091
00.0000000227997701829352195091
00.0000000227997701829352195091
00.0000000227997701829352195091
00.0000000227997701829352195091
00.0000000227997701829352195091
00.0000000227997701829352195091
00.0000000227997701829352195091
00.0000000227997701829352195091
00.0000000227997701829352195091
00.0000000227997701829352195091
00.0000000227997701829352195091
00.0000000227997701829352195091
00.0000000227997701829352195091
00.0000000227997701829352195091
00.0000000227997701829352195091
00.0000000227997701829352195091
00.0000000227997701829352195091
00.0000000227997701829352195091
00.0000000227997701829352195091
00.0000000227997701829352195091
00.0000000227997701829352195091
00.0000000227997701829352195091
00.0000000227997701829352195091
00.0000000227997701829352195091
00.0000000227997701829352195091
00.0000000227997701829352195091
00.0000000227997701829352195091
00.0000000227997701829352195091
00.0000000227997701829352195091
00.0000000227997701829352195091
00.0000000227997701829352195091
00.0000000227997701829352195091
00.0000000227997701829352195091
00.0000000227997701829352195091
00.0000000227997701829352195091
00.0000000227997701829352195091
00.0000000227997701829352195091
00.0000000227997701829352195091
00.0000000227997701829352195091
00.0000000227997701829352195091
00.0000000227997701829352195091
00.0000000227997701829352195091
00.0000000227997701829352195091
00.0000000227997701829352195091
00.0000000227997701829352195091
00.0000000227997701829352195091
00.0000000227997701829352195091
00.0000000227997701829352195091
00.0000000227997701829352195091
00.0000000227997701829352195091
00.0000000227997701829352195091
00.0000000227997701829352195091
00.0000000227997701829352195091
00.0000000227997701829352195091
00.0000000227997701829352195091
00.0000000227997701829352195091
00.0000000227997701829352195091
00.0000000227997701829352195091
00.0000000227997701829352195091
00.0000000227997701829352195091
00.0000000227997701829352195091
00.0000000227997701829352195091
00.0000000227997701829352195091
00.0000000227997701829352195091
00.0000000227997701829352195091
00.0000000227997701829352195091
00.0000000227997701829352195091
00.0000000227997701829352195091
00.0000000227997701829352195091
00.0000000227997701829352195091
00.0000000227997701829352195091
00.0000000227997701829352195091
00.0000000227997701829352195091
00.0000000227997701829352195091
00.0000000227997701829352195091
00.0000000227997701829352195091
00.0000000227997701829352195091
00.0000000227997701829352195091
00.0000000227997701829352195091
00.0000000227997701829352195091
00.0000000227997701829352195091
00.0000000227997701829352195091
00.0000000227997701829352195091
00.0000000227997701829352195091
00.0000000227997701829352195091
00.0000000227997701829352195091
00.0000000227997701829352195091
00.0000000227997701829352195091
00.0000000227997701829352195091
00.0000000227997701829352195091
00.0000000227997701829352195091
00.0000000227997701829352195091
00.0000000227997701829352195091
00.0000000227997701829352195091
00.0000000227997701829352195091
00.0000000227997701829352195091
00.0000000227997701829352195091
00.0000000227997701829352195091
00.0000000227997701829352195091
00.0000000227997701829352195091
00.0000000227997701829352195091
00.0000000227997701829352195091
00.0000000227997701829352195091
00.0000000227997701829352195091
00.0000000227997701829352195091
00.0000000227997701829352195091
00.0000000227997701829352195091
00.0000000227997701829352195091
00.0000000227997701829352195091
00.0000000227997701829352195091
00.0000000227997701829352195091
00.0000000227997701829352195091
00.0000000227997701829352195091
00.0000000227997701829352195091
00.0000000227997701829352195091
00.0000000227997701829352195091
00.0000000227997701829352195091
00.0000000227997701829352195091
00.0000000227997701829352195091
00.0000000227997701829352195091
00.0000000227997701829352195091
00.0000000227997701829352195091
00.0000000227997701829352195091
00.0000000227997701829352195091
00.0000000227997701829352195091
00.0000000227997701829352195091
00.0000000227997701829352195091
00.0000000227997701829352195091
00.0000000227997701829352195091
00.0000000227997701829352195091
00.0000000227997701829352195091
00.0000000227997701829352195091
00.0000000227997701829352195091
00.0000000227997701829352195091
00.0000000227997701829352195091
00.0000000227997701829352195091
00.0000000227997701829352195091
00.0000000227997701829352195091
00.0000000227997701829352195091
00.0000000227997701829352195091
00.0000000227997701829352195091
00.0000000227997701829352195091
00.0000000227997701829352195091
00.0000000227997701829352195091
00.0000000227997701829352195091
00.0000000227997701829352195091
00.0000000227997701829352195091
00.0000000227997701829352195091
00.0000000227997701829352195091
00.0000000227997701829352195091
00.0000000227997701829352195091
00.0000000227997701829352195091
00.0000000227997701829352195091
00.0000000227997701829352195091
00.0000000227997701829352195091
00.0000000227997701829352195091
00.0000000227997701829352195091
00.0000000227997701829352195091
00.0000000227997701829352195091
00.0000000227997701829352195091
00.0000000227997701829352195091
00.0000000227997701829352195091
00.0000000227997701829352195091
00.0000000227997701829352195091
00.0000000227997701829352195091
00.0000000227997701829352195091
00.0000000227997701829352195091
00.0000000227997701829352195091
00.0000000227997701829352195091
00.0000000227997701829352195091
00.0000000227997701829352195091
00.0000000227997701829352195091
00.0000000227997701829352195091
00.0000000227997701829352195091
00.0000000227997701829352195091
00.0000000227997701829352195091
00.0000000227997701829352195091
00.0000000227997701829352195091
00.0000000227997701829352195091
00.0000000227997701829352195091
00.0000000227997701829352195091
00.0000000227997701829352195091
00.0000000227997701829352195091
00.0000000227997701829352195091
00.0000000227997701829352195091
00.0000000227997701829352195091
00.0000000227997701829352195091
00.0000000227997701829352195091
00.0000000227997701829352195091
00.0000000227997701829352195091
00.0000000227997701829352195091
00.0000000227997701829352195091
00.0000000227997701829352195091
00.0000000227997701829352195091
00.0000000227997701829352195091
00.0000000227997701829352195091
00.0000000227997701829352195091
00.0000000227997701829352195091
00.0000000227997701829352195091
00.0000000227997701829352195091
00.0000000227997701829352195091
00.0000000227997701829352195091
00.0000000227997701829352195091
00.0000000227997701829352195091
00.0000000227997701829352195091
00.0000000227997701829352195091
00.0000000227997701829352195091
00.0000000227997701829352195091
00.0000000227997701829352195091
00.0000000227997701829352195091
00.0000000227997701829352195091
00.0000000227997701829352195091
00.0000000227997701829352195091
00.0000000227997701829352195091
00.0000000227997701829352195091
00.0000000227997701829352195091
00.0000000227997701829352195091
00.0000000227997701829352195091
00.0000000227997701829352195091
00.0000000227997701829352195091
00.0000000227997701829352195091
00.0000000227997701829352195091
00.0000000227997701829352195091
00.0000000227997701829352195091
00.0000000227997701829352195091
00.0000000227997701829352195091
00.0000000227997701829352195091
00.0000000227997701829352195091
00.0000000227997701829352195091
00.0000000227997701829352195091
00.0000000227997701829352195091
00.0000000227997701829352195091
00.0000000227997701829352195091
00.0000000227997701829352195091
00.0000000227997701829352195091
00.0000000227997701829352195091
00.0000000227997701829352195091
00.0000000227997701829352195091
00.0000000227997701829352195091
00.0000000227997701829352195091
00.0000000227997701829352195091
00.0000000227997701829352195091
00.0000000227997701829352195091
00.0000000227997701829352195091
00.0000000227997701829352195091
00.0000000227997701829352195091
00.0000000227997701829352195091
00.0000000227997701829352195091
00.0000000227997701829352195091
00.0000000227997701829352195091
00.0000000227997701829352195091
00.0000000227997701829352195091
00.0000000227997701829352195091
00.0000000227997701829352195091
00.0000000227997701829352195091
00.0000000227997701829352195091
00.0000000227997701829352195091
00.0000000227997701829352195091
00.0000000227997701829352195091
00.0000000227997701829352195091
00.0000000227997701829352195091
00.0000000227997701829352195091
00.0000000227997701829352195091
00.0000000227997701829352195091
00.0000000227997701829352195091
00.0000000227997701829352195091
00.0000000227997701829352195091
00.0000000227997701829352195091
00.0000000227997701829352195091
00.0000000227997701829352195091
00.0000000227997701829352195091
00.0000000227997701829352195091
00.0000000227997701829352195091
00.0000000227997701829352195091
00.0000000227997701829352195091
00.0000000227997701829352195091
00.0000000227997701829352195091
00.0000000227997701829352195091
00.0000000227997701829352195091
00.0000000227997701829352195091
00.0000000227997701829352195091
00.0000000227997701829352195091
00.0000000227997701829352195091
00.0000000227997701829352195091
00.0000000227997701829352195091
00.0000000227997701829352195091
00.0000000227997701829352195091
00.0000000227997701829352195091
00.0000000227997701829352195091
00.0000000227997701829352195091
00.0000000227997701829352195091
00.0000000227997701829352195091
00.0000000227997701829352195091
00.0000000227997701829352195091
00.0000000227997701829352195091
00.0000000227997701829352195091
00.0000000227997701829352195091
00.0000000227997701829352195091
00.0000000227997701829352195091
00.0000000227997701829352195091
00.0000000227997701829352195091
00.0000000227997701829352195091
00.0000000227997701829352195091
00.0000000227997701829352195091
00.0000000227997701829352195091
00.0000000227997701829352195091
00.0000000227997701829352195091
00.0000000227997701829352195091
00.0000000227997701829352195091
00.0000000227997701829352195091
00.0000000227997701829352195091
00.0000000227997701829352195091
00.0000000227997701829352195091
00.0000000227997701829352195091
00.0000000227997701829352195091
00.0000000227997701829352195091
00.0000000227997701829352195091
00.0000000227997701829352195091
00.0000000227997701829352195091
00.0000000227997701829352195091
00.0000000227997701829352195091
00.0000000227997701829352195091
00.0000000227997701829352195091
00.0000000227997701829352195091
00.0000000227997701829352195091
00.0000000227997701829352195091
00.0000000227997701829352195091
00.0000000227997701829352195091
00.0000000227997701829352195091
00.0000000227997701829352195091
00.0000000227997701829352195091
00.0000000227997701829352195091
00.0000000227997701829352195091
00.0000000227997701829352195091
00.0000000227997701829352195091
00.0000000227997701829352195091
00.0000000227997701829352195091
00.0000000227997701829352195091
00.0000000227997701829352195091
00.0000000227997701829352195091
00.0000000227997701829352195091
00.0000000227997701829352195091
00.0000000227997701829352195091
00.0000000227997701829352195091
00.0000000227997701829352195091
00.0000000227997701829352195091
00.0000000227997701829352195091
00.0000000227997701829352195091
00.0000000227997701829352195091
00.0000000227997701829352195091
00.0000000227997701829352195091
00.0000000227997701829352195091
00.0000000227997701829352195091
00.0000000227997701829352195091
00.0000000227997701829352195091
00.0000000227997701829352195091
00.0000000227997701829352195091
00.0000000227997701829352195091
00.0000000227997701829352195091
00.0000000227997701829352195091
00.0000000227997701829352195091
00.0000000227997701829352195091
00.0000000227997701829352195091
00.0000000227997701829352195091
00.0000000227997701829352195091
00.0000000227997701829352195091
00.0000000227997701829352195091
00.0000000227997701829352195091
00.0000000227997701829352195091
00.0000000227997701829352195091
00.0000000227997701829352195091
00.0000000227997701829352195091
00.0000000227997701829352195091
00.0000000227997701829352195091
00.0000000227997701829352195091
00.0000000227997701829352195091
00.0000000227997701829352195091
00.0000000227997701829352195091
00.0000000227997701829352195091
00.0000000227997701829352195091
00.0000000227997701829352195091
00.0000000227997701829352195091
00.0000000227997701829352195091
00.0000000227997701829352195091
00.0000000227997701829352195091
00.0000000227997701829352195091
00.0000000227997701829352195091
00.0000000227997701829352195091
00.0000000227997701829352195091
00.0000000227997701829352195091
00.0000000227997701829352195091
00.0000000227997701829352195091
00.0000000227997701829352195091
00.0000000227997701829352195091
00.0000000227997701829352195091
00.0000000227997701829352195091
00.0000000227997701829352195091
00.0000000227997701829352195091
00.0000000227997701829352195091
00.0000000227997701829352195091
00.0000000227997701829352195091
00.0000000227997701829352195091
00.0000000227997701829352195091
00.0000000227997701829352195091
00.0000000227997701829352195091
00.0000000227997701829352195091
00.0000000227997701829352195091
00.0000000227997701829352195091
00.0000000227997701829352195091
00.0000000227997701829352195091
00.0000000227997701829352195091
00.0000000227997701829352195091
00.0000000227997701829352195091
00.0000000227997701829352195091
00.0000000227997701829352195091
00.0000000227997701829352195091
00.0000000227997701829352195091
00.0000000227997701829352195091
00.0000000227997701829352195091
00.0000000227997701829352195091
00.0000000227997701829352195091
00.0000000227997701829352195091
00.0000000227997701829352195091
00.0000000227997701829352195091
00.0000000227997701829352195091
00.0000000227997701829352195091
00.0000000227997701829352195091
00.0000000227997701829352195091
00.0000000227997701829352195091
00.0000000227997701829352195091
00.0000000227997701829352195091
00.0000000227997701829352195091
00.0000000227997701829352195091
00.0000000227997701829352195091
00.0000000227997701829352195091
00.0000000227997701829352195091
00.0000000227997701829352195091
00.0000000227997701829352195091
00.0000000227997701829352195091
00.0000000227997701829352195091
00.0000000227997701829352195091
00.0000000227997701829352195091
00.0000000227997701829352195091
00.0000000227997701829352195091
00.0000000227997701829352195091
00.0000000227997701829352195091
00.0000000227997701829352195091
00.0000000227997701829352195091
00.0000000227997701829352195091
00.0000000227997701829352195091
00.0000000227997701829352195091
00.0000000227997701829352195091
00.0000000227997701829352195091
00.0000000227997701829352195091
00.0000000227997701829352195091
00.0000000227997701829352195091
00.0000000227997701829352195091
00.0000000227997701829352195091
00.0000000227997701829352195091
00.0000000227997701829352195091
00.0000000227997701829352195091
00.0000000227997701829352195091
00.0000000227997701829352195091
00.0000000227997701829352195091
00.0000000227997701829352195091
00.0000000227997701829352195091
00.0000000227997701829352195091
00.0000000227997701829352195091
00.0000000227997701829352195091
00.0000000227997701829352195091
00.0000000227997701829352195091
00.0000000227997701829352195091
00.0000000227997701829352195091
00.0000000227997701829352195091
00.0000000227997701829352195091
00.0000000227997701829352195091
00.0000000227997701829352195091
00.0000000227997701829352195091
00.0000000227997701829352195091
00.0000000227997701829352195091
00.0000000227997701829352195091
00.0000000227997701829352195091
00.0000000227997701829352195091
00.0000000227997701829352195091
00.0000000227997701829352195091
00.0000000227997701829352195091
00.0000000227997701829352195091
00.0000000227997701829352195091
00.0000000227997701829352195091
00.0000000227997701829352195091
00.0000000227997701829352195091
00.0000000227997701829352195091
00.0000000227997701829352195091
00.0000000227997701829352195091
00.0000000227997701829352195091
00.0000000227997701829352195091
00.0000000227997701829352195091
00.0000000227997701829352195091
00.0000000227997701829352195091
00.0000000227997701829352195091
00.0000000227997701829352195091
00.0000000227997701829352195091
00.0000000227997701829352195091
00.0000000227997701829352195091
00.0000000227997701829352195091
00.0000000227997701829352195091
00.0000000227997701829352195091
00.0000000227997701829352195091
00.0000000227997701829352195091
00.0000000227997701829352195091
00.0000000227997701829352195091
00.0000000227997701829352195091
00.0000000227997701829352195091
00.0000000227997701829352195091
00.0000000227997701829352195091
00.0000000227997701829352195091
00.0000000227997701829352195091
00.0000000227997701829352195091
00.0000000227997701829352195091
00.0000000227997701829352195091
00.0000000227997701829352195091
00.0000000227997701829352195091
00.0000000227997701829352195091
00.0000000227997701829352195091
00.0000000227997701829352195091
00.0000000227997701829352195091
00.0000000227997701829352195091
00.0000000227997701829352195091
00.0000000227997701829352195091
00.0000000227997701829352195091
00.0000000227997701829352195091
00.0000000227997701829352195091
00.0000000227997701829352195091
00.0000000227997701829352195091
00.0000000227997701829352195091
00.0000000227997701829352195091
00.0000000227997701829352195091
00.0000000227997701829352195091
00.0000000227997701829352195091
00.0000000227997701829352195091
00.0000000227997701829352195091
00.0000000227997701829352195091
00.0000000227997701829352195091
00.0000000227997701829352195091
00.0000000227997701829352195091
00.0000000227997701829352195091
00.0000000227997701829352195091
00.0000000227997701829352195091
00.0000000227997701829352195091
00.0000000227997701829352195091
00.0000000227997701829352195091
00.0000000227997701829352195091
00.0000000227997701829352195091
00.0000000227997701829352195091
00.0000000227997701829352195091
00.0000000227997701829352195091
00.0000000227997701829352195091
00.0000000227997701829352195091
00.0000000227997701829352195091
00.0000000227997701829352195091
00.0000000227997701829352195091
00.0000000227997701829352195091
00.0000000227997701829352195091
00.0000000227997701829352195091
00.0000000227997701829352195091
00.0000000227997701829352195091
00.0000000227997701829352195091
00.0000000227997701829352195091
00.0000000227997701829352195091
00.0000000227997701829352195091
00.0000000227997701829352195091
00.0000000227997701829352195091
00.0000000227997701829352195091
00.0000000227997701829352195091
00.0000000227997701829352195091
00.0000000227997701829352195091
00.0000000227997701829352195091
00.0000000227997701829352195091
00.0000000227997701829352195091
00.0000000227997701829352195091
00.0000000227997701829352195091
00.0000000227997701829352195091
00.0000000227997701829352195091
00.0000000227997701829352195091
00.0000000227997701829352195091
00.0000000227997701829352195091
00.0000000227997701829352195091
00.0000000227997701829352195091
00.0000000227997701829352195091
00.0000000227997701829352195091
00.0000000227997701829352195091
00.0000000227997701829352195091
00.0000000227997701829352195091
00.0000000227997701829352195091
00.0000000227997701829352195091
00.0000000227997701829352195091
00.0000000227997701829352195091
00.0000000227997701829352195091
00.0000000227997701829352195091
00.0000000227997701829352195091
00.0000000227997701829352195091
00.0000000227997701829352195091
00.0000000227997701829352195091
00.0000000227997701829352195091
00.0000000227997701829352195091
00.0000000227997701829352195091
00.0000000227997701829352195091
00.0000000227997701829352195091
00.0000000227997701829352195091
00.0000000227997701829352195091
00.0000000227997701829352195091
00.0000000227997701829352195091
00.0000000227997701829352195091
00.0000000227997701829352195091
00.0000000227997701829352195091
00.0000000227997701829352195091
00.0000000227997701829352195091
00.0000000227997701829352195091
00.0000000227997701829352195091
00.0000000227997701829352195091
00.0000000227997701829352195091
00.0000000227997701829352195091
00.0000000227997701829352195091
00.0000000227997701829352195091
00.0000000227997701829352195091
00.0000000227997701829352195091
00.0000000227997701829352195091
00.0000000227997701829352195091
00.0000000227997701829352195091
00.0000000227997701829352195091
00.0000000227997701829352195091
00.0000000227997701829352195091
00.0000000227997701829352195091
00.0000000227997701829352195091
00.0000000227997701829352195091
00.0000000227997701829352195091
00.0000000227997701829352195091
00.0000000227997701829352195091
00.0000000227997701829352195091
00.0000000227997701829352195091
00.0000000227997701829352195091
00.0000000227997701829352195091
00.0000000227997701829352195091
00.0000000227997701829352195091
00.0000000227997701829352195091
00.0000000227997701829352195091
00.0000000227997701829352195091
00.0000000227997701829352195091
00.0000000227997701829352195091
00.0000000227997701829352195091
00.0000000227997701829352195091
00.0000000227997701829352195091
00.0000000227997701829352195091
00.0000000227997701829352195091
00.0000000227997701829352195091
00.0000000227997701829352195091
00.0000000227997701829352195091
00.0000000227997701829352195091
00.0000000227997701829352195091
00.0000000227997701829352195091
00.0000000227997701829352195091
00.0000000227997701829352195091
00.0000000227997701829352195091
00.0000000227997701829352195091
00.0000000227997701829352195091
00.0000000227997701829352195091
00.0000000227997701829352195091
00.0000000227997701829352195091
00.0000000292126759449118367229
00.0000000292126759449118367229
00.0000000292126759449118367229
00.0000000292126759449118367229
00.0000000292126759449118367229
00.0000000292126759449118367229
00.0000000292126759449118367229
00.0000000292126759449118367229
00.0000000292126759449118367229
00.0000000292126759449118367229
00.0000000292126759449118367229
00.0000000292126759449118367229
00.0000000292126759449118367229
00.0000000292126759449118367229
00.0000000292126759449118367229
00.0000000292126759449118367229
00.0000000292126759449118367229
00.0000000292126759449118367229
00.0000000292126759449118367229
00.0000000292126759449118367229
00.0000000292126759449118367229
00.0000000292126759449118367229
00.0000000292126759449118367229
00.0000000292126759449118367229
00.0000000292126759449118367229
00.0000000292126759449118367229
00.0000000292126759449118367229
00.0000000292126759449118367229
00.0000000292126759449118367229
00.0000000292126759449118367229
00.0000000292126759449118367229
00.0000000292126759449118367229
00.0000000292126759449118367229
00.0000000292126759449118367229
00.0000000292126759449118367229
00.0000000292126759449118367229
00.0000000292126759449118367229
00.0000000292126759449118367229
00.0000000292126759449118367229
00.0000000292126759449118367229
00.0000000292126759449118367229
00.0000000292126759449118367229
00.0000000292126759449118367229
00.0000000292126759449118367229
00.0000000292126759449118367229
00.0000000292126759449118367229
00.0000000292126759449118367229
00.0000000292126759449118367229
00.0000000292126759449118367229
00.0000000292126759449118367229
00.0000000292126759449118367229
00.0000000292126759449118367229
00.0000000292126759449118367229
00.0000000292126759449118367229
00.0000000292126759449118367229
00.0000000292126759449118367229
00.0000000292126759449118367229
00.0000000292126759449118367229
00.0000000292126759449118367229
00.0000000292126759449118367229
00.0000000292126759449118367229
00.0000000292126759449118367229
00.0000000292126759449118367229
00.0000000292126759449118367229
00.0000000292126759449118367229
00.0000000292126759449118367229
00.0000000292126759449118367229
00.0000000292126759449118367229
00.0000000292126759449118367229
00.0000000292126759449118367229
00.0000000292126759449118367229
00.0000000292126759449118367229
00.0000000292126759449118367229
00.0000000292126759449118367229
00.0000000292126759449118367229
00.0000000292126759449118367229
00.0000000292126759449118367229
00.0000000292126759449118367229
00.0000000292126759449118367229
00.0000000292126759449118367229
00.0000000292126759449118367229
00.0000000292126759449118367229
00.0000000292126759449118367229
00.0000000292126759449118367229
00.0000000292126759449118367229
00.0000000292126759449118367229
00.0000000292126759449118367229
00.0000000292126759449118367229
00.0000000292126759449118367229
00.0000000292126759449118367229
00.0000000292126759449118367229
00.0000000292126759449118367229
00.0000000292126759449118367229
00.0000000292126759449118367229
00.0000000292126759449118367229
00.0000000292126759449118367229
00.0000000292126759449118367229
00.0000000292126759449118367229
00.0000000292126759449118367229
00.0000000292126759449118367229
00.0000000292126759449118367229
00.0000000292126759449118367229
00.0000000292126759449118367229
00.0000000292126759449118367229
00.0000000292126759449118367229
00.0000000292126759449118367229
00.0000000292126759449118367229
00.0000000292126759449118367229
00.0000000292126759449118367229
00.0000000292126759449118367229
00.0000000292126759449118367229
00.0000000292126759449118367229
00.0000000292126759449118367229
00.0000000292126759449118367229
00.0000000292126759449118367229
00.0000000292126759449118367229
00.0000000292126759449118367229
00.0000000292126759449118367229
00.0000000292126759449118367229
00.0000000292126759449118367229
00.0000000292126759449118367229
00.0000000292126759449118367229
00.0000000292126759449118367229
00.0000000292126759449118367229
00.0000000292126759449118367229
00.0000000292126759449118367229
00.0000000292126759449118367229
00.0000000292126759449118367229
00.0000000292126759449118367229
00.0000000292126759449118367229
00.0000000292126759449118367229
00.0000000292126759449118367229
00.0000000292126759449118367229
00.0000000292126759449118367229
00.0000000292126759449118367229
00.0000000292126759449118367229
00.0000000292126759449118367229
00.0000000292126759449118367229
00.0000000292126759449118367229
00.0000000292126759449118367229
00.0000000292126759449118367229
00.0000000292126759449118367229
00.0000000292126759449118367229
00.0000000292126759449118367229
00.0000000292126759449118367229
00.0000000292126759449118367229
00.0000000292126759449118367229
00.0000000292126759449118367229
00.0000000292126759449118367229
00.0000000292126759449118367229
00.0000000292126759449118367229
00.0000000292126759449118367229
00.0000000292126759449118367229
00.0000000292126759449118367229
00.0000000292126759449118367229
00.0000000292126759449118367229
00.0000000292126759449118367229
00.0000000292126759449118367229
00.0000000292126759449118367229
00.0000000292126759449118367229
00.0000000292126759449118367229
00.0000000292126759449118367229
00.0000000292126759449118367229
00.0000000292126759449118367229
00.0000000292126759449118367229
00.0000000292126759449118367229
00.0000000292126759449118367229
00.0000000292126759449118367229
00.0000000292126759449118367229
00.0000000292126759449118367229
00.0000000292126759449118367229
00.0000000292126759449118367229
00.0000000292126759449118367229
00.0000000292126759449118367229
00.0000000292126759449118367229
00.0000000292126759449118367229
00.0000000292126759449118367229
00.0000000292126759449118367229
00.0000000292126759449118367229
00.0000000292126759449118367229
00.0000000292126759449118367229
00.0000000292126759449118367229
00.0000000292126759449118367229
00.0000000292126759449118367229
00.0000000292126759449118367229
00.0000000292126759449118367229
00.0000000292126759449118367229
00.0000000292126759449118367229
00.0000000292126759449118367229
00.0000000292126759449118367229
00.0000000292126759449118367229
00.0000000292126759449118367229
00.0000000292126759449118367229
00.0000000292126759449118367229
00.0000000292126759449118367229
00.0000000292126759449118367229
00.0000000292126759449118367229
00.0000000292126759449118367229
00.0000000292126759449118367229
00.0000000292126759449118367229
00.0000000292126759449118367229
00.0000000292126759449118367229
00.0000000292126759449118367229
00.0000000292126759449118367229
00.0000000292126759449118367229
00.0000000292126759449118367229
00.0000000292126759449118367229
00.0000000292126759449118367229
00.0000000292126759449118367229
00.0000000292126759449118367229
00.0000000292126759449118367229
00.0000000292126759449118367229
00.0000000292126759449118367229
00.0000000292126759449118367229
00.0000000292126759449118367229
00.0000000292126759449118367229
00.0000000292126759449118367229
00.0000000292126759449118367229
00.0000000292126759449118367229
00.0000000292126759449118367229
00.0000000292126759449118367229
00.0000000292126759449118367229
00.0000000292126759449118367229
00.0000000292126759449118367229
00.0000000292126759449118367229
00.0000000292126759449118367229
00.0000000292126759449118367229
00.0000000292126759449118367229
00.0000000292126759449118367229
00.0000000292126759449118367229
00.0000000292126759449118367229
00.0000000292126759449118367229
00.0000000292126759449118367229
00.0000000292126759449118367229
00.0000000292126759449118367229
00.0000000292126759449118367229
00.0000000292126759449118367229
00.0000000292126759449118367229
00.0000000292126759449118367229
00.0000000292126759449118367229
00.0000000292126759449118367229
00.0000000292126759449118367229
00.0000000292126759449118367229
00.0000000292126759449118367229
00.0000000292126759449118367229
00.0000000292126759449118367229
00.0000000292126759449118367229
00.0000000292126759449118367229
00.0000000292126759449118367229
00.0000000292126759449118367229
00.0000000292126759449118367229
00.0000000292126759449118367229
00.0000000292126759449118367229
00.0000000292126759449118367229
00.0000000292126759449118367229
00.0000000292126759449118367229
00.0000000292126759449118367229
00.0000000292126759449118367229
00.0000000292126759449118367229
00.0000000292126759449118367229
00.0000000292126759449118367229
00.0000000292126759449118367229
00.0000000292126759449118367229
00.0000000292126759449118367229
00.0000000292126759449118367229
00.0000000292126759449118367229
00.0000000292126759449118367229
00.0000000292126759449118367229
00.0000000292126759449118367229
00.0000000292126759449118367229
00.0000000292126759449118367229
00.0000000292126759449118367229
00.0000000292126759449118367229
00.0000000292126759449118367229
00.0000000292126759449118367229
00.0000000292126759449118367229
00.0000000292126759449118367229
00.0000000292126759449118367229
00.0000000292126759449118367229
00.0000000292126759449118367229
00.0000000292126759449118367229
00.0000000292126759449118367229
00.0000000292126759449118367229
00.0000000292126759449118367229
00.0000000292126759449118367229
00.0000000292126759449118367229
00.0000000292126759449118367229
00.0000000292126759449118367229
00.0000000292126759449118367229
00.0000000292126759449118367229
00.0000000292126759449118367229
00.0000000292126759449118367229
00.0000000292126759449118367229
00.0000000292126759449118367229
00.0000000292126759449118367229
00.0000000292126759449118367229
00.0000000292126759449118367229
00.0000000292126759449118367229
00.0000000292126759449118367229
00.0000000292126759449118367229
00.0000000292126759449118367229
00.0000000292126759449118367229
00.0000000292126759449118367229
00.0000000292126759449118367229
00.0000000292126759449118367229
00.0000000292126759449118367229
00.0000000292126759449118367229
00.0000000292126759449118367229
00.0000000292126759449118367229
00.0000000292126759449118367229
00.0000000292126759449118367229
00.0000000292126759449118367229
00.0000000292126759449118367229
00.0000000292126759449118367229
00.0000000292126759449118367229
00.0000000292126759449118367229
00.0000000292126759449118367229
00.0000000292126759449118367229
00.0000000292126759449118367229
00.0000000292126759449118367229
00.0000000292126759449118367229
00.0000000292126759449118367229
00.0000000292126759449118367229
00.0000000292126759449118367229
00.0000000292126759449118367229
00.0000000292126759449118367229
00.0000000292126759449118367229
00.0000000292126759449118367229
00.0000000292126759449118367229
00.0000000292126759449118367229
00.0000000292126759449118367229
00.0000000292126759449118367229
00.0000000292126759449118367229
00.0000000292126759449118367229
00.0000000292126759449118367229
00.0000000292126759449118367229
00.0000000292126759449118367229
00.0000000292126759449118367229
00.0000000292126759449118367229
00.0000000292126759449118367229
00.0000000292126759449118367229
00.0000000292126759449118367229
00.0000000292126759449118367229
00.0000000292126759449118367229
00.0000000292126759449118367229
00.0000000292126759449118367229
00.0000000292126759449118367229
00.0000000292126759449118367229
00.0000000292126759449118367229
00.0000000292126759449118367229
00.0000000292126759449118367229
00.0000000292126759449118367229
00.0000000292126759449118367229
00.0000000292126759449118367229
00.0000000292126759449118367229
00.0000000292126759449118367229
00.0000000292126759449118367229
00.0000000292126759449118367229
00.0000000292126759449118367229
00.0000000292126759449118367229
00.0000000292126759449118367229
00.0000000292126759449118367229
00.0000000292126759449118367229
00.0000000292126759449118367229
00.0000000292126759449118367229
00.0000000292126759449118367229
00.0000000292126759449118367229
00.0000000292126759449118367229
00.0000000292126759449118367229
00.0000000292126759449118367229
00.0000000292126759449118367229
00.0000000292126759449118367229
00.0000000292126759449118367229
00.0000000292126759449118367229
00.0000000292126759449118367229
00.0000000292126759449118367229
00.0000000292126759449118367229
00.0000000292126759449118367229
00.0000000292126759449118367229
00.0000000292126759449118367229
00.0000000292126759449118367229
00.0000000292126759449118367229
00.0000000292126759449118367229
00.0000000292126759449118367229
00.0000000292126759449118367229
00.0000000292126759449118367229
00.0000000292126759449118367229
00.0000000292126759449118367229
00.0000000292126759449118367229
00.0000000292126759449118367229
00.0000000292126759449118367229
00.0000000292126759449118367229
00.0000000292126759449118367229
00.0000000292126759449118367229
00.0000000292126759449118367229
00.0000000292126759449118367229
00.0000000292126759449118367229
00.0000000292126759449118367229
00.0000000292126759449118367229
00.0000000292126759449118367229
00.0000000292126759449118367229
00.0000000292126759449118367229
00.0000000292126759449118367229
00.0000000292126759449118367229
00.0000000292126759449118367229
00.0000000292126759449118367229
00.0000000292126759449118367229
00.0000000292126759449118367229
00.0000000292126759449118367229
00.0000000292126759449118367229
00.0000000292126759449118367229
00.0000000292126759449118367229
00.0000000292126759449118367229
00.0000000292126759449118367229
00.0000000292126759449118367229
00.0000000292126759449118367229
00.0000000292126759449118367229
00.0000000292126759449118367229
00.0000000292126759449118367229
00.0000000292126759449118367229
00.0000000292126759449118367229
00.0000000292126759449118367229
00.0000000292126759449118367229
00.0000000292126759449118367229
00.0000000292126759449118367229
00.0000000292126759449118367229
00.0000000292126759449118367229
00.0000000292126759449118367229
00.0000000292126759449118367229
00.0000000292126759449118367229
00.0000000292126759449118367229
00.0000000292126759449118367229
00.0000000292126759449118367229
00.0000000292126759449118367229
00.0000000292126759449118367229
00.0000000292126759449118367229
00.0000000292126759449118367229
00.0000000292126759449118367229
00.0000000292126759449118367229
00.0000000292126759449118367229
00.0000000292126759449118367229
00.0000000292126759449118367229
00.0000000292126759449118367229
00.0000000292126759449118367229
00.0000000292126759449118367229
00.0000000292126759449118367229
00.0000000292126759449118367229
00.0000000292126759449118367229
00.0000000292126759449118367229
00.0000000292126759449118367229
00.0000000292126759449118367229
00.0000000292126759449118367229
00.0000000292126759449118367229
00.0000000292126759449118367229
00.0000000292126759449118367229
00.0000000292126759449118367229
00.0000000292126759449118367229
00.0000000292126759449118367229
00.0000000292126759449118367229
00.0000000292126759449118367229
00.0000000292126759449118367229
00.0000000292126759449118367229
00.0000000292126759449118367229
00.0000000292126759449118367229
00.0000000292126759449118367229
00.0000000292126759449118367229
00.0000000292126759449118367229
00.0000000292126759449118367229
00.0000000292126759449118367229
00.0000000292126759449118367229
00.0000000292126759449118367229
00.0000000292126759449118367229
00.0000000292126759449118367229
00.0000000292126759449118367229
00.0000000292126759449118367229
00.0000000292126759449118367229
00.0000000292126759449118367229
00.0000000292126759449118367229
00.0000000292126759449118367229
00.0000000292126759449118367229
00.0000000292126759449118367229
00.0000000292126759449118367229
00.0000000292126759449118367229
00.0000000292126759449118367229
00.0000000292126759449118367229
00.0000000292126759449118367229
00.0000000292126759449118367229
00.0000000292126759449118367229
00.0000000292126759449118367229
00.0000000292126759449118367229
00.0000000292126759449118367229
00.0000000292126759449118367229
00.0000000292126759449118367229
00.0000000292126759449118367229
00.0000000292126759449118367229
00.0000000292126759449118367229
00.0000000292126759449118367229
00.0000000292126759449118367229
00.0000000292126759449118367229
00.0000000292126759449118367229
00.0000000292126759449118367229
00.0000000292126759449118367229
00.0000000292126759449118367229
00.0000000292126759449118367229
00.0000000292126759449118367229
00.0000000292126759449118367229
00.0000000292126759449118367229
00.0000000292126759449118367229
00.0000000292126759449118367229
00.0000000292126759449118367229
00.0000000292126759449118367229
00.0000000292126759449118367229
00.0000000292126759449118367229
00.0000000292126759449118367229
00.0000000292126759449118367229
00.0000000292126759449118367229
00.0000000292126759449118367229
00.0000000292126759449118367229
00.0000000292126759449118367229
00.0000000292126759449118367229
00.0000000292126759449118367229
00.0000000292126759449118367229
00.0000000292126759449118367229
00.0000000292126759449118367229
00.0000000292126759449118367229
00.0000000292126759449118367229
00.0000000292126759449118367229
00.0000000292126759449118367229
00.0000000292126759449118367229
00.0000000292126759449118367229
00.0000000292126759449118367229
00.0000000292126759449118367229
00.0000000292126759449118367229
00.0000000292126759449118367229
00.0000000292126759449118367229
00.0000000292126759449118367229
00.0000000292126759449118367229
00.0000000292126759449118367229
00.0000000292126759449118367229
00.0000000292126759449118367229
00.0000000292126759449118367229
00.0000000292126759449118367229
00.0000000292126759449118367229
00.0000000292126759449118367229
00.0000000292126759449118367229
00.0000000292126759449118367229
00.0000000292126759449118367229
00.0000000292126759449118367229
00.0000000292126759449118367229
00.0000000292126759449118367229
00.0000000292126759449118367229
00.0000000292126759449118367229
00.0000000292126759449118367229
00.0000000292126759449118367229
00.0000000292126759449118367229
00.0000000292126759449118367229
00.0000000292126759449118367229
00.0000000292126759449118367229
00.0000000292126759449118367229
00.0000000292126759449118367229
00.0000000292126759449118367229
00.0000000292126759449118367229
00.0000000292126759449118367229
00.0000000292126759449118367229
00.0000000292126759449118367229
00.0000000292126759449118367229
00.0000000292126759449118367229
00.0000000292126759449118367229
00.0000000292126759449118367229
00.0000000292126759449118367229
00.0000000292126759449118367229
00.0000000292126759449118367229
00.0000000292126759449118367229
00.0000000292126759449118367229
00.0000000292126759449118367229
00.0000000292126759449118367229
00.0000000292126759449118367229
00.0000000292126759449118367229
00.0000000292126759449118367229
00.0000000292126759449118367229
00.0000000292126759449118367229
00.0000000292126759449118367229
00.0000000292126759449118367229
00.0000000292126759449118367229
00.0000000292126759449118367229
00.0000000292126759449118367229
00.0000000292126759449118367229
00.0000000292126759449118367229
00.0000000292126759449118367229
00.0000000292126759449118367229
00.0000000292126759449118367229
00.0000000292126759449118367229
00.0000000292126759449118367229
00.0000000292126759449118367229
00.0000000292126759449118367229
00.0000000292126759449118367229
00.0000000292126759449118367229
00.0000000292126759449118367229
00.0000000292126759449118367229
00.0000000292126759449118367229
00.0000000292126759449118367229
00.0000000292126759449118367229
00.0000000292126759449118367229
00.0000000292126759449118367229
00.0000000292126759449118367229
00.0000000292126759449118367229
00.0000000292126759449118367229
00.0000000292126759449118367229
00.0000000292126759449118367229
00.0000000292126759449118367229
00.0000000292126759449118367229
00.0000000292126759449118367229
00.0000000292126759449118367229
00.0000000292126759449118367229
00.0000000292126759449118367229
00.0000000292126759449118367229
00.0000000292126759449118367229
00.0000000292126759449118367229
00.0000000292126759449118367229
00.0000000292126759449118367229
00.0000000292126759449118367229
00.0000000292126759449118367229
00.0000000292126759449118367229
00.0000000292126759449118367229
00.0000000292126759449118367229
00.0000000292126759449118367229
00.0000000292126759449118367229
00.0000000292126759449118367229
00.0000000292126759449118367229
00.0000000292126759449118367229
00.0000000292126759449118367229
00.0000000292126759449118367229
00.0000000292126759449118367229
00.0000000292126759449118367229
00.0000000292126759449118367229
00.0000000292126759449118367229
00.0000000292126759449118367229
00.0000000292126759449118367229
00.0000000292126759449118367229
00.0000000292126759449118367229
00.0000000292126759449118367229
00.0000000292126759449118367229
00.0000000292126759449118367229
00.0000000292126759449118367229
00.0000000292126759449118367229
00.0000000292126759449118367229
00.0000000292126759449118367229
00.0000000292126759449118367229
00.0000000292126759449118367229
00.0000000292126759449118367229
00.0000000292126759449118367229
00.0000000292126759449118367229
00.0000000292126759449118367229
00.0000000292126759449118367229
00.0000000292126759449118367229
00.0000000292126759449118367229
00.0000000292126759449118367229
00.0000000292126759449118367229
00.0000000292126759449118367229
00.0000000292126759449118367229
00.0000000292126759449118367229
00.0000000292126759449118367229
00.0000000292126759449118367229
00.0000000292126759449118367229
00.0000000292126759449118367229
00.0000000292126759449118367229
00.0000000292126759449118367229
00.0000000292126759449118367229
00.0000000292126759449118367229
00.0000000292126759449118367229
00.0000000292126759449118367229
00.0000000292126759449118367229
00.0000000292126759449118367229
00.0000000292126759449118367229
00.0000000292126759449118367229
00.0000000292126759449118367229
00.0000000292126759449118367229
00.0000000292126759449118367229
00.0000000292126759449118367229
00.0000000292126759449118367229
00.0000000292126759449118367229
00.0000000292126759449118367229
00.0000000292126759449118367229
00.0000000292126759449118367229
00.0000000292126759449118367229
00.0000000292126759449118367229
00.0000000292126759449118367229
00.0000000292126759449118367229
00.0000000292126759449118367229
00.0000000292126759449118367229
00.0000000292126759449118367229
00.0000000292126759449118367229
00.0000000292126759449118367229
00.0000000292126759449118367229
00.0000000292126759449118367229
00.0000000292126759449118367229
00.0000000292126759449118367229
00.0000000292126759449118367229
00.0000000292126759449118367229
00.0000000292126759449118367229
00.0000000292126759449118367229
00.0000000292126759449118367229
00.0000000292126759449118367229
00.0000000292126759449118367229
00.0000000292126759449118367229
00.0000000292126759449118367229
00.0000000292126759449118367229
00.0000000292126759449118367229
00.0000000292126759449118367229
00.0000000292126759449118367229
00.0000000292126759449118367229
00.0000000292126759449118367229
00.0000000292126759449118367229
00.0000000292126759449118367229
00.0000000292126759449118367229
00.0000000292126759449118367229
00.0000000292126759449118367229
00.0000000292126759449118367229
00.0000000292126759449118367229
00.0000000292126759449118367229
00.0000000292126759449118367229
00.0000000292126759449118367229
00.0000000292126759449118367229
00.0000000292126759449118367229
00.0000000292126759449118367229
00.0000000292126759449118367229
00.0000000292126759449118367229
00.0000000292126759449118367229
00.0000000292126759449118367229
00.0000000292126759449118367229
00.0000000292126759449118367229
00.0000000292126759449118367229
00.0000000292126759449118367229
00.0000000292126759449118367229
00.0000000292126759449118367229
00.0000000292126759449118367229
00.0000000292126759449118367229
00.0000000292126759449118367229
00.0000000292126759449118367229
00.0000000292126759449118367229
00.0000000292126759449118367229
00.0000000292126759449118367229
00.0000000292126759449118367229
00.0000000292126759449118367229
00.0000000292126759449118367229
00.0000000292126759449118367229
00.0000000292126759449118367229
00.0000000292126759449118367229
00.0000000292126759449118367229
00.0000000292126759449118367229
00.0000000292126759449118367229
00.0000000292126759449118367229
00.0000000292126759449118367229
00.0000000292126759449118367229
00.0000000292126759449118367229
00.0000000292126759449118367229
00.0000000292126759449118367229
00.0000000292126759449118367229
00.0000000292126759449118367229
00.0000000292126759449118367229
00.0000000292126759449118367229
00.0000000292126759449118367229
00.0000000292126759449118367229
00.0000000292126759449118367229
00.0000000292126759449118367229
00.0000000292126759449118367229
00.0000000292126759449118367229
00.0000000292126759449118367229
00.0000000292126759449118367229
00.0000000292126759449118367229
00.0000000292126759449118367229
00.0000000292126759449118367229
00.0000000292126759449118367229
00.0000000292126759449118367229
00.0000000292126759449118367229
00.0000000292126759449118367229
00.0000000292126759449118367229
00.0000000292126759449118367229
00.0000000292126759449118367229
00.0000000292126759449118367229
00.0000000292126759449118367229
00.0000000292126759449118367229
00.0000000292126759449118367229
00.0000000292126759449118367229
00.0000000292126759449118367229
00.0000000292126759449118367229
00.0000000292126759449118367229
00.0000000292126759449118367229
00.0000000292126759449118367229
00.0000000292126759449118367229
00.0000000292126759449118367229
00.0000000292126759449118367229
00.0000000292126759449118367229
00.0000000292126759449118367229
00.0000000292126759449118367229
00.0000000292126759449118367229
00.0000000292126759449118367229
00.0000000292126759449118367229
00.0000000292126759449118367229
00.0000000292126759449118367229
00.0000000292126759449118367229
00.0000000292126759449118367229
00.0000000292126759449118367229
00.0000000292126759449118367229
00.0000000292126759449118367229
00.0000000292126759449118367229
00.0000000292126759449118367229
00.0000000292126759449118367229
00.0000000292126759449118367229
00.0000000292126759449118367229
00.0000000292126759449118367229
00.0000000292126759449118367229
00.0000000292126759449118367229
00.0000000292126759449118367229
00.0000000292126759449118367229
00.0000000292126759449118367229
00.0000000292126759449118367229
00.0000000292126759449118367229
00.0000000292126759449118367229
00.0000000292126759449118367229
00.0000000292126759449118367229
00.0000000292126759449118367229
00.0000000292126759449118367229
00.0000000292126759449118367229
00.0000000292126759449118367229
00.0000000292126759449118367229
00.0000000292126759449118367229
00.0000000292126759449118367229
00.0000000292126759449118367229
00.0000000292126759449118367229
00.0000000292126759449118367229
00.0000000292126759449118367229
00.0000000292126759449118367229
00.0000000292126759449118367229
00.0000000292126759449118367229
00.0000000292126759449118367229
00.0000000292126759449118367229
00.0000000292126759449118367229
00.0000000292126759449118367229
00.0000000292126759449118367229
00.0000000292126759449118367229
00.0000000292126759449118367229
00.0000000292126759449118367229
00.0000000292126759449118367229
00.0000000292126759449118367229
00.0000000292126759449118367229
00.0000000292126759449118367229
00.0000000292126759449118367229
00.0000000292126759449118367229
00.0000000292126759449118367229
00.0000000292126759449118367229
00.0000000292126759449118367229
00.0000000292126759449118367229
00.0000000292126759449118367229
00.0000000292126759449118367229
00.0000000292126759449118367229
00.0000000292126759449118367229
00.0000000292126759449118367229
00.0000000292126759449118367229
00.0000000292126759449118367229
00.0000000292126759449118367229
00.0000000292126759449118367229
00.0000000292126759449118367229
00.0000000292126759449118367229
00.0000000292126759449118367229
00.0000000292126759449118367229
00.0000000292126759449118367229
00.0000000292126759449118367229
00.0000000292126759449118367229
00.0000000292126759449118367229
00.0000000292126759449118367229
00.0000000292126759449118367229
00.0000000292126759449118367229
00.0000000292126759449118367229
00.0000000292126759449118367229
00.0000000292126759449118367229
00.0000000292126759449118367229
00.0000000292126759449118367229
00.0000000292126759449118367229
00.0000000292126759449118367229
00.0000000292126759449118367229
00.0000000292126759449118367229
00.0000000292126759449118367229
00.0000000292126759449118367229
00.0000000292126759449118367229
00.0000000292126759449118367229
00.0000000292126759449118367229
00.0000000292126759449118367229
00.0000000292126759449118367229
00.0000000292126759449118367229
00.0000000292126759449118367229
00.0000000292126759449118367229
00.0000000292126759449118367229
00.0000000292126759449118367229
00.0000000292126759449118367229
00.0000000292126759449118367229
00.0000000292126759449118367229
00.0000000292126759449118367229
00.0000000292126759449118367229
00.0000000292126759449118367229
00.0000000292126759449118367229
00.0000000292126759449118367229
00.0000000292126759449118367229
00.0000000292126759449118367229
00.0000000292126759449118367229
00.0000000292126759449118367229
00.0000000292126759449118367229
00.0000000292126759449118367229
00.0000000292126759449118367229
00.0000000292126759449118367229
00.0000000292126759449118367229
00.0000000292126759449118367229
00.0000000292126759449118367229
00.0000000292126759449118367229
00.0000000292126759449118367229
00.0000000292126759449118367229
00.0000000292126759449118367229
00.0000000292126759449118367229
00.0000000292126759449118367229
00.0000000292126759449118367229
00.0000000292126759449118367229
00.0000000292126759449118367229
00.0000000292126759449118367229
00.0000000292126759449118367229
00.0000000292126759449118367229
00.0000000292126759449118367229
00.0000000292126759449118367229
00.0000000292126759449118367229
00.0000000292126759449118367229
00.0000000292126759449118367229
00.0000000292126759449118367229
00.0000000292126759449118367229
00.0000000292126759449118367229
00.0000000292126759449118367229
00.0000000292126759449118367229
00.0000000292126759449118367229
00.0000000292126759449118367229
00.0000000292126759449118367229
00.0000000292126759449118367229
00.0000000292126759449118367229
00.0000000292126759449118367229
00.0000000292126759449118367229
00.0000000292126759449118367229
00.0000000292126759449118367229
00.0000000292126759449118367229
00.0000000292126759449118367229
00.0000000292126759449118367229
00.0000000292126759449118367229
00.0000000292126759449118367229
00.0000000292126759449118367229
00.0000000292126759449118367229
00.0000000292126759449118367229
00.0000000292126759449118367229
00.0000000292126759449118367229
00.0000000292126759449118367229
00.0000000292126759449118367229
00.0000000292126759449118367229
00.0000000292126759449118367229
00.0000000292126759449118367229
00.0000000292126759449118367229
00.0000000292126759449118367229
00.0000000292126759449118367229
00.0000000292126759449118367229
00.0000000292126759449118367229
00.0000000292126759449118367229
00.0000000292126759449118367229
00.0000000292126759449118367229
00.0000000292126759449118367229
00.0000000292126759449118367229
00.0000000292126759449118367229
00.0000000292126759449118367229
00.0000000292126759449118367229
00.0000000292126759449118367229
00.0000000292126759449118367229
00.0000000292126759449118367229
00.0000000292126759449118367229
00.0000000292126759449118367229
00.0000000292126759449118367229
00.0000000292126759449118367229
00.0000000292126759449118367229
00.0000000292126759449118367229
00.0000000292126759449118367229
00.0000000292126759449118367229
00.0000000292126759449118367229
00.0000000292126759449118367229
00.0000000292126759449118367229
00.0000000292126759449118367229
00.0000000292126759449118367229
00.0000000292126759449118367229
00.0000000292126759449118367229
00.0000000292126759449118367229
00.0000000292126759449118367229
00.0000000292126759449118367229
00.0000000292126759449118367229
00.0000000292126759449118367229
00.0000000292126759449118367229
00.0000000292126759449118367229
00.0000000292126759449118367229
00.0000000292126759449118367229
00.0000000292126759449118367229
00.0000000284210028844711359852
00.0000000284210028844711359852
00.0000000284210028844711359852
00.0000000284210028844711359852
00.0000000284210028844711359852
00.0000000284210028844711359852
00.0000000284210028844711359852
00.0000000284210028844711359852
00.0000000284210028844711359852
00.0000000284210028844711359852
00.0000000284210028844711359852
00.0000000284210028844711359852
00.0000000284210028844711359852
00.0000000284210028844711359852
00.0000000284210028844711359852
00.0000000284210028844711359852
00.0000000284210028844711359852
00.0000000284210028844711359852
00.0000000284210028844711359852
00.0000000284210028844711359852
00.0000000284210028844711359852
00.0000000284210028844711359852
00.0000000284210028844711359852
00.0000000284210028844711359852
00.0000000284210028844711359852
00.0000000284210028844711359852
00.0000000284210028844711359852
00.0000000284210028844711359852
00.0000000284210028844711359852
00.0000000284210028844711359852
00.0000000284210028844711359852
00.0000000284210028844711359852
00.0000000284210028844711359852
00.0000000284210028844711359852
00.0000000284210028844711359852
00.0000000284210028844711359852
00.0000000284210028844711359852
00.0000000284210028844711359852
00.0000000284210028844711359852
00.0000000284210028844711359852
00.0000000284210028844711359852
00.0000000284210028844711359852
00.0000000284210028844711359852
00.0000000284210028844711359852
00.0000000284210028844711359852
00.0000000284210028844711359852
00.0000000284210028844711359852
00.0000000284210028844711359852
00.0000000284210028844711359852
00.0000000284210028844711359852
00.0000000284210028844711359852
00.0000000284210028844711359852
00.0000000284210028844711359852
00.0000000284210028844711359852
00.0000000284210028844711359852
00.0000000284210028844711359852
00.0000000284210028844711359852
00.0000000284210028844711359852
00.0000000284210028844711359852
00.0000000284210028844711359852
00.0000000284210028844711359852
00.0000000284210028844711359852
00.0000000284210028844711359852
00.0000000284210028844711359852
00.0000000284210028844711359852
00.0000000284210028844711359852
00.0000000284210028844711359852
00.0000000284210028844711359852
00.0000000284210028844711359852
00.0000000284210028844711359852
00.0000000284210028844711359852
00.0000000284210028844711359852
00.0000000284210028844711359852
00.0000000284210028844711359852
00.0000000284210028844711359852
00.0000000284210028844711359852
00.0000000284210028844711359852
00.0000000284210028844711359852
00.0000000284210028844711359852
00.0000000284210028844711359852
00.0000000284210028844711359852
00.0000000284210028844711359852
00.0000000284210028844711359852
00.0000000284210028844711359852
00.0000000284210028844711359852
00.0000000284210028844711359852
00.0000000284210028844711359852
00.0000000284210028844711359852
00.0000000284210028844711359852
00.0000000284210028844711359852
00.0000000284210028844711359852
00.0000000284210028844711359852
00.0000000284210028844711359852
00.0000000284210028844711359852
00.0000000284210028844711359852
00.0000000284210028844711359852
00.0000000284210028844711359852
00.0000000284210028844711359852
00.0000000284210028844711359852
00.0000000284210028844711359852
00.0000000284210028844711359852
00.0000000284210028844711359852
00.0000000284210028844711359852
00.0000000284210028844711359852
00.0000000284210028844711359852
00.0000000284210028844711359852
00.0000000284210028844711359852
00.0000000284210028844711359852
00.0000000284210028844711359852
00.0000000284210028844711359852
00.0000000284210028844711359852
00.0000000284210028844711359852
00.0000000284210028844711359852
00.0000000284210028844711359852
00.0000000284210028844711359852
00.0000000284210028844711359852
00.0000000284210028844711359852
00.0000000284210028844711359852
00.0000000284210028844711359852
00.0000000284210028844711359852
00.0000000284210028844711359852
00.0000000284210028844711359852
00.0000000284210028844711359852
00.0000000284210028844711359852
00.0000000284210028844711359852
00.0000000284210028844711359852
00.0000000284210028844711359852
00.0000000284210028844711359852
00.0000000284210028844711359852
00.0000000284210028844711359852
00.0000000284210028844711359852
00.0000000284210028844711359852
00.0000000284210028844711359852
00.0000000284210028844711359852
00.0000000284210028844711359852
00.0000000284210028844711359852
00.0000000284210028844711359852
00.0000000284210028844711359852
00.0000000284210028844711359852
00.0000000284210028844711359852
00.0000000284210028844711359852
00.0000000284210028844711359852
00.0000000284210028844711359852
00.0000000284210028844711359852
00.0000000284210028844711359852
00.0000000284210028844711359852
00.0000000284210028844711359852
00.0000000284210028844711359852
00.0000000284210028844711359852
00.0000000284210028844711359852
00.0000000284210028844711359852
00.0000000284210028844711359852
00.0000000284210028844711359852
00.0000000284210028844711359852
00.0000000284210028844711359852
00.0000000284210028844711359852
00.0000000284210028844711359852
00.0000000284210028844711359852
00.0000000284210028844711359852
00.0000000284210028844711359852
00.0000000284210028844711359852
00.0000000284210028844711359852
00.0000000284210028844711359852
00.0000000284210028844711359852
00.0000000284210028844711359852
00.0000000284210028844711359852
00.0000000284210028844711359852
00.0000000284210028844711359852
00.0000000284210028844711359852
00.0000000284210028844711359852
00.0000000284210028844711359852
00.0000000284210028844711359852
00.0000000284210028844711359852
00.0000000284210028844711359852
00.0000000284210028844711359852
00.0000000284210028844711359852
00.0000000284210028844711359852
00.0000000284210028844711359852
00.0000000284210028844711359852
00.0000000284210028844711359852
00.0000000284210028844711359852
00.0000000284210028844711359852
00.0000000284210028844711359852
00.0000000284210028844711359852
00.0000000284210028844711359852
00.0000000284210028844711359852
00.0000000284210028844711359852
00.0000000284210028844711359852
00.0000000284210028844711359852
00.0000000284210028844711359852
00.0000000284210028844711359852
00.0000000284210028844711359852
00.0000000284210028844711359852
00.0000000284210028844711359852
00.0000000284210028844711359852
00.0000000284210028844711359852
00.0000000284210028844711359852
00.0000000284210028844711359852
00.0000000284210028844711359852
00.0000000284210028844711359852
00.0000000284210028844711359852
00.0000000284210028844711359852
00.0000000284210028844711359852
00.0000000284210028844711359852
00.0000000284210028844711359852
00.0000000284210028844711359852
00.0000000284210028844711359852
00.0000000284210028844711359852
00.0000000284210028844711359852
00.0000000284210028844711359852
00.0000000284210028844711359852
00.0000000284210028844711359852
00.0000000284210028844711359852
00.0000000284210028844711359852
00.0000000284210028844711359852
00.0000000284210028844711359852
00.0000000284210028844711359852
00.0000000284210028844711359852
00.0000000284210028844711359852
00.0000000284210028844711359852
00.0000000284210028844711359852
00.0000000284210028844711359852
00.0000000284210028844711359852
00.0000000284210028844711359852
00.0000000284210028844711359852
00.0000000284210028844711359852
00.0000000284210028844711359852
00.0000000284210028844711359852
00.0000000284210028844711359852
00.0000000284210028844711359852
00.0000000284210028844711359852
00.0000000284210028844711359852
00.0000000284210028844711359852
00.0000000284210028844711359852
00.0000000284210028844711359852
00.0000000284210028844711359852
00.0000000284210028844711359852
00.0000000284210028844711359852
00.0000000284210028844711359852
00.0000000284210028844711359852
00.0000000284210028844711359852
00.0000000284210028844711359852
00.0000000284210028844711359852
00.0000000284210028844711359852
00.0000000284210028844711359852
00.0000000284210028844711359852
00.0000000284210028844711359852
00.0000000284210028844711359852
00.0000000284210028844711359852
00.0000000284210028844711359852
00.0000000284210028844711359852
00.0000000284210028844711359852
00.0000000284210028844711359852
00.0000000284210028844711359852
00.0000000284210028844711359852
00.0000000284210028844711359852
00.0000000284210028844711359852
00.0000000284210028844711359852
00.0000000284210028844711359852
00.0000000284210028844711359852
00.0000000284210028844711359852
00.0000000284210028844711359852
00.0000000284210028844711359852
00.0000000284210028844711359852
00.0000000284210028844711359852
00.0000000284210028844711359852
00.0000000284210028844711359852
00.0000000284210028844711359852
00.0000000284210028844711359852
00.0000000284210028844711359852
00.0000000284210028844711359852
00.0000000284210028844711359852
00.0000000284210028844711359852
00.0000000284210028844711359852
00.0000000284210028844711359852
00.0000000284210028844711359852
00.0000000284210028844711359852
00.0000000284210028844711359852
00.0000000284210028844711359852
00.0000000284210028844711359852
00.0000000284210028844711359852
00.0000000284210028844711359852
00.0000000284210028844711359852
00.0000000284210028844711359852
00.0000000284210028844711359852
00.0000000284210028844711359852
00.0000000284210028844711359852
00.0000000284210028844711359852
00.0000000284210028844711359852
00.0000000284210028844711359852
00.0000000284210028844711359852
00.0000000284210028844711359852
00.0000000284210028844711359852
00.0000000284210028844711359852
00.0000000284210028844711359852
00.0000000284210028844711359852
00.0000000284210028844711359852
00.0000000284210028844711359852
00.0000000284210028844711359852
00.0000000284210028844711359852
00.0000000284210028844711359852
00.0000000284210028844711359852
00.0000000284210028844711359852
00.0000000284210028844711359852
00.0000000284210028844711359852
00.0000000284210028844711359852
00.0000000284210028844711359852
00.0000000284210028844711359852
00.0000000284210028844711359852
00.0000000284210028844711359852
00.0000000284210028844711359852
00.0000000284210028844711359852
00.0000000284210028844711359852
00.0000000284210028844711359852
00.0000000284210028844711359852
00.0000000284210028844711359852
00.0000000284210028844711359852
00.0000000284210028844711359852
00.0000000284210028844711359852
00.0000000284210028844711359852
00.0000000284210028844711359852
00.0000000284210028844711359852
00.0000000284210028844711359852
00.0000000284210028844711359852
00.0000000284210028844711359852
00.0000000284210028844711359852
00.0000000284210028844711359852
00.0000000284210028844711359852
00.0000000284210028844711359852
00.0000000284210028844711359852
00.0000000284210028844711359852
00.0000000284210028844711359852
00.0000000284210028844711359852
00.0000000284210028844711359852
00.0000000284210028844711359852
00.0000000284210028844711359852
00.0000000284210028844711359852
00.0000000284210028844711359852
00.0000000284210028844711359852
00.0000000284210028844711359852
00.0000000284210028844711359852
00.0000000284210028844711359852
00.0000000284210028844711359852
00.0000000284210028844711359852
00.0000000284210028844711359852
00.0000000284210028844711359852
00.0000000284210028844711359852
00.0000000284210028844711359852
00.0000000284210028844711359852
00.0000000284210028844711359852
00.0000000284210028844711359852
00.0000000284210028844711359852
00.0000000284210028844711359852
00.0000000284210028844711359852
00.0000000284210028844711359852
00.0000000284210028844711359852
00.0000000284210028844711359852
00.0000000284210028844711359852
00.0000000284210028844711359852
00.0000000284210028844711359852
00.0000000284210028844711359852
00.0000000284210028844711359852
00.0000000284210028844711359852
00.0000000284210028844711359852
00.0000000284210028844711359852
00.0000000284210028844711359852
00.0000000284210028844711359852
00.0000000284210028844711359852
00.0000000284210028844711359852
00.0000000284210028844711359852
00.0000000284210028844711359852
00.0000000284210028844711359852
00.0000000284210028844711359852
00.0000000284210028844711359852
00.0000000284210028844711359852
00.0000000284210028844711359852
00.0000000284210028844711359852
00.0000000284210028844711359852
00.0000000284210028844711359852
00.0000000284210028844711359852
00.0000000284210028844711359852
00.0000000284210028844711359852
00.0000000284210028844711359852
00.0000000284210028844711359852
00.0000000284210028844711359852
00.0000000284210028844711359852
00.0000000284210028844711359852
00.0000000284210028844711359852
00.0000000284210028844711359852
00.0000000284210028844711359852
00.0000000284210028844711359852
00.0000000284210028844711359852
00.0000000284210028844711359852
00.0000000284210028844711359852
00.0000000284210028844711359852
00.0000000284210028844711359852
00.0000000284210028844711359852
00.0000000284210028844711359852
00.0000000284210028844711359852
00.0000000284210028844711359852
00.0000000284210028844711359852
00.0000000284210028844711359852
00.0000000284210028844711359852
00.0000000284210028844711359852
00.0000000284210028844711359852
00.0000000284210028844711359852
00.0000000284210028844711359852
00.0000000284210028844711359852
00.0000000284210028844711359852
00.0000000284210028844711359852
00.0000000284210028844711359852
00.0000000284210028844711359852
00.0000000284210028844711359852
00.0000000284210028844711359852
00.0000000284210028844711359852
00.0000000284210028844711359852
00.0000000284210028844711359852
00.0000000284210028844711359852
00.0000000284210028844711359852
00.0000000284210028844711359852
00.0000000284210028844711359852
00.0000000284210028844711359852
00.0000000284210028844711359852
00.0000000284210028844711359852
00.0000000284210028844711359852
00.0000000284210028844711359852
00.0000000284210028844711359852
00.0000000284210028844711359852
00.0000000284210028844711359852
00.0000000284210028844711359852
00.0000000284210028844711359852
00.0000000284210028844711359852
00.0000000284210028844711359852
00.0000000284210028844711359852
00.0000000284210028844711359852
00.0000000284210028844711359852
00.0000000284210028844711359852
00.0000000284210028844711359852
00.0000000284210028844711359852
00.0000000284210028844711359852
00.0000000284210028844711359852
00.0000000284210028844711359852
00.0000000284210028844711359852
00.0000000284210028844711359852
00.0000000284210028844711359852
00.0000000284210028844711359852
00.0000000284210028844711359852
00.0000000284210028844711359852
00.0000000284210028844711359852
00.0000000284210028844711359852
00.0000000284210028844711359852
00.0000000284210028844711359852
00.0000000284210028844711359852
00.0000000284210028844711359852
00.0000000284210028844711359852
00.0000000284210028844711359852
00.0000000284210028844711359852
00.0000000284210028844711359852
00.0000000284210028844711359852
00.0000000284210028844711359852
00.0000000284210028844711359852
00.0000000284210028844711359852
00.0000000284210028844711359852
00.0000000284210028844711359852
00.0000000284210028844711359852
00.0000000284210028844711359852
00.0000000284210028844711359852
00.0000000284210028844711359852
00.0000000284210028844711359852
00.0000000284210028844711359852
00.0000000284210028844711359852
00.0000000284210028844711359852
00.0000000284210028844711359852
00.0000000284210028844711359852
00.0000000284210028844711359852
00.0000000284210028844711359852
00.0000000284210028844711359852
00.0000000284210028844711359852
00.0000000284210028844711359852
00.0000000284210028844711359852
00.0000000284210028844711359852
00.0000000284210028844711359852
00.0000000284210028844711359852
00.0000000284210028844711359852
00.0000000284210028844711359852
00.0000000284210028844711359852
00.0000000284210028844711359852
00.0000000284210028844711359852
00.0000000284210028844711359852
00.0000000284210028844711359852
00.0000000284210028844711359852
00.0000000284210028844711359852
00.0000000284210028844711359852
00.0000000284210028844711359852
00.0000000284210028844711359852
00.0000000284210028844711359852
00.0000000284210028844711359852
00.0000000284210028844711359852
00.0000000284210028844711359852
00.0000000284210028844711359852
00.0000000284210028844711359852
00.0000000284210028844711359852
00.0000000284210028844711359852
00.0000000284210028844711359852
00.0000000284210028844711359852
00.0000000284210028844711359852
00.0000000284210028844711359852
00.0000000284210028844711359852
00.0000000284210028844711359852
00.0000000284210028844711359852
00.0000000284210028844711359852
00.0000000284210028844711359852
00.0000000284210028844711359852
00.0000000284210028844711359852
00.0000000284210028844711359852
00.0000000284210028844711359852
00.0000000284210028844711359852
00.0000000284210028844711359852
00.0000000284210028844711359852
00.0000000284210028844711359852
00.0000000284210028844711359852
00.0000000284210028844711359852
00.0000000284210028844711359852
00.0000000284210028844711359852
00.0000000284210028844711359852
00.0000000284210028844711359852
00.0000000284210028844711359852
00.0000000284210028844711359852
00.0000000284210028844711359852
00.0000000284210028844711359852
00.0000000284210028844711359852
00.0000000284210028844711359852
00.0000000284210028844711359852
00.0000000284210028844711359852
00.0000000284210028844711359852
00.0000000284210028844711359852
00.0000000284210028844711359852
00.0000000284210028844711359852
00.0000000284210028844711359852
00.0000000284210028844711359852
00.0000000284210028844711359852
00.0000000284210028844711359852
00.0000000284210028844711359852
00.0000000284210028844711359852
00.0000000284210028844711359852
00.0000000284210028844711359852
00.0000000284210028844711359852
00.0000000284210028844711359852
00.0000000284210028844711359852
00.0000000284210028844711359852
00.0000000284210028844711359852
00.0000000284210028844711359852
00.0000000284210028844711359852
00.0000000284210028844711359852
00.0000000284210028844711359852
00.0000000284210028844711359852
00.0000000284210028844711359852
00.0000000284210028844711359852
00.0000000284210028844711359852
00.0000000284210028844711359852
00.0000000284210028844711359852
00.0000000284210028844711359852
00.0000000284210028844711359852
00.0000000284210028844711359852
00.0000000284210028844711359852
00.0000000284210028844711359852
00.0000000284210028844711359852
00.0000000284210028844711359852
00.0000000284210028844711359852
00.0000000284210028844711359852
00.0000000284210028844711359852
00.0000000284210028844711359852
00.0000000284210028844711359852
00.0000000284210028844711359852
00.0000000284210028844711359852
00.0000000284210028844711359852
00.0000000284210028844711359852
00.0000000284210028844711359852
00.0000000284210028844711359852
00.0000000284210028844711359852
00.0000000284210028844711359852
00.0000000284210028844711359852
00.0000000284210028844711359852
00.0000000284210028844711359852
00.0000000284210028844711359852
00.0000000284210028844711359852
00.0000000284210028844711359852
00.0000000284210028844711359852
00.0000000284210028844711359852
00.0000000284210028844711359852
00.0000000284210028844711359852
00.0000000284210028844711359852
00.0000000284210028844711359852
00.0000000284210028844711359852
00.0000000284210028844711359852
00.0000000284210028844711359852
00.0000000284210028844711359852
00.0000000284210028844711359852
00.0000000284210028844711359852
00.0000000284210028844711359852
00.0000000284210028844711359852
00.0000000284210028844711359852
00.0000000284210028844711359852
00.0000000284210028844711359852
00.0000000284210028844711359852
00.0000000284210028844711359852
00.0000000284210028844711359852
00.0000000284210028844711359852
00.0000000284210028844711359852
00.0000000284210028844711359852
00.0000000284210028844711359852
00.0000000284210028844711359852
00.0000000284210028844711359852
00.0000000284210028844711359852
00.0000000284210028844711359852
00.0000000284210028844711359852
00.0000000284210028844711359852
00.0000000284210028844711359852
00.0000000284210028844711359852
00.0000000284210028844711359852
00.0000000284210028844711359852
00.0000000284210028844711359852
00.0000000284210028844711359852
00.0000000284210028844711359852
00.0000000284210028844711359852
00.0000000284210028844711359852
00.0000000284210028844711359852
00.0000000284210028844711359852
00.0000000284210028844711359852
00.0000000284210028844711359852
00.0000000284210028844711359852
00.0000000284210028844711359852
00.0000000284210028844711359852
00.0000000284210028844711359852
00.0000000284210028844711359852
00.0000000284210028844711359852
00.0000000284210028844711359852
00.0000000284210028844711359852
00.0000000284210028844711359852
00.0000000284210028844711359852
00.0000000284210028844711359852
00.0000000284210028844711359852
00.0000000284210028844711359852
00.0000000284210028844711359852
00.0000000284210028844711359852
00.0000000284210028844711359852
00.0000000284210028844711359852
00.0000000284210028844711359852
00.0000000284210028844711359852
00.0000000284210028844711359852
00.0000000284210028844711359852
00.0000000284210028844711359852
00.0000000284210028844711359852
00.0000000284210028844711359852
00.0000000284210028844711359852
00.0000000284210028844711359852
00.0000000284210028844711359852
00.0000000284210028844711359852
00.0000000284210028844711359852
00.0000000284210028844711359852
00.0000000284210028844711359852
00.0000000284210028844711359852
00.0000000284210028844711359852
00.0000000284210028844711359852
00.0000000284210028844711359852
00.0000000284210028844711359852
00.0000000284210028844711359852
00.0000000284210028844711359852
00.0000000284210028844711359852
00.0000000284210028844711359852
00.0000000284210028844711359852
00.0000000284210028844711359852
00.0000000284210028844711359852
00.0000000284210028844711359852
00.0000000284210028844711359852
00.0000000284210028844711359852
00.0000000284210028844711359852
00.0000000284210028844711359852
00.0000000284210028844711359852
00.0000000284210028844711359852
00.0000000284210028844711359852
00.0000000284210028844711359852
00.0000000284210028844711359852
00.0000000284210028844711359852
00.0000000284210028844711359852
00.0000000284210028844711359852
00.0000000284210028844711359852
00.0000000284210028844711359852
00.0000000284210028844711359852
00.0000000284210028844711359852
00.0000000284210028844711359852
00.0000000284210028844711359852
00.0000000284210028844711359852
00.0000000284210028844711359852
00.0000000284210028844711359852
00.0000000284210028844711359852
00.0000000284210028844711359852
00.0000000284210028844711359852
00.0000000284210028844711359852
00.0000000284210028844711359852
00.0000000284210028844711359852
00.0000000284210028844711359852
00.0000000284210028844711359852
00.0000000284210028844711359852
00.0000000284210028844711359852
00.0000000284210028844711359852
00.0000000284210028844711359852
00.0000000284210028844711359852
00.0000000284210028844711359852
00.0000000284210028844711359852
00.0000000284210028844711359852
00.0000000284210028844711359852
00.0000000284210028844711359852
00.0000000284210028844711359852
00.0000000284210028844711359852
00.0000000284210028844711359852
00.0000000284210028844711359852
00.0000000284210028844711359852
00.0000000284210028844711359852
00.0000000284210028844711359852
00.0000000284210028844711359852
00.0000000284210028844711359852
00.0000000284210028844711359852
00.0000000284210028844711359852
00.0000000284210028844711359852
00.0000000284210028844711359852
00.0000000284210028844711359852
00.0000000284210028844711359852
00.0000000284210028844711359852
00.0000000284210028844711359852
00.0000000284210028844711359852
00.0000000284210028844711359852
00.0000000284210028844711359852
00.0000000284210028844711359852
00.0000000284210028844711359852
00.0000000284210028844711359852
00.0000000284210028844711359852
00.0000000284210028844711359852
00.0000000284210028844711359852
00.0000000284210028844711359852
00.0000000284210028844711359852
00.0000000284210028844711359852
00.0000000284210028844711359852
00.0000000284210028844711359852
00.0000000284210028844711359852
00.0000000284210028844711359852
00.0000000284210028844711359852
00.0000000284210028844711359852
00.0000000284210028844711359852
00.0000000284210028844711359852
00.0000000284210028844711359852
00.0000000284210028844711359852
00.0000000284210028844711359852
00.0000000284210028844711359852
00.0000000284210028844711359852
00.0000000284210028844711359852
00.0000000284210028844711359852
00.0000000284210028844711359852
00.0000000284210028844711359852
00.0000000284210028844711359852
00.0000000284210028844711359852
00.0000000284210028844711359852
00.0000000284210028844711359852
00.0000000284210028844711359852
00.0000000284210028844711359852
00.0000000284210028844711359852
00.0000000284210028844711359852
00.0000000284210028844711359852
00.0000000284210028844711359852
00.0000000284210028844711359852
00.0000000284210028844711359852
00.0000000284210028844711359852
00.0000000284210028844711359852
00.0000000284210028844711359852
00.0000000284210028844711359852
00.0000000284210028844711359852
00.0000000284210028844711359852
00.0000000284210028844711359852
00.0000000284210028844711359852
00.0000000284210028844711359852
00.0000000284210028844711359852
00.0000000284210028844711359852
00.0000000284210028844711359852
00.0000000284210028844711359852
00.0000000284210028844711359852
00.0000000284210028844711359852
00.0000000284210028844711359852
00.0000000284210028844711359852
00.0000000284210028844711359852
00.0000000284210028844711359852
00.0000000284210028844711359852
00.0000000284210028844711359852
00.0000000284210028844711359852
00.0000000284210028844711359852
00.0000000284210028844711359852
00.0000000284210028844711359852
00.0000000284210028844711359852
00.0000000284210028844711359852
00.0000000284210028844711359852
00.0000000284210028844711359852
00.0000000284210028844711359852
00.0000000284210028844711359852
00.0000000284210028844711359852
00.0000000284210028844711359852
00.0000000284210028844711359852
00.0000000284210028844711359852
00.0000000284210028844711359852
00.0000000284210028844711359852
00.0000000284210028844711359852
00.0000000284210028844711359852
00.0000000284210028844711359852
00.0000000284210028844711359852
00.0000000284210028844711359852
00.0000000284210028844711359852
00.0000000284210028844711359852
00.0000000284210028844711359852
00.0000000284210028844711359852
00.0000000284210028844711359852
00.0000000284210028844711359852
00.0000000284210028844711359852
00.0000000284210028844711359852
00.0000000284210028844711359852
00.0000000284210028844711359852
00.0000000284210028844711359852
00.0000000284210028844711359852
00.0000000284210028844711359852
00.0000000284210028844711359852
00.0000000284210028844711359852
00.0000000284210028844711359852
00.0000000284210028844711359852
00.0000000284210028844711359852
00.0000000284210028844711359852
00.0000000284210028844711359852
00.0000000284210028844711359852
00.0000000284210028844711359852
00.0000000284210028844711359852
00.0000000284210028844711359852
00.0000000284210028844711359852
00.0000000284210028844711359852
00.0000000284210028844711359852
00.0000000284210028844711359852
00.0000000284210028844711359852
00.0000000284210028844711359852
00.0000000284210028844711359852
00.0000000284210028844711359852
00.0000000284210028844711359852
00.0000000284210028844711359852
00.0000000284210028844711359852
00.0000000284210028844711359852
00.0000000284210028844711359852
00.0000000284210028844711359852
00.0000000284210028844711359852
00.0000000284210028844711359852
00.0000000284210028844711359852
00.0000000284210028844711359852
00.0000000284210028844711359852
00.0000000284210028844711359852
00.0000000284210028844711359852
00.0000000284210028844711359852
00.0000000284210028844711359852
00.0000000284210028844711359852
00.0000000284210028844711359852
00.0000000284210028844711359852
00.0000000284210028844711359852
00.0000000284210028844711359852
00.0000000284210028844711359852
00.0000000284210028844711359852
00.0000000284210028844711359852
00.0000000284210028844711359852
00.0000000284210028844711359852
00.0000000284210028844711359852
00.0000000284210028844711359852
00.0000000284210028844711359852
00.0000000284210028844711359852
00.0000000284210028844711359852
00.0000000284210028844711359852
00.0000000284210028844711359852
00.0000000284210028844711359852
00.0000000284210028844711359852
00.0000000284210028844711359852
00.0000000284210028844711359852
00.0000000284210028844711359852
00.0000000284210028844711359852
00.0000000284210028844711359852
00.0000000284210028844711359852
00.0000000284210028844711359852
00.0000000284210028844711359852
00.0000000284210028844711359852
00.0000000284210028844711359852
00.0000000284210028844711359852
00.0000000284210028844711359852
00.0000000284210028844711359852
00.0000000284210028844711359852
00.0000000284210028844711359852
00.0000000284210028844711359852
00.0000000284210028844711359852
00.0000000284210028844711359852
00.0000000284210028844711359852
00.0000000284210028844711359852
00.0000000284210028844711359852
00.0000000284210028844711359852
00.0000000284210028844711359852
00.0000000284210028844711359852
00.0000000284210028844711359852
00.0000000284210028844711359852
00.0000000284210028844711359852
00.0000000284210028844711359852
00.0000000284210028844711359852
00.0000000284210028844711359852
00.0000000284210028844711359852
00.0000000284210028844711359852
00.0000000284210028844711359852
00.0000000284210028844711359852
00.0000000284210028844711359852
00.0000000284210028844711359852
00.0000000284210028844711359852
00.0000000284210028844711359852
00.0000000284210028844711359852
00.0000000284210028844711359852
00.0000000284210028844711359852
00.0000000284210028844711359852
00.0000000284210028844711359852
00.0000000284210028844711359852
00.0000000284210028844711359852
00.0000000284210028844711359852
00.0000000284210028844711359852
00.0000000284210028844711359852
00.0000000284210028844711359852
00.0000000284210028844711359852
00.0000000284210028844711359852
00.0000000284210028844711359852
00.0000000284210028844711359852
00.0000000284210028844711359852
00.0000000284210028844711359852
00.0000000284210028844711359852
00.0000000284210028844711359852
00.0000000284210028844711359852
00.0000000284210028844711359852
00.0000000284210028844711359852
00.0000000284210028844711359852
00.0000000284210028844711359852
00.0000000284210028844711359852
00.0000000284210028844711359852
00.0000000284210028844711359852
00.0000000284210028844711359852
00.0000000284210028844711359852
00.0000000284210028844711359852
00.0000000284210028844711359852
00.0000000284210028844711359852
00.0000000284210028844711359852
00.0000000284210028844711359852
00.0000000284210028844711359852
00.0000000284210028844711359852
00.0000000284210028844711359852
00.0000000284210028844711359852
00.0000000284210028844711359852
00.0000000284210028844711359852
00.0000000284210028844711359852
00.0000000284210028844711359852
00.0000000284210028844711359852
00.0000000284210028844711359852
00.0000000284210028844711359852
00.0000000284210028844711359852
00.0000000284210028844711359852
00.0000000284210028844711359852
00.0000000284210028844711359852
00.0000000284210028844711359852
00.0000000284210028844711359852
00.0000000284210028844711359852
00.0000000284210028844711359852
00.0000000284210028844711359852
00.0000000284210028844711359852
00.0000000284210028844711359852
00.0000000284210028844711359852
00.0000000284210028844711359852
00.0000000284210028844711359852
00.0000000284210028844711359852
00.0000000284210028844711359852
00.0000000284210028844711359852
00.0000000284210028844711359852
00.0000000284210028844711359852
00.0000000284210028844711359852
00.0000000284210028844711359852
00.0000000284210028844711359852
00.0000000284210028844711359852
00.0000000284210028844711359852
00.0000000284210028844711359852
00.0000000284210028844711359852
00.0000000284210028844711359852
00.0000000284210028844711359852
00.0000000284210028844711359852
00.0000000284210028844711359852
00.0000000284210028844711359852
00.0000000284210028844711359852
00.0000000284210028844711359852
00.0000000284210028844711359852
00.0000000284210028844711359852
00.0000000284210028844711359852
00.0000000284210028844711359852
00.0000000284210028844711359852
00.0000000269001345643005151942
00.0000000269001345643005151942
00.0000000269001345643005151942
00.0000000269001345643005151942
00.0000000269001345643005151942
00.0000000269001345643005151942
00.0000000269001345643005151942
00.0000000269001345643005151942
00.0000000269001345643005151942
00.0000000269001345643005151942
00.0000000269001345643005151942
00.0000000269001345643005151942
00.0000000269001345643005151942
00.0000000269001345643005151942
00.0000000269001345643005151942
00.0000000269001345643005151942
00.0000000269001345643005151942
00.0000000269001345643005151942
00.0000000269001345643005151942
00.0000000269001345643005151942
00.0000000269001345643005151942
00.0000000269001345643005151942
00.0000000269001345643005151942
00.0000000269001345643005151942
00.0000000269001345643005151942
00.0000000269001345643005151942
00.0000000269001345643005151942
00.0000000269001345643005151942
00.0000000269001345643005151942
00.0000000269001345643005151942
00.0000000269001345643005151942
00.0000000269001345643005151942
00.0000000269001345643005151942
00.0000000269001345643005151942
00.0000000269001345643005151942
00.0000000269001345643005151942
00.0000000269001345643005151942
00.0000000269001345643005151942
00.0000000269001345643005151942
00.0000000269001345643005151942
00.0000000269001345643005151942
00.0000000269001345643005151942
00.0000000269001345643005151942
00.0000000269001345643005151942
00.0000000269001345643005151942
00.0000000269001345643005151942
00.0000000269001345643005151942
00.0000000269001345643005151942
00.0000000269001345643005151942
00.0000000269001345643005151942
00.0000000269001345643005151942
00.0000000269001345643005151942
00.0000000269001345643005151942
00.0000000269001345643005151942
00.0000000269001345643005151942
00.0000000269001345643005151942
00.0000000269001345643005151942
00.0000000269001345643005151942
00.0000000269001345643005151942
00.0000000269001345643005151942
00.0000000269001345643005151942
00.0000000269001345643005151942
00.0000000269001345643005151942
00.0000000269001345643005151942
00.0000000269001345643005151942
00.0000000269001345643005151942
00.0000000269001345643005151942
00.0000000269001345643005151942
00.0000000269001345643005151942
00.0000000269001345643005151942
00.0000000269001345643005151942
00.0000000269001345643005151942
00.0000000269001345643005151942
00.0000000269001345643005151942
00.0000000269001345643005151942
00.0000000269001345643005151942
00.0000000269001345643005151942
00.0000000269001345643005151942
00.0000000269001345643005151942
00.0000000269001345643005151942
00.0000000269001345643005151942
00.0000000269001345643005151942
00.0000000269001345643005151942
00.0000000269001345643005151942
00.0000000269001345643005151942
00.0000000269001345643005151942
00.0000000269001345643005151942
00.0000000269001345643005151942
00.0000000269001345643005151942
00.0000000269001345643005151942
00.0000000269001345643005151942
00.0000000269001345643005151942
00.0000000269001345643005151942
00.0000000269001345643005151942
00.0000000269001345643005151942
00.0000000269001345643005151942
00.0000000269001345643005151942
00.0000000269001345643005151942
00.0000000269001345643005151942
00.0000000269001345643005151942
00.0000000269001345643005151942
00.0000000269001345643005151942
00.0000000269001345643005151942
00.0000000269001345643005151942
00.0000000269001345643005151942
00.0000000269001345643005151942
00.0000000269001345643005151942
00.0000000269001345643005151942
00.0000000269001345643005151942
00.0000000269001345643005151942
00.0000000269001345643005151942
00.0000000269001345643005151942
00.0000000269001345643005151942
00.0000000269001345643005151942
00.0000000269001345643005151942
00.0000000269001345643005151942
00.0000000269001345643005151942
00.0000000269001345643005151942
00.0000000269001345643005151942
00.0000000269001345643005151942
00.0000000269001345643005151942
00.0000000269001345643005151942
00.0000000269001345643005151942
00.0000000269001345643005151942
00.0000000269001345643005151942
00.0000000269001345643005151942
00.0000000269001345643005151942
00.0000000269001345643005151942
00.0000000269001345643005151942
00.0000000269001345643005151942
00.0000000269001345643005151942
00.0000000269001345643005151942
00.0000000269001345643005151942
00.0000000269001345643005151942
00.0000000269001345643005151942
00.0000000269001345643005151942
00.0000000269001345643005151942
00.0000000269001345643005151942
00.0000000269001345643005151942
00.0000000269001345643005151942
00.0000000269001345643005151942
00.0000000269001345643005151942
00.0000000269001345643005151942
00.0000000269001345643005151942
00.0000000269001345643005151942
00.0000000269001345643005151942
00.0000000269001345643005151942
00.0000000269001345643005151942
00.0000000269001345643005151942
00.0000000269001345643005151942
00.0000000269001345643005151942
00.0000000269001345643005151942
00.0000000269001345643005151942
00.0000000269001345643005151942
00.0000000269001345643005151942
00.0000000269001345643005151942
00.0000000269001345643005151942
00.0000000269001345643005151942
00.0000000269001345643005151942
00.0000000269001345643005151942
00.0000000269001345643005151942
00.0000000269001345643005151942
00.0000000269001345643005151942
00.0000000269001345643005151942
00.0000000269001345643005151942
00.0000000269001345643005151942
00.0000000269001345643005151942
00.0000000269001345643005151942
00.0000000269001345643005151942
00.0000000269001345643005151942
00.0000000269001345643005151942
00.0000000269001345643005151942
00.0000000269001345643005151942
00.0000000269001345643005151942
00.0000000269001345643005151942
00.0000000269001345643005151942
00.0000000269001345643005151942
00.0000000269001345643005151942
00.0000000269001345643005151942
00.0000000269001345643005151942
00.0000000269001345643005151942
00.0000000269001345643005151942
00.0000000269001345643005151942
00.0000000269001345643005151942
00.0000000269001345643005151942
00.0000000269001345643005151942
00.0000000269001345643005151942
00.0000000269001345643005151942
00.0000000269001345643005151942
00.0000000269001345643005151942
00.0000000269001345643005151942
00.0000000269001345643005151942
00.0000000269001345643005151942
00.0000000269001345643005151942
00.0000000269001345643005151942
00.0000000269001345643005151942
00.0000000269001345643005151942
00.0000000269001345643005151942
00.0000000269001345643005151942
00.0000000269001345643005151942
00.0000000269001345643005151942
00.0000000269001345643005151942
00.0000000269001345643005151942
00.0000000269001345643005151942
00.0000000269001345643005151942
00.0000000269001345643005151942
00.0000000269001345643005151942
00.0000000269001345643005151942
00.0000000269001345643005151942
00.0000000269001345643005151942
00.0000000269001345643005151942
00.0000000269001345643005151942
00.0000000269001345643005151942
00.0000000269001345643005151942
00.0000000269001345643005151942
00.0000000269001345643005151942
00.0000000269001345643005151942
00.0000000269001345643005151942
00.0000000269001345643005151942
00.0000000269001345643005151942
00.0000000269001345643005151942
00.0000000269001345643005151942
00.0000000269001345643005151942
00.0000000269001345643005151942
00.0000000269001345643005151942
00.0000000269001345643005151942
00.0000000269001345643005151942
00.0000000269001345643005151942
00.0000000269001345643005151942
00.0000000269001345643005151942
00.0000000269001345643005151942
00.0000000269001345643005151942
00.0000000269001345643005151942
00.0000000269001345643005151942
00.0000000269001345643005151942
00.0000000269001345643005151942
00.0000000269001345643005151942
00.0000000269001345643005151942
00.0000000269001345643005151942
00.0000000269001345643005151942
00.0000000269001345643005151942
00.0000000269001345643005151942
00.0000000269001345643005151942
00.0000000269001345643005151942
00.0000000269001345643005151942
00.0000000269001345643005151942
00.0000000269001345643005151942
00.0000000269001345643005151942
00.0000000269001345643005151942
00.0000000269001345643005151942
00.0000000269001345643005151942
00.0000000269001345643005151942
00.0000000269001345643005151942
00.0000000269001345643005151942
00.0000000269001345643005151942
00.0000000269001345643005151942
00.0000000269001345643005151942
00.0000000269001345643005151942
00.0000000269001345643005151942
00.0000000269001345643005151942
00.0000000269001345643005151942
00.0000000269001345643005151942
00.0000000269001345643005151942
00.0000000269001345643005151942
00.0000000269001345643005151942
00.0000000269001345643005151942
00.0000000269001345643005151942
00.0000000269001345643005151942
00.0000000269001345643005151942
00.0000000269001345643005151942
00.0000000269001345643005151942
00.0000000269001345643005151942
00.0000000269001345643005151942
00.0000000269001345643005151942
00.0000000269001345643005151942
00.0000000269001345643005151942
00.0000000269001345643005151942
00.0000000269001345643005151942
00.0000000269001345643005151942
00.0000000269001345643005151942
00.0000000269001345643005151942
00.0000000269001345643005151942
00.0000000269001345643005151942
00.0000000269001345643005151942
00.0000000269001345643005151942
00.0000000269001345643005151942
00.0000000269001345643005151942
00.0000000269001345643005151942
00.0000000269001345643005151942
00.0000000269001345643005151942
00.0000000269001345643005151942
00.0000000269001345643005151942
00.0000000269001345643005151942
00.0000000269001345643005151942
00.0000000269001345643005151942
00.0000000269001345643005151942
00.0000000269001345643005151942
00.0000000269001345643005151942
00.0000000269001345643005151942
00.0000000269001345643005151942
00.0000000269001345643005151942
00.0000000269001345643005151942
00.0000000269001345643005151942
00.0000000269001345643005151942
00.0000000269001345643005151942
00.0000000269001345643005151942
00.0000000269001345643005151942
00.0000000269001345643005151942
00.0000000269001345643005151942
00.0000000269001345643005151942
00.0000000269001345643005151942
00.0000000269001345643005151942
00.0000000269001345643005151942
00.0000000269001345643005151942
00.0000000269001345643005151942
00.0000000269001345643005151942
00.0000000269001345643005151942
00.0000000269001345643005151942
00.0000000269001345643005151942
00.0000000269001345643005151942
00.0000000269001345643005151942
00.0000000269001345643005151942
00.0000000269001345643005151942
00.0000000269001345643005151942
00.0000000269001345643005151942
00.0000000269001345643005151942
00.0000000269001345643005151942
00.0000000269001345643005151942
00.0000000269001345643005151942
00.0000000269001345643005151942
00.0000000269001345643005151942
00.0000000269001345643005151942
00.0000000269001345643005151942
00.0000000269001345643005151942
00.0000000269001345643005151942
00.0000000269001345643005151942
00.0000000269001345643005151942
00.0000000269001345643005151942
00.0000000269001345643005151942
00.0000000269001345643005151942
00.0000000269001345643005151942
00.0000000269001345643005151942
00.0000000269001345643005151942
00.0000000269001345643005151942
00.0000000269001345643005151942
00.0000000269001345643005151942
00.0000000269001345643005151942
00.0000000269001345643005151942
00.0000000269001345643005151942
00.0000000269001345643005151942
00.0000000269001345643005151942
00.0000000269001345643005151942
00.0000000269001345643005151942
00.0000000269001345643005151942
00.0000000269001345643005151942
00.0000000269001345643005151942
00.0000000269001345643005151942
00.0000000269001345643005151942
00.0000000269001345643005151942
00.0000000269001345643005151942
00.0000000269001345643005151942
00.0000000269001345643005151942
00.0000000269001345643005151942
00.0000000269001345643005151942
00.0000000269001345643005151942
00.0000000269001345643005151942
00.0000000269001345643005151942
00.0000000269001345643005151942
00.0000000269001345643005151942
00.0000000269001345643005151942
00.0000000269001345643005151942
00.0000000269001345643005151942
00.0000000269001345643005151942
00.0000000269001345643005151942
00.0000000269001345643005151942
00.0000000269001345643005151942
00.0000000269001345643005151942
00.0000000269001345643005151942
00.0000000269001345643005151942
00.0000000269001345643005151942
00.0000000269001345643005151942
00.0000000269001345643005151942
00.0000000269001345643005151942
00.0000000269001345643005151942
00.0000000269001345643005151942
00.0000000269001345643005151942
00.0000000269001345643005151942
00.0000000269001345643005151942
00.0000000269001345643005151942
00.0000000269001345643005151942
00.0000000269001345643005151942
00.0000000269001345643005151942
00.0000000269001345643005151942
00.0000000269001345643005151942
00.0000000269001345643005151942
00.0000000269001345643005151942
00.0000000269001345643005151942
00.0000000269001345643005151942
00.0000000269001345643005151942
00.0000000269001345643005151942
00.0000000269001345643005151942
00.0000000269001345643005151942
00.0000000269001345643005151942
00.0000000269001345643005151942
00.0000000269001345643005151942
00.0000000269001345643005151942
00.0000000269001345643005151942
00.0000000269001345643005151942
00.0000000269001345643005151942
00.0000000269001345643005151942
00.0000000269001345643005151942
00.0000000269001345643005151942
00.0000000269001345643005151942
00.0000000269001345643005151942
00.0000000269001345643005151942
00.0000000269001345643005151942
00.0000000269001345643005151942
00.0000000269001345643005151942
00.0000000269001345643005151942
00.0000000269001345643005151942
00.0000000269001345643005151942
00.0000000269001345643005151942
00.0000000269001345643005151942
00.0000000269001345643005151942
00.0000000269001345643005151942
00.0000000269001345643005151942
00.0000000269001345643005151942
00.0000000269001345643005151942
00.0000000269001345643005151942
00.0000000269001345643005151942
00.0000000269001345643005151942
00.0000000269001345643005151942
00.0000000269001345643005151942
00.0000000269001345643005151942
00.0000000269001345643005151942
00.0000000269001345643005151942
00.0000000269001345643005151942
00.0000000269001345643005151942
00.0000000269001345643005151942
00.0000000269001345643005151942
00.0000000269001345643005151942
00.0000000269001345643005151942
00.0000000269001345643005151942
00.0000000269001345643005151942
00.0000000269001345643005151942
00.0000000269001345643005151942
00.0000000269001345643005151942
00.0000000269001345643005151942
00.0000000269001345643005151942
00.0000000269001345643005151942
00.0000000269001345643005151942
00.0000000269001345643005151942
00.0000000269001345643005151942
00.0000000269001345643005151942
00.0000000269001345643005151942
00.0000000269001345643005151942
00.0000000269001345643005151942
00.0000000269001345643005151942
00.0000000269001345643005151942
00.0000000269001345643005151942
00.0000000269001345643005151942
00.0000000269001345643005151942
00.0000000269001345643005151942
00.0000000269001345643005151942
00.0000000269001345643005151942
00.0000000269001345643005151942
00.0000000269001345643005151942
00.0000000269001345643005151942
00.0000000269001345643005151942
00.0000000269001345643005151942
00.0000000269001345643005151942
00.0000000269001345643005151942
00.0000000269001345643005151942
00.0000000269001345643005151942
00.0000000269001345643005151942
00.0000000269001345643005151942
00.0000000269001345643005151942
00.0000000269001345643005151942
00.0000000269001345643005151942
00.0000000269001345643005151942
00.0000000269001345643005151942
00.0000000269001345643005151942
00.0000000269001345643005151942
00.0000000269001345643005151942
00.0000000269001345643005151942
00.0000000269001345643005151942
00.0000000269001345643005151942
00.0000000269001345643005151942
00.0000000269001345643005151942
00.0000000269001345643005151942
00.0000000269001345643005151942
00.0000000269001345643005151942
00.0000000269001345643005151942
00.0000000269001345643005151942
00.0000000269001345643005151942
00.0000000269001345643005151942
00.0000000269001345643005151942
00.0000000269001345643005151942
00.0000000269001345643005151942
00.0000000269001345643005151942
00.0000000269001345643005151942
00.0000000269001345643005151942
00.0000000269001345643005151942
00.0000000269001345643005151942
00.0000000269001345643005151942
00.0000000269001345643005151942
00.0000000269001345643005151942
00.0000000269001345643005151942
00.0000000269001345643005151942
00.0000000269001345643005151942
00.0000000269001345643005151942
00.0000000269001345643005151942
00.0000000269001345643005151942
00.0000000269001345643005151942
00.0000000269001345643005151942
00.0000000269001345643005151942
00.0000000269001345643005151942
00.0000000269001345643005151942
00.0000000269001345643005151942
00.0000000269001345643005151942
00.0000000269001345643005151942
00.0000000269001345643005151942
00.0000000269001345643005151942
00.0000000269001345643005151942
00.0000000269001345643005151942
00.0000000269001345643005151942
00.0000000269001345643005151942
00.0000000269001345643005151942
00.0000000269001345643005151942
00.0000000269001345643005151942
00.0000000269001345643005151942
00.0000000269001345643005151942
00.0000000269001345643005151942
00.0000000269001345643005151942
00.0000000269001345643005151942
00.0000000269001345643005151942
00.0000000269001345643005151942
00.0000000269001345643005151942
00.0000000269001345643005151942
00.0000000269001345643005151942
00.0000000269001345643005151942
00.0000000269001345643005151942
00.0000000269001345643005151942
00.0000000269001345643005151942
00.0000000269001345643005151942
00.0000000269001345643005151942
00.0000000269001345643005151942
00.0000000269001345643005151942
00.0000000269001345643005151942
00.0000000269001345643005151942
00.0000000269001345643005151942
00.0000000269001345643005151942
00.0000000269001345643005151942
00.0000000269001345643005151942
00.0000000269001345643005151942
00.0000000269001345643005151942
00.0000000269001345643005151942
00.0000000269001345643005151942
00.0000000269001345643005151942
00.0000000269001345643005151942
00.0000000269001345643005151942
00.0000000269001345643005151942
00.0000000269001345643005151942
00.0000000269001345643005151942
00.0000000269001345643005151942
00.0000000269001345643005151942
00.0000000269001345643005151942
00.0000000269001345643005151942
00.0000000269001345643005151942
00.0000000269001345643005151942
00.0000000269001345643005151942
00.0000000269001345643005151942
00.0000000269001345643005151942
00.0000000269001345643005151942
00.0000000269001345643005151942
00.0000000269001345643005151942
00.0000000269001345643005151942
00.0000000269001345643005151942
00.0000000269001345643005151942
00.0000000269001345643005151942
00.0000000269001345643005151942
00.0000000269001345643005151942
00.0000000269001345643005151942
00.0000000269001345643005151942
00.0000000269001345643005151942
00.0000000269001345643005151942
00.0000000269001345643005151942
00.0000000269001345643005151942
00.0000000269001345643005151942
00.0000000269001345643005151942
00.0000000269001345643005151942
00.0000000269001345643005151942
00.0000000269001345643005151942
00.0000000269001345643005151942
00.0000000269001345643005151942
00.0000000269001345643005151942
00.0000000269001345643005151942
00.0000000269001345643005151942
00.0000000269001345643005151942
00.0000000269001345643005151942
00.0000000269001345643005151942
00.0000000269001345643005151942
00.0000000269001345643005151942
00.0000000269001345643005151942
00.0000000269001345643005151942
00.0000000269001345643005151942
00.0000000269001345643005151942
00.0000000269001345643005151942
00.0000000269001345643005151942
00.0000000269001345643005151942
00.0000000269001345643005151942
00.0000000269001345643005151942
00.0000000269001345643005151942
00.0000000269001345643005151942
00.0000000269001345643005151942
00.0000000269001345643005151942
00.0000000269001345643005151942
00.0000000269001345643005151942
00.0000000269001345643005151942
00.0000000269001345643005151942
00.0000000269001345643005151942
00.0000000269001345643005151942
00.0000000269001345643005151942
00.0000000269001345643005151942
00.0000000269001345643005151942
00.0000000269001345643005151942
00.0000000269001345643005151942
00.0000000269001345643005151942
00.0000000269001345643005151942
00.0000000269001345643005151942
00.0000000269001345643005151942
00.0000000269001345643005151942
00.0000000269001345643005151942
00.0000000269001345643005151942
00.0000000269001345643005151942
00.0000000269001345643005151942
00.0000000269001345643005151942
00.0000000269001345643005151942
00.0000000269001345643005151942
00.0000000269001345643005151942
00.0000000269001345643005151942
00.0000000269001345643005151942
00.0000000269001345643005151942
00.0000000269001345643005151942
00.0000000269001345643005151942
00.0000000269001345643005151942
00.0000000269001345643005151942
00.0000000269001345643005151942
00.0000000269001345643005151942
00.0000000269001345643005151942
00.0000000269001345643005151942
00.0000000269001345643005151942
00.0000000269001345643005151942
00.0000000269001345643005151942
00.0000000269001345643005151942
00.0000000269001345643005151942
00.0000000269001345643005151942
00.0000000269001345643005151942
00.0000000269001345643005151942
00.0000000269001345643005151942
00.0000000269001345643005151942
00.0000000269001345643005151942
00.0000000269001345643005151942
00.0000000269001345643005151942
00.0000000269001345643005151942
00.0000000269001345643005151942
00.0000000269001345643005151942
00.0000000269001345643005151942
00.0000000269001345643005151942
00.0000000269001345643005151942
00.0000000269001345643005151942
00.0000000269001345643005151942
00.0000000269001345643005151942
00.0000000269001345643005151942
00.0000000269001345643005151942
00.0000000269001345643005151942
00.0000000269001345643005151942
00.0000000269001345643005151942
00.0000000269001345643005151942
00.0000000269001345643005151942
00.0000000269001345643005151942
00.0000000269001345643005151942
00.0000000269001345643005151942
00.0000000269001345643005151942
00.0000000269001345643005151942
00.0000000269001345643005151942
00.0000000269001345643005151942
00.0000000269001345643005151942
00.0000000269001345643005151942
00.0000000269001345643005151942
00.0000000269001345643005151942
00.0000000269001345643005151942
00.0000000269001345643005151942
00.0000000269001345643005151942
00.0000000269001345643005151942
00.0000000269001345643005151942
00.0000000269001345643005151942
00.0000000269001345643005151942
00.0000000269001345643005151942
00.0000000269001345643005151942
00.0000000269001345643005151942
00.0000000269001345643005151942
00.0000000269001345643005151942
00.0000000269001345643005151942
00.0000000269001345643005151942
00.0000000269001345643005151942
00.0000000269001345643005151942
00.0000000269001345643005151942
00.0000000269001345643005151942
00.0000000269001345643005151942
00.0000000269001345643005151942
00.0000000269001345643005151942
00.0000000269001345643005151942
00.0000000269001345643005151942
00.0000000269001345643005151942
00.0000000269001345643005151942
00.0000000269001345643005151942
00.0000000269001345643005151942
00.0000000269001345643005151942
00.0000000269001345643005151942
00.0000000269001345643005151942
00.0000000269001345643005151942
00.0000000269001345643005151942
00.0000000269001345643005151942
00.0000000269001345643005151942
00.0000000269001345643005151942
00.0000000269001345643005151942
00.0000000269001345643005151942
00.0000000269001345643005151942
00.0000000269001345643005151942
00.0000000269001345643005151942
00.0000000269001345643005151942
00.0000000269001345643005151942
00.0000000269001345643005151942
00.0000000269001345643005151942
00.0000000269001345643005151942
00.0000000269001345643005151942
00.0000000269001345643005151942
00.0000000269001345643005151942
00.0000000269001345643005151942
00.0000000269001345643005151942
00.0000000269001345643005151942
00.0000000269001345643005151942
00.0000000269001345643005151942
00.0000000269001345643005151942
00.0000000269001345643005151942
00.0000000269001345643005151942
00.0000000269001345643005151942
00.0000000269001345643005151942
00.0000000269001345643005151942
00.0000000269001345643005151942
00.0000000269001345643005151942
00.0000000269001345643005151942
00.0000000269001345643005151942
00.0000000269001345643005151942
00.0000000269001345643005151942
00.0000000269001345643005151942
00.0000000269001345643005151942
00.0000000269001345643005151942
00.0000000269001345643005151942
00.0000000269001345643005151942
00.0000000269001345643005151942
00.0000000269001345643005151942
00.0000000269001345643005151942
00.0000000269001345643005151942
00.0000000269001345643005151942
00.0000000269001345643005151942
00.0000000269001345643005151942
00.0000000269001345643005151942
00.0000000269001345643005151942
00.0000000269001345643005151942
00.0000000269001345643005151942
00.0000000269001345643005151942
00.0000000269001345643005151942
00.0000000269001345643005151942
00.0000000269001345643005151942
00.0000000269001345643005151942
00.0000000269001345643005151942
00.0000000269001345643005151942
00.0000000269001345643005151942
00.0000000269001345643005151942
00.0000000269001345643005151942
00.0000000269001345643005151942
00.0000000269001345643005151942
00.0000000269001345643005151942
00.0000000269001345643005151942
00.0000000269001345643005151942
00.0000000269001345643005151942
00.0000000269001345643005151942
00.0000000269001345643005151942
00.0000000269001345643005151942
00.0000000269001345643005151942
00.0000000269001345643005151942
00.0000000269001345643005151942
00.0000000269001345643005151942
00.0000000269001345643005151942
00.0000000269001345643005151942
00.0000000269001345643005151942
00.0000000269001345643005151942
00.0000000269001345643005151942
00.0000000269001345643005151942
00.0000000269001345643005151942
00.0000000269001345643005151942
00.0000000269001345643005151942
00.0000000269001345643005151942
00.0000000269001345643005151942
00.0000000269001345643005151942
00.0000000269001345643005151942
00.0000000269001345643005151942
00.0000000269001345643005151942
00.0000000269001345643005151942
00.0000000269001345643005151942
00.0000000269001345643005151942
00.0000000269001345643005151942
00.0000000269001345643005151942
00.0000000269001345643005151942
00.0000000269001345643005151942
00.0000000269001345643005151942
00.0000000269001345643005151942
00.0000000269001345643005151942
00.0000000269001345643005151942
00.0000000269001345643005151942
00.0000000269001345643005151942
00.0000000269001345643005151942
00.0000000269001345643005151942
00.0000000269001345643005151942
00.0000000269001345643005151942
00.0000000269001345643005151942
00.0000000269001345643005151942
00.0000000269001345643005151942
00.0000000269001345643005151942
00.0000000269001345643005151942
00.0000000269001345643005151942
00.0000000269001345643005151942
00.0000000269001345643005151942
00.0000000269001345643005151942
00.0000000269001345643005151942
00.0000000269001345643005151942
00.0000000269001345643005151942
00.0000000269001345643005151942
00.0000000269001345643005151942
00.0000000269001345643005151942
00.0000000269001345643005151942
00.0000000269001345643005151942
00.0000000269001345643005151942
00.0000000269001345643005151942
00.0000000269001345643005151942
00.0000000269001345643005151942
00.0000000269001345643005151942
00.0000000269001345643005151942
00.0000000269001345643005151942
00.0000000269001345643005151942
00.0000000269001345643005151942
00.0000000269001345643005151942
00.0000000269001345643005151942
00.0000000269001345643005151942
00.0000000269001345643005151942
00.0000000269001345643005151942
00.0000000269001345643005151942
00.0000000269001345643005151942
00.0000000269001345643005151942
00.0000000269001345643005151942
00.0000000269001345643005151942
00.0000000269001345643005151942
00.0000000269001345643005151942
00.0000000269001345643005151942
00.0000000269001345643005151942
00.0000000269001345643005151942
00.0000000269001345643005151942
00.0000000269001345643005151942
00.0000000269001345643005151942
00.0000000269001345643005151942
00.0000000269001345643005151942
00.0000000269001345643005151942
00.0000000269001345643005151942
00.0000000269001345643005151942
00.0000000269001345643005151942
00.0000000269001345643005151942
00.0000000269001345643005151942
00.0000000269001345643005151942
00.0000000269001345643005151942
00.0000000269001345643005151942
00.0000000269001345643005151942
00.0000000269001345643005151942
00.0000000269001345643005151942
00.0000000269001345643005151942
00.0000000269001345643005151942
00.0000000269001345643005151942
00.0000000269001345643005151942
00.0000000269001345643005151942
00.0000000269001345643005151942
00.0000000269001345643005151942
00.0000000269001345643005151942
00.0000000269001345643005151942
00.0000000269001345643005151942
00.0000000269001345643005151942
00.0000000269001345643005151942
00.0000000269001345643005151942
00.0000000269001345643005151942
00.0000000269001345643005151942
00.0000000269001345643005151942
00.0000000269001345643005151942
00.0000000269001345643005151942
00.0000000269001345643005151942
00.0000000269001345643005151942
00.0000000269001345643005151942
00.0000000269001345643005151942
00.0000000269001345643005151942
00.0000000269001345643005151942
00.0000000269001345643005151942
00.0000000269001345643005151942
00.0000000269001345643005151942
00.0000000269001345643005151942
00.0000000269001345643005151942
00.0000000269001345643005151942
00.0000000269001345643005151942
00.0000000269001345643005151942
00.0000000269001345643005151942
00.0000000269001345643005151942
00.0000000269001345643005151942
00.0000000269001345643005151942
00.0000000269001345643005151942
00.0000000269001345643005151942
00.0000000269001345643005151942
00.0000000269001345643005151942
00.0000000269001345643005151942
00.0000000269001345643005151942
00.0000000269001345643005151942
00.0000000269001345643005151942
00.0000000269001345643005151942
00.0000000269001345643005151942
00.0000000269001345643005151942
00.0000000269001345643005151942
00.0000000269001345643005151942
00.0000000269001345643005151942
00.0000000269001345643005151942
00.0000000269001345643005151942
00.0000000269001345643005151942
00.0000000269001345643005151942
00.0000000269001345643005151942
00.0000000269001345643005151942
00.0000000269001345643005151942
00.0000000269001345643005151942
00.0000000269001345643005151942
00.0000000269001345643005151942
00.0000000269001345643005151942
00.0000000269001345643005151942
00.0000000269001345643005151942
00.0000000269001345643005151942
00.0000000269001345643005151942
00.0000000269001345643005151942
00.0000000269001345643005151942
00.0000000269001345643005151942
00.0000000269001345643005151942
00.0000000269001345643005151942
00.0000000269001345643005151942
00.0000000269001345643005151942
00.0000000269001345643005151942
00.0000000269001345643005151942
00.0000000269001345643005151942
00.0000000269001345643005151942
00.0000000269001345643005151942
00.0000000269001345643005151942
00.0000000269001345643005151942
00.0000000269001345643005151942
00.0000000269001345643005151942
00.0000000269001345643005151942
00.0000000269001345643005151942
00.0000000269001345643005151942
00.0000000269001345643005151942
00.0000000269001345643005151942
00.0000000269001345643005151942
00.0000000269001345643005151942
00.0000000269001345643005151942
00.0000000269001345643005151942
00.0000000269001345643005151942
00.0000000269001345643005151942
00.0000000269001345643005151942
00.0000000269001345643005151942
00.0000000269001345643005151942
00.0000000269001345643005151942
00.0000000269001345643005151942
00.0000000269001345643005151942
00.0000000269001345643005151942
00.0000000269001345643005151942
00.0000000269001345643005151942
00.0000000269001345643005151942
00.0000000269001345643005151942
00.0000000269001345643005151942
00.0000000269001345643005151942
00.0000000269001345643005151942
00.0000000269001345643005151942
00.0000000269001345643005151942
00.0000000269001345643005151942
00.0000000269001345643005151942
00.0000000269001345643005151942
00.0000000269001345643005151942
00.0000000269001345643005151942
00.0000000269001345643005151942
00.0000000269001345643005151942
00.0000000234379057273415014606
00.0000000234379057273415014606
00.0000000234379057273415014606
00.0000000234379057273415014606
00.0000000234379057273415014606
00.0000000234379057273415014606
00.0000000234379057273415014606
00.0000000234379057273415014606
00.0000000234379057273415014606
00.0000000234379057273415014606
00.0000000234379057273415014606
00.0000000234379057273415014606
00.0000000234379057273415014606
00.0000000234379057273415014606
00.0000000234379057273415014606
00.0000000234379057273415014606
00.0000000234379057273415014606
00.0000000234379057273415014606
00.0000000234379057273415014606
00.0000000234379057273415014606
00.0000000234379057273415014606
00.0000000234379057273415014606
00.0000000234379057273415014606
00.0000000234379057273415014606
00.0000000234379057273415014606
00.0000000234379057273415014606
00.0000000234379057273415014606
00.0000000234379057273415014606
00.0000000234379057273415014606
00.0000000234379057273415014606
00.0000000234379057273415014606
00.0000000234379057273415014606
00.0000000234379057273415014606
00.0000000234379057273415014606
00.0000000234379057273415014606
00.0000000234379057273415014606
00.0000000234379057273415014606
00.0000000234379057273415014606
00.0000000234379057273415014606
00.0000000234379057273415014606
00.0000000234379057273415014606
00.0000000234379057273415014606
00.0000000234379057273415014606
00.0000000234379057273415014606
00.0000000234379057273415014606
00.0000000234379057273415014606
00.0000000234379057273415014606
00.0000000234379057273415014606
00.0000000234379057273415014606
00.0000000234379057273415014606
00.0000000234379057273415014606
00.0000000234379057273415014606
00.0000000234379057273415014606
00.0000000234379057273415014606
00.0000000234379057273415014606
00.0000000234379057273415014606
00.0000000234379057273415014606
00.0000000234379057273415014606
00.0000000234379057273415014606
00.0000000234379057273415014606
00.0000000234379057273415014606
00.0000000234379057273415014606
00.0000000234379057273415014606
00.0000000234379057273415014606
00.0000000234379057273415014606
00.0000000234379057273415014606
00.0000000234379057273415014606
00.0000000234379057273415014606
00.0000000234379057273415014606
00.0000000234379057273415014606
00.0000000234379057273415014606
00.0000000234379057273415014606
00.0000000234379057273415014606
00.0000000234379057273415014606
00.0000000234379057273415014606
00.0000000234379057273415014606
00.0000000234379057273415014606
00.0000000234379057273415014606
00.0000000234379057273415014606
00.0000000234379057273415014606
00.0000000234379057273415014606
00.0000000234379057273415014606
00.0000000234379057273415014606
00.0000000234379057273415014606
00.0000000234379057273415014606
00.0000000234379057273415014606
00.0000000234379057273415014606
00.0000000234379057273415014606
00.0000000234379057273415014606
00.0000000234379057273415014606
00.0000000234379057273415014606
00.0000000234379057273415014606
00.0000000234379057273415014606
00.0000000234379057273415014606
00.0000000234379057273415014606
00.0000000234379057273415014606
00.0000000234379057273415014606
00.0000000234379057273415014606
00.0000000234379057273415014606
00.0000000234379057273415014606
00.0000000234379057273415014606
00.0000000234379057273415014606
00.0000000234379057273415014606
00.0000000234379057273415014606
00.0000000234379057273415014606
00.0000000234379057273415014606
00.0000000234379057273415014606
00.0000000234379057273415014606
00.0000000234379057273415014606
00.0000000234379057273415014606
00.0000000234379057273415014606
00.0000000234379057273415014606
00.0000000234379057273415014606
00.0000000234379057273415014606
00.0000000234379057273415014606
00.0000000234379057273415014606
00.0000000234379057273415014606
00.0000000234379057273415014606
00.0000000234379057273415014606
00.0000000234379057273415014606
00.0000000234379057273415014606
00.0000000234379057273415014606
00.0000000234379057273415014606
00.0000000234379057273415014606
00.0000000234379057273415014606
00.0000000234379057273415014606
00.0000000234379057273415014606
00.0000000234379057273415014606
00.0000000234379057273415014606
00.0000000234379057273415014606
00.0000000234379057273415014606
00.0000000234379057273415014606
00.0000000234379057273415014606
00.0000000234379057273415014606
00.0000000234379057273415014606
00.0000000234379057273415014606
00.0000000234379057273415014606
00.0000000234379057273415014606
00.0000000234379057273415014606
00.0000000234379057273415014606
00.0000000234379057273415014606
00.0000000234379057273415014606
00.0000000234379057273415014606
00.0000000234379057273415014606
00.0000000234379057273415014606
00.0000000234379057273415014606
00.0000000234379057273415014606
00.0000000234379057273415014606
00.0000000234379057273415014606
00.0000000234379057273415014606
00.0000000234379057273415014606
00.0000000234379057273415014606
00.0000000234379057273415014606
00.0000000234379057273415014606
00.0000000234379057273415014606
00.0000000234379057273415014606
00.0000000234379057273415014606
00.0000000234379057273415014606
00.0000000234379057273415014606
00.0000000234379057273415014606
00.0000000234379057273415014606
00.0000000234379057273415014606
00.0000000234379057273415014606
00.0000000234379057273415014606
00.0000000234379057273415014606
00.0000000234379057273415014606
00.0000000234379057273415014606
00.0000000234379057273415014606
00.0000000234379057273415014606
00.0000000234379057273415014606
00.0000000234379057273415014606
00.0000000234379057273415014606
00.0000000234379057273415014606
00.0000000234379057273415014606
00.0000000234379057273415014606
00.0000000234379057273415014606
00.0000000234379057273415014606
00.0000000234379057273415014606
00.0000000234379057273415014606
00.0000000234379057273415014606
00.0000000234379057273415014606
00.0000000234379057273415014606
00.0000000234379057273415014606
00.0000000234379057273415014606
00.0000000234379057273415014606
00.0000000234379057273415014606
00.0000000234379057273415014606
00.0000000234379057273415014606
00.0000000234379057273415014606
00.0000000234379057273415014606
00.0000000234379057273415014606
00.0000000234379057273415014606
00.0000000234379057273415014606
00.0000000234379057273415014606
00.0000000234379057273415014606
00.0000000234379057273415014606
00.0000000234379057273415014606
00.0000000234379057273415014606
00.0000000234379057273415014606
00.0000000234379057273415014606
00.0000000234379057273415014606
00.0000000234379057273415014606
00.0000000234379057273415014606
00.0000000234379057273415014606
00.0000000234379057273415014606
00.0000000234379057273415014606
00.0000000234379057273415014606
00.0000000234379057273415014606
00.0000000234379057273415014606
00.0000000234379057273415014606
00.0000000234379057273415014606
00.0000000234379057273415014606
00.0000000234379057273415014606
00.0000000234379057273415014606
00.0000000234379057273415014606
00.0000000234379057273415014606
00.0000000234379057273415014606
00.0000000234379057273415014606
00.0000000234379057273415014606
00.0000000234379057273415014606
00.0000000234379057273415014606
00.0000000234379057273415014606
00.0000000234379057273415014606
00.0000000234379057273415014606
00.0000000234379057273415014606
00.0000000234379057273415014606
00.0000000234379057273415014606
00.0000000234379057273415014606
00.0000000234379057273415014606
00.0000000234379057273415014606
00.0000000234379057273415014606
00.0000000234379057273415014606
00.0000000234379057273415014606
00.0000000234379057273415014606
00.0000000234379057273415014606
00.0000000234379057273415014606
00.0000000234379057273415014606
00.0000000234379057273415014606
00.0000000234379057273415014606
00.0000000234379057273415014606
00.0000000234379057273415014606
00.0000000234379057273415014606
00.0000000234379057273415014606
00.0000000234379057273415014606
00.0000000234379057273415014606
00.0000000234379057273415014606
00.0000000234379057273415014606
00.0000000234379057273415014606
00.0000000234379057273415014606
00.0000000234379057273415014606
00.0000000234379057273415014606
00.0000000234379057273415014606
00.0000000234379057273415014606
00.0000000234379057273415014606
00.0000000234379057273415014606
00.0000000234379057273415014606
00.0000000234379057273415014606
00.0000000234379057273415014606
00.0000000234379057273415014606
00.0000000234379057273415014606
00.0000000234379057273415014606
00.0000000234379057273415014606
00.0000000234379057273415014606
00.0000000234379057273415014606
00.0000000234379057273415014606
00.0000000234379057273415014606
00.0000000234379057273415014606
00.0000000234379057273415014606
00.0000000234379057273415014606
00.0000000234379057273415014606
00.0000000234379057273415014606
00.0000000234379057273415014606
00.0000000234379057273415014606
00.0000000234379057273415014606
00.0000000234379057273415014606
00.0000000234379057273415014606
00.0000000234379057273415014606
00.0000000234379057273415014606
00.0000000234379057273415014606
00.0000000234379057273415014606
00.0000000234379057273415014606
00.0000000234379057273415014606
00.0000000234379057273415014606
00.0000000234379057273415014606
00.0000000234379057273415014606
00.0000000234379057273415014606
00.0000000234379057273415014606
00.0000000234379057273415014606
00.0000000234379057273415014606
00.0000000234379057273415014606
00.0000000234379057273415014606
00.0000000234379057273415014606
00.0000000234379057273415014606
00.0000000234379057273415014606
00.0000000234379057273415014606
00.0000000234379057273415014606
00.0000000234379057273415014606
00.0000000234379057273415014606
00.0000000234379057273415014606
00.0000000234379057273415014606
00.0000000234379057273415014606
00.0000000234379057273415014606
00.0000000234379057273415014606
00.0000000234379057273415014606
00.0000000234379057273415014606
00.0000000234379057273415014606
00.0000000234379057273415014606
00.0000000234379057273415014606
00.0000000234379057273415014606
00.0000000234379057273415014606
00.0000000234379057273415014606
00.0000000234379057273415014606
00.0000000234379057273415014606
00.0000000234379057273415014606
00.0000000234379057273415014606
00.0000000234379057273415014606
00.0000000234379057273415014606
00.0000000234379057273415014606
00.0000000234379057273415014606
00.0000000234379057273415014606
00.0000000234379057273415014606
00.0000000234379057273415014606
00.0000000234379057273415014606
00.0000000234379057273415014606
00.0000000234379057273415014606
00.0000000234379057273415014606
00.0000000234379057273415014606
00.0000000234379057273415014606
00.0000000234379057273415014606
00.0000000234379057273415014606
00.0000000234379057273415014606
00.0000000234379057273415014606
00.0000000234379057273415014606
00.0000000234379057273415014606
00.0000000234379057273415014606
00.0000000234379057273415014606
00.0000000234379057273415014606
00.0000000234379057273415014606
00.0000000234379057273415014606
00.0000000234379057273415014606
00.0000000234379057273415014606
00.0000000234379057273415014606
00.0000000234379057273415014606
00.0000000234379057273415014606
00.0000000234379057273415014606
00.0000000234379057273415014606
00.0000000234379057273415014606
00.0000000234379057273415014606
00.0000000234379057273415014606
00.0000000234379057273415014606
00.0000000234379057273415014606
00.0000000234379057273415014606
00.0000000234379057273415014606
00.0000000234379057273415014606
00.0000000234379057273415014606
00.0000000234379057273415014606
00.0000000234379057273415014606
00.0000000234379057273415014606
00.0000000234379057273415014606
00.0000000234379057273415014606
00.0000000234379057273415014606
00.0000000234379057273415014606
00.0000000234379057273415014606
00.0000000234379057273415014606
00.0000000234379057273415014606
00.0000000234379057273415014606
00.0000000234379057273415014606
00.0000000234379057273415014606
00.0000000234379057273415014606
00.0000000234379057273415014606
00.0000000234379057273415014606
00.0000000234379057273415014606
00.0000000234379057273415014606
00.0000000234379057273415014606
00.0000000234379057273415014606
00.0000000234379057273415014606
00.0000000234379057273415014606
00.0000000234379057273415014606
00.0000000234379057273415014606
00.0000000234379057273415014606
00.0000000234379057273415014606
00.0000000234379057273415014606
00.0000000234379057273415014606
00.0000000234379057273415014606
00.0000000234379057273415014606
00.0000000234379057273415014606
00.0000000234379057273415014606
00.0000000234379057273415014606
00.0000000234379057273415014606
00.0000000234379057273415014606
00.0000000234379057273415014606
00.0000000234379057273415014606
00.0000000234379057273415014606
00.0000000234379057273415014606
00.0000000234379057273415014606
00.0000000234379057273415014606
00.0000000234379057273415014606
00.0000000234379057273415014606
00.0000000234379057273415014606
00.0000000234379057273415014606
00.0000000234379057273415014606
00.0000000234379057273415014606
00.0000000234379057273415014606
00.0000000234379057273415014606
00.0000000234379057273415014606
00.0000000234379057273415014606
00.0000000234379057273415014606
00.0000000234379057273415014606
00.0000000234379057273415014606
00.0000000234379057273415014606
00.0000000234379057273415014606
00.0000000234379057273415014606
00.0000000234379057273415014606
00.0000000234379057273415014606
00.0000000234379057273415014606
00.0000000234379057273415014606
00.0000000234379057273415014606
00.0000000234379057273415014606
00.0000000234379057273415014606
00.0000000234379057273415014606
00.0000000234379057273415014606
00.0000000234379057273415014606
00.0000000234379057273415014606
00.0000000234379057273415014606
00.0000000234379057273415014606
00.0000000234379057273415014606
00.0000000234379057273415014606
00.0000000234379057273415014606
00.0000000234379057273415014606
00.0000000234379057273415014606
00.0000000234379057273415014606
00.0000000234379057273415014606
00.0000000234379057273415014606
00.0000000234379057273415014606
00.0000000234379057273415014606
00.0000000234379057273415014606
00.0000000234379057273415014606
00.0000000234379057273415014606
00.0000000234379057273415014606
00.0000000234379057273415014606
00.0000000234379057273415014606
00.0000000234379057273415014606
00.0000000234379057273415014606
00.0000000234379057273415014606
00.0000000234379057273415014606
00.0000000234379057273415014606
00.0000000234379057273415014606
00.0000000234379057273415014606
00.0000000234379057273415014606
00.0000000234379057273415014606
00.0000000234379057273415014606
00.0000000234379057273415014606
00.0000000234379057273415014606
00.0000000234379057273415014606
00.0000000234379057273415014606
00.0000000234379057273415014606
00.0000000234379057273415014606
00.0000000234379057273415014606
00.0000000234379057273415014606
00.0000000234379057273415014606
00.0000000234379057273415014606
00.0000000234379057273415014606
00.0000000234379057273415014606
00.0000000234379057273415014606
00.0000000234379057273415014606
00.0000000234379057273415014606
00.0000000234379057273415014606
00.0000000234379057273415014606
00.0000000234379057273415014606
00.0000000234379057273415014606
00.0000000234379057273415014606
00.0000000234379057273415014606
00.0000000234379057273415014606
00.0000000234379057273415014606
00.0000000234379057273415014606
00.0000000234379057273415014606
00.0000000234379057273415014606
00.0000000234379057273415014606
00.0000000234379057273415014606
00.0000000234379057273415014606
00.0000000234379057273415014606
00.0000000234379057273415014606
00.0000000234379057273415014606
00.0000000234379057273415014606
00.0000000234379057273415014606
00.0000000234379057273415014606
00.0000000234379057273415014606
00.0000000234379057273415014606
00.0000000234379057273415014606
00.0000000234379057273415014606
00.0000000234379057273415014606
00.0000000234379057273415014606
00.0000000234379057273415014606
00.0000000234379057273415014606
00.0000000234379057273415014606
00.0000000234379057273415014606
00.0000000234379057273415014606
00.0000000234379057273415014606
00.0000000234379057273415014606
00.0000000234379057273415014606
00.0000000234379057273415014606
00.0000000234379057273415014606
00.0000000234379057273415014606
00.0000000234379057273415014606
00.0000000234379057273415014606
00.0000000234379057273415014606
00.0000000234379057273415014606
00.0000000234379057273415014606
00.0000000234379057273415014606
00.0000000234379057273415014606
00.0000000234379057273415014606
00.0000000234379057273415014606
00.0000000234379057273415014606
00.0000000234379057273415014606
00.0000000234379057273415014606
00.0000000234379057273415014606
00.0000000234379057273415014606
00.0000000234379057273415014606
00.0000000234379057273415014606
00.0000000234379057273415014606
00.0000000234379057273415014606
00.0000000234379057273415014606
00.0000000234379057273415014606
00.0000000234379057273415014606
00.0000000234379057273415014606
00.0000000234379057273415014606
00.0000000234379057273415014606
00.0000000234379057273415014606
00.0000000234379057273415014606
00.0000000234379057273415014606
00.0000000234379057273415014606
00.0000000234379057273415014606
00.0000000234379057273415014606
00.0000000234379057273415014606
00.0000000234379057273415014606
00.0000000234379057273415014606
00.0000000234379057273415014606
00.0000000234379057273415014606
00.0000000234379057273415014606
00.0000000234379057273415014606
00.0000000234379057273415014606
00.0000000234379057273415014606
00.0000000234379057273415014606
00.0000000234379057273415014606
00.0000000234379057273415014606
00.0000000234379057273415014606
00.0000000234379057273415014606
00.0000000234379057273415014606
00.0000000234379057273415014606
00.0000000234379057273415014606
00.0000000234379057273415014606
00.0000000234379057273415014606
00.0000000234379057273415014606
00.0000000234379057273415014606
00.0000000234379057273415014606
00.0000000234379057273415014606
00.0000000234379057273415014606
00.0000000234379057273415014606
00.0000000234379057273415014606
00.0000000234379057273415014606
00.0000000234379057273415014606
00.0000000234379057273415014606
00.0000000234379057273415014606
00.0000000234379057273415014606
00.0000000234379057273415014606
00.0000000234379057273415014606
00.0000000234379057273415014606
00.0000000234379057273415014606
00.0000000234379057273415014606
00.0000000234379057273415014606
00.0000000234379057273415014606
00.0000000234379057273415014606
00.0000000234379057273415014606
00.0000000234379057273415014606
00.0000000234379057273415014606
00.0000000234379057273415014606
00.0000000234379057273415014606
00.0000000234379057273415014606
00.0000000234379057273415014606
00.0000000234379057273415014606
00.0000000234379057273415014606
00.0000000234379057273415014606
00.0000000234379057273415014606
00.0000000234379057273415014606
00.0000000234379057273415014606
00.0000000234379057273415014606
00.0000000234379057273415014606
00.0000000234379057273415014606
00.0000000234379057273415014606
00.0000000234379057273415014606
00.0000000234379057273415014606
00.0000000234379057273415014606
00.0000000234379057273415014606
00.0000000234379057273415014606
00.0000000234379057273415014606
00.0000000234379057273415014606
00.0000000234379057273415014606
00.0000000234379057273415014606
00.0000000234379057273415014606
00.0000000234379057273415014606
00.0000000234379057273415014606
00.0000000234379057273415014606
00.0000000234379057273415014606
00.0000000234379057273415014606
00.0000000234379057273415014606
00.0000000234379057273415014606
00.0000000234379057273415014606
00.0000000234379057273415014606
00.0000000234379057273415014606
00.0000000234379057273415014606
00.0000000234379057273415014606
00.0000000234379057273415014606
00.0000000234379057273415014606
00.0000000234379057273415014606
00.0000000234379057273415014606
00.0000000234379057273415014606
00.0000000234379057273415014606
00.0000000234379057273415014606
00.0000000234379057273415014606
00.0000000234379057273415014606
00.0000000234379057273415014606
00.0000000234379057273415014606
00.0000000234379057273415014606
00.0000000234379057273415014606
00.0000000234379057273415014606
00.0000000234379057273415014606
00.0000000234379057273415014606
00.0000000234379057273415014606
00.0000000234379057273415014606
00.0000000234379057273415014606
00.0000000234379057273415014606
00.0000000234379057273415014606
00.0000000234379057273415014606
00.0000000234379057273415014606
00.0000000234379057273415014606
00.0000000234379057273415014606
00.0000000234379057273415014606
00.0000000234379057273415014606
00.0000000234379057273415014606
00.0000000234379057273415014606
00.0000000234379057273415014606
00.0000000234379057273415014606
00.0000000234379057273415014606
00.0000000234379057273415014606
00.0000000234379057273415014606
00.0000000234379057273415014606
00.0000000234379057273415014606
00.0000000234379057273415014606
00.0000000234379057273415014606
00.0000000234379057273415014606
00.0000000234379057273415014606
00.0000000234379057273415014606
00.0000000234379057273415014606
00.0000000234379057273415014606
00.0000000234379057273415014606
00.0000000234379057273415014606
00.0000000234379057273415014606
00.0000000234379057273415014606
00.0000000234379057273415014606
00.0000000234379057273415014606
00.0000000234379057273415014606
00.0000000234379057273415014606
00.0000000234379057273415014606
00.0000000234379057273415014606
00.0000000234379057273415014606
00.0000000234379057273415014606
00.0000000234379057273415014606
00.0000000234379057273415014606
00.0000000234379057273415014606
00.0000000234379057273415014606
00.0000000234379057273415014606
00.0000000234379057273415014606
00.0000000234379057273415014606
00.0000000234379057273415014606
00.0000000234379057273415014606
00.0000000234379057273415014606
00.0000000234379057273415014606
00.0000000234379057273415014606
00.0000000234379057273415014606
00.0000000234379057273415014606
00.0000000234379057273415014606
00.0000000234379057273415014606
00.0000000234379057273415014606
00.0000000234379057273415014606
00.0000000234379057273415014606
00.0000000234379057273415014606
00.0000000234379057273415014606
00.0000000234379057273415014606
00.0000000234379057273415014606
00.0000000234379057273415014606
00.0000000234379057273415014606
00.0000000234379057273415014606
00.0000000234379057273415014606
00.0000000234379057273415014606
00.0000000234379057273415014606
00.0000000234379057273415014606
00.0000000234379057273415014606
00.0000000234379057273415014606
00.0000000234379057273415014606
00.0000000234379057273415014606
00.0000000234379057273415014606
00.0000000234379057273415014606
00.0000000234379057273415014606
00.0000000234379057273415014606
00.0000000234379057273415014606
00.0000000234379057273415014606
00.0000000234379057273415014606
00.0000000234379057273415014606
00.0000000234379057273415014606
00.0000000234379057273415014606
00.0000000234379057273415014606
00.0000000234379057273415014606
00.0000000234379057273415014606
00.0000000234379057273415014606
00.0000000234379057273415014606
00.0000000234379057273415014606
00.0000000234379057273415014606
00.0000000234379057273415014606
00.0000000234379057273415014606
00.0000000234379057273415014606
00.0000000234379057273415014606
00.0000000234379057273415014606
00.0000000234379057273415014606
00.0000000234379057273415014606
00.0000000234379057273415014606
00.0000000234379057273415014606
00.0000000234379057273415014606
00.0000000234379057273415014606
00.0000000234379057273415014606
00.0000000234379057273415014606
00.0000000234379057273415014606
00.0000000234379057273415014606
00.0000000234379057273415014606
00.0000000234379057273415014606
00.0000000234379057273415014606
00.0000000234379057273415014606
00.0000000234379057273415014606
00.0000000234379057273415014606
00.0000000234379057273415014606
00.0000000234379057273415014606
00.0000000234379057273415014606
00.0000000234379057273415014606
00.0000000234379057273415014606
00.0000000234379057273415014606
00.0000000234379057273415014606
00.0000000234379057273415014606
00.0000000234379057273415014606
00.0000000234379057273415014606
00.0000000234379057273415014606
00.0000000234379057273415014606
00.0000000234379057273415014606
00.0000000234379057273415014606
00.0000000234379057273415014606
00.0000000234379057273415014606
00.0000000234379057273415014606
00.0000000234379057273415014606
00.0000000234379057273415014606
00.0000000234379057273415014606
00.0000000234379057273415014606
00.0000000234379057273415014606
00.0000000234379057273415014606
00.0000000234379057273415014606
00.0000000234379057273415014606
00.0000000234379057273415014606
00.0000000234379057273415014606
00.0000000234379057273415014606
00.0000000234379057273415014606
00.0000000234379057273415014606
00.0000000234379057273415014606
00.0000000234379057273415014606
00.0000000234379057273415014606
00.0000000234379057273415014606
00.0000000234379057273415014606
00.0000000234379057273415014606
00.0000000234379057273415014606
00.0000000234379057273415014606
00.0000000234379057273415014606
00.0000000234379057273415014606
00.0000000234379057273415014606
00.0000000234379057273415014606
00.0000000234379057273415014606
00.0000000234379057273415014606
00.0000000234379057273415014606
00.0000000234379057273415014606
00.0000000234379057273415014606
00.0000000234379057273415014606
00.0000000234379057273415014606
00.0000000234379057273415014606
00.0000000234379057273415014606
00.0000000234379057273415014606
00.0000000234379057273415014606
00.0000000234379057273415014606
00.0000000234379057273415014606
00.0000000234379057273415014606
00.0000000234379057273415014606
00.0000000234379057273415014606
00.0000000234379057273415014606
00.0000000234379057273415014606
00.0000000234379057273415014606
00.0000000234379057273415014606
00.0000000234379057273415014606
00.0000000234379057273415014606
00.0000000234379057273415014606
00.0000000234379057273415014606
00.0000000234379057273415014606
00.0000000234379057273415014606
00.0000000234379057273415014606
00.0000000234379057273415014606
00.0000000234379057273415014606
00.0000000234379057273415014606
00.0000000234379057273415014606
00.0000000234379057273415014606
00.0000000234379057273415014606
00.0000000234379057273415014606
00.0000000234379057273415014606
00.0000000234379057273415014606
00.0000000234379057273415014606
00.0000000234379057273415014606
00.0000000234379057273415014606
00.0000000234379057273415014606
00.0000000234379057273415014606
00.0000000234379057273415014606
00.0000000234379057273415014606
00.0000000234379057273415014606
00.0000000234379057273415014606
00.0000000234379057273415014606
00.0000000234379057273415014606
00.0000000234379057273415014606
00.0000000234379057273415014606
00.0000000234379057273415014606
00.0000000234379057273415014606
00.0000000234379057273415014606
00.0000000234379057273415014606
00.0000000234379057273415014606
00.0000000234379057273415014606
00.0000000234379057273415014606
00.0000000234379057273415014606
00.0000000234379057273415014606
00.0000000234379057273415014606
00.0000000234379057273415014606
00.0000000234379057273415014606
00.0000000234379057273415014606
00.0000000234379057273415014606
00.0000000234379057273415014606
00.0000000234379057273415014606
00.0000000234379057273415014606
00.0000000234379057273415014606
00.0000000234379057273415014606
00.0000000234379057273415014606
00.0000000234379057273415014606
00.0000000234379057273415014606
00.0000000234379057273415014606
00.0000000234379057273415014606
00.0000000234379057273415014606
00.0000000234379057273415014606
00.0000000234379057273415014606
00.0000000234379057273415014606
00.0000000234379057273415014606
00.0000000234379057273415014606
00.0000000234379057273415014606
00.0000000234379057273415014606
00.0000000234379057273415014606
00.0000000234379057273415014606
00.0000000234379057273415014606
00.0000000234379057273415014606
00.0000000234379057273415014606
00.0000000234379057273415014606
00.0000000234379057273415014606
00.0000000234379057273415014606
00.0000000234379057273415014606
00.0000000234379057273415014606
00.0000000234379057273415014606
00.0000000234379057273415014606
00.0000000234379057273415014606
00.0000000234379057273415014606
00.0000000234379057273415014606
00.0000000234379057273415014606
00.0000000234379057273415014606
00.0000000234379057273415014606
00.0000000234379057273415014606
00.0000000234379057273415014606
00.0000000234379057273415014606
00.0000000234379057273415014606
00.0000000234379057273415014606
00.0000000234379057273415014606
00.0000000234379057273415014606
00.0000000234379057273415014606
00.0000000234379057273415014606
00.0000000234379057273415014606
00.0000000234379057273415014606
00.0000000234379057273415014606
00.0000000234379057273415014606
00.0000000234379057273415014606
00.0000000234379057273415014606
00.0000000234379057273415014606
00.0000000234379057273415014606
00.0000000234379057273415014606
00.0000000234379057273415014606
00.0000000234379057273415014606
00.0000000234379057273415014606
00.0000000234379057273415014606
00.0000000234379057273415014606
00.0000000234379057273415014606
00.0000000234379057273415014606
00.0000000234379057273415014606
00.0000000234379057273415014606
00.0000000234379057273415014606
00.0000000234379057273415014606
00.0000000234379057273415014606
00.0000000234379057273415014606
00.0000000234379057273415014606
00.0000000234379057273415014606
00.0000000234379057273415014606
00.0000000234379057273415014606
00.0000000234379057273415014606
00.0000000234379057273415014606
00.0000000234379057273415014606
00.0000000234379057273415014606
00.0000000234379057273415014606
00.0000000234379057273415014606
00.0000000234379057273415014606
00.0000000234379057273415014606
00.0000000234379057273415014606
00.0000000234379057273415014606
00.0000000234379057273415014606
00.0000000234379057273415014606
00.0000000234379057273415014606
00.0000000234379057273415014606
00.0000000234379057273415014606
00.0000000234379057273415014606
00.0000000234379057273415014606
00.0000000234379057273415014606
00.0000000234379057273415014606
00.0000000234379057273415014606
00.0000000234379057273415014606
00.0000000234379057273415014606
00.0000000234379057273415014606
00.0000000234379057273415014606
00.0000000234379057273415014606
00.0000000234379057273415014606
00.0000000234379057273415014606
00.0000000234379057273415014606
00.0000000234379057273415014606
00.0000000234379057273415014606
00.0000000234379057273415014606
00.0000000234379057273415014606
00.0000000234379057273415014606
00.0000000234379057273415014606
00.0000000234379057273415014606
00.0000000234379057273415014606
00.0000000234379057273415014606
00.0000000234379057273415014606
00.0000000234379057273415014606
00.0000000234379057273415014606
00.0000000234379057273415014606
00.0000000234379057273415014606
00.0000000234379057273415014606
00.0000000234379057273415014606
00.0000000234379057273415014606
00.0000000234379057273415014606
00.0000000234379057273415014606
00.0000000234379057273415014606
00.0000000234379057273415014606
00.0000000234379057273415014606
00.0000000234379057273415014606
00.0000000234379057273415014606
00.0000000234379057273415014606
00.0000000234379057273415014606
00.0000000234379057273415014606
00.0000000234379057273415014606
00.0000000234379057273415014606
00.0000000234379057273415014606
00.0000000234379057273415014606
00.0000000234379057273415014606
00.0000000234379057273415014606
00.0000000234379057273415014606
00.0000000234379057273415014606
00.0000000234379057273415014606
00.0000000234379057273415014606
00.0000000234379057273415014606
00.0000000234379057273415014606
00.0000000234379057273415014606
00.0000000234379057273415014606
00.0000000234379057273415014606
00.0000000234379057273415014606
00.0000000234379057273415014606
00.0000000234379057273415014606
00.0000000234379057273415014606
00.0000000234379057273415014606
00.0000000234379057273415014606
00.0000000234379057273415014606
00.0000000234379057273415014606
00.0000000234379057273415014606
00.0000000234379057273415014606
00.0000000234379057273415014606
00.0000000234379057273415014606
00.0000000234379057273415014606
00.0000000234379057273415014606
00.0000000234379057273415014606
00.0000000234379057273415014606
00.0000000234379057273415014606
00.0000000234379057273415014606
00.0000000234379057273415014606
00.0000000234379057273415014606
00.0000000234379057273415014606
00.0000000234379057273415014606
00.0000000234379057273415014606
00.0000000234379057273415014606
00.0000000234379057273415014606
00.0000000234379057273415014606
00.0000000234379057273415014606
00.0000000234379057273415014606
00.0000000234379057273415014606
00.0000000234379057273415014606
00.0000000234379057273415014606
00.0000000234379057273415014606
00.0000000234379057273415014606
00.0000000234379057273415014606
00.0000000234379057273415014606
00.0000000234379057273415014606
00.0000000234379057273415014606
00.0000000234379057273415014606
00.0000000234379057273415014606
00.0000000234379057273415014606
00.0000000234379057273415014606
00.0000000234379057273415014606
00.0000000234379057273415014606
00.0000000234379057273415014606
00.0000000234379057273415014606
00.0000000234379057273415014606
00.0000000234379057273415014606
00.0000000234379057273415014606
00.0000000234379057273415014606
00.0000000234379057273415014606
00.0000000234379057273415014606
00.0000000234379057273415014606
00.0000000234379057273415014606
00.0000000234379057273415014606
00.0000000234379057273415014606
00.0000000234379057273415014606
00.0000000234379057273415014606
00.0000000234379057273415014606
00.0000000234379057273415014606
00.0000000234379057273415014606
00.0000000234379057273415014606
00.0000000234379057273415014606
00.0000000234379057273415014606
00.0000000234379057273415014606
00.0000000234379057273415014606
00.0000000234379057273415014606
00.0000000234379057273415014606
00.0000000234379057273415014606
00.0000000234379057273415014606
00.0000000234379057273415014606
00.0000000234379057273415014606
00.0000000234379057273415014606
00.0000000234379057273415014606
00.0000000234379057273415014606
00.0000000234379057273415014606
00.0000000234379057273415014606
00.0000000234379057273415014606
00.0000000234379057273415014606
00.0000000234379057273415014606
00.0000000234379057273415014606
00.0000000234379057273415014606
00.0000000234379057273415014606
00.0000000234379057273415014606
00.0000000234379057273415014606
00.0000000234379057273415014606
00.0000000234379057273415014606
00.0000000234379057273415014606
00.0000000234379057273415014606
00.0000000234379057273415014606
00.0000000234379057273415014606
00.0000000234379057273415014606
00.0000000234379057273415014606
00.0000000234379057273415014606
00.0000000234379057273415014606
00.0000000234379057273415014606
00.0000000234379057273415014606
00.0000000234379057273415014606
00.0000000234379057273415014606
00.0000000234379057273415014606
00.0000000234379057273415014606
00.0000000234379057273415014606
00.0000000234379057273415014606
00.0000000234379057273415014606
00.0000000234379057273415014606
00.0000000234379057273415014606
00.0000000234379057273415014606
00.0000000234379057273415014606
00.0000000234379057273415014606
00.0000000234379057273415014606
00.0000000234379057273415014606
00.0000000234379057273415014606
00.0000000234379057273415014606
00.0000000234379057273415014606
00.0000000234379057273415014606
00.0000000234379057273415014606
00.0000000234379057273415014606
00.0000000234379057273415014606
00.0000000234379057273415014606
00.0000000234379057273415014606
00.0000000234379057273415014606
00.0000000234379057273415014606
00.0000000234379057273415014606
00.0000000234379057273415014606
00.0000000234379057273415014606
00.0000000234379057273415014606
00.0000000234379057273415014606
00.0000000234379057273415014606
00.0000000234379057273415014606
00.0000000234379057273415014606
00.0000000234379057273415014606
00.0000000234379057273415014606
00.0000000234379057273415014606
00.0000000234379057273415014606
00.0000000234379057273415014606
00.0000000234379057273415014606
00.0000000234379057273415014606
00.0000000234379057273415014606
00.0000000234379057273415014606
00.0000000234379057273415014606
00.0000000234379057273415014606
00.0000000234379057273415014606
00.0000000234379057273415014606
00.0000000234379057273415014606
00.0000000234379057273415014606
00.0000000234379057273415014606
00.0000000234379057273415014606
00.0000000234379057273415014606
00.0000000234379057273415014606
00.0000000234379057273415014606
00.0000000234379057273415014606
00.0000000234379057273415014606
00.0000000234379057273415014606
00.0000000234379057273415014606
00.0000000234379057273415014606
00.0000000234379057273415014606
00.0000000234379057273415014606
00.0000000234379057273415014606
00.0000000234379057273415014606
00.0000000234379057273415014606
00.0000000234379057273415014606
00.0000000234379057273415014606
00.0000000234379057273415014606
00.0000000234379057273415014606
00.0000000234379057273415014606
00.0000000234379057273415014606
00.0000000234379057273415014606
00.0000000234379057273415014606
00.0000000234379057273415014606
00.0000000234379057273415014606
00.0000000234379057273415014606
00.0000000234379057273415014606
00.0000000234379057273415014606
00.0000000234379057273415014606
00.0000000234379057273415014606
00.0000000234379057273415014606
00.0000000234379057273415014606
00.0000000234379057273415014606
00.0000000234379057273415014606
00.0000000234379057273415014606
00.0000000234379057273415014606
00.0000000234379057273415014606
00.0000000234379057273415014606
00.0000000234379057273415014606
00.0000000234379057273415014606
00.0000000234379057273415014606
00.0000000234379057273415014606
00.0000000234379057273415014606
00.0000000234379057273415014606
00.0000000234379057273415014606
00.0000000234379057273415014606
00.0000000234379057273415014606
00.0000000234379057273415014606
00.0000000234379057273415014606
00.0000000234379057273415014606
00.0000000234379057273415014606
00.0000000234379057273415014606
00.0000000234379057273415014606
00.0000000234379057273415014606
00.0000000234379057273415014606
00.0000000234379057273415014606
00.0000000234379057273415014606
00.0000000234379057273415014606
00.0000000234379057273415014606
00.0000000234379057273415014606
00.0000000234379057273415014606
00.0000000234379057273415014606
00.0000000234379057273415014606
00.0000000234379057273415014606
00.0000000234379057273415014606
00.0000000234379057273415014606
00.0000000234379057273415014606
00.0000000234379057273415014606
00.0000000234379057273415014606
00.0000000234379057273415014606
00.0000000234379057273415014606
00.0000000234379057273415014606
00.0000000234379057273415014606
00.0000000234379057273415014606
00.0000000234379057273415014606
00.0000000234379057273415014606
00.0000000234379057273415014606
00.0000000234379057273415014606
00.0000000234379057273415014606
00.0000000234379057273415014606
00.0000000234379057273415014606
00.0000000234379057273415014606
00.0000000234379057273415014606
00.0000000234379057273415014606
00.0000000234379057273415014606
00.0000000234379057273415014606
00.0000000234379057273415014606
00.0000000234379057273415014606
00.0000000234379057273415014606
00.0000000234379057273415014606
00.0000000234379057273415014606
00.0000000234379057273415014606
00.0000000234379057273415014606
00.0000000234379057273415014606
00.0000000234379057273415014606
00.0000000234379057273415014606
00.0000000234379057273415014606
00.0000000234379057273415014606
00.0000000234379057273415014606
00.0000000234379057273415014606
00.0000000234379057273415014606
00.0000000234379057273415014606
00.0000000234379057273415014606
00.0000000234379057273415014606
00.0000000234379057273415014606
00.0000000234379057273415014606
00.0000000234379057273415014606
00.0000000234379057273415014606
00.0000000234379057273415014606
00.0000000234379057273415014606
00.0000000234379057273415014606
00.0000000234379057273415014606
00.0000000234379057273415014606
00.0000000234379057273415014606
00.0000000234379057273415014606
00.0000000234379057273415014606
00.0000000234379057273415014606
00.0000000234379057273415014606
00.0000000234379057273415014606
00.0000000234379057273415014606
00.0000000234379057273415014606
00.0000000234379057273415014606
00.0000000234379057273415014606
00.0000000234379057273415014606
00.0000000234379057273415014606
00.0000000234379057273415014606
00.0000000234379057273415014606
00.0000000234379057273415014606
00.0000000234379057273415014606
00.0000000234379057273415014606
00.0000000234379057273415014606
00.0000000234379057273415014606
00.0000000234379057273415014606
00.0000000234379057273415014606
00.0000000234379057273415014606
00.0000000234379057273415014606
00.0000000234379057273415014606
00.0000000234379057273415014606
00.0000000234379057273415014606
00.0000000234379057273415014606
00.0000000234379057273415014606
00.0000000234379057273415014606
00.0000000234379057273415014606
00.0000000234379057273415014606
00.0000000234379057273415014606
00.0000000234379057273415014606
00.0000000234379057273415014606
00.0000000234379057273415014606
00.0000000234379057273415014606
00.0000000234379057273415014606
00.0000000234379057273415014606
00.0000000234379057273415014606
00.0000000234379057273415014606
00.0000000234379057273415014606
00.0000000234379057273415014606
00.0000000234379057273415014606
00.0000000234379057273415014606
00.0000000234379057273415014606
00.0000000234379057273415014606
00.0000000234379057273415014606
00.0000000234379057273415014606
00.0000000234379057273415014606
00.0000000234379057273415014606
00.0000000234379057273415014606
00.0000000234379057273415014606
00.0000000234379057273415014606
00.0000000234379057273415014606
00.0000000234379057273415014606
00.0000000234379057273415014606
00.0000000234379057273415014606
00.0000000234379057273415014606
00.0000000234379057273415014606
00.0000000234379057273415014606
00.0000000234379057273415014606
00.0000000234379057273415014606
00.0000000234379057273415014606
00.0000000234379057273415014606
00.0000000234379057273415014606
00.0000000234379057273415014606
00.0000000234379057273415014606
00.0000000234379057273415014606
00.0000000234379057273415014606
00.0000000234379057273415014606
00.0000000234379057273415014606
00.0000000234379057273415014606
00.0000000234379057273415014606
00.0000000234379057273415014606
00.0000000234379057273415014606
00.0000000234379057273415014606
00.0000000234379057273415014606
00.0000000234379057273415014606
00.0000000234379057273415014606
00.0000000234379057273415014606
00.0000000234379057273415014606
00.0000000234379057273415014606
00.0000000234379057273415014606
00.0000000234379057273415014606
00.0000000234379057273415014606
00.0000000234379057273415014606
00.0000000234379057273415014606
00.0000000234379057273415014606
00.0000000234379057273415014606
00.0000000234379057273415014606
00.0000000234379057273415014606
00.0000000234379057273415014606
00.0000000234379057273415014606
00.0000000234379057273415014606
00.0000000234379057273415014606
00.0000000234379057273415014606
00.0000000234379057273415014606
00.0000000234379057273415014606
00.0000000234379057273415014606
00.0000000234379057273415014606
00.0000000234379057273415014606
00.0000000234379057273415014606
00.0000000234379057273415014606
00.0000000234379057273415014606
00.0000000234379057273415014606
00.0000000234379057273415014606
00.0000000234379057273415014606
00.0000000234379057273415014606
00.0000000234379057273415014606
00.0000000234379057273415014606
00.0000000234379057273415014606
00.0000000234379057273415014606
00.0000000234379057273415014606
00.0000000234379057273415014606
00.0000000234379057273415014606
00.0000000234379057273415014606
00.0000000234379057273415014606
00.0000000234379057273415014606
00.0000000234379057273415014606
00.0000000234379057273415014606
00.0000000234379057273415014606
00.0000000234379057273415014606
00.0000000234379057273415014606
00.0000000234379057273415014606
00.0000000234379057273415014606
00.0000000234379057273415014606
00.0000000234379057273415014606
00.0000000234379057273415014606
00.0000000234379057273415014606
00.0000000234379057273415014606
00.0000000234379057273415014606
00.0000000234379057273415014606
00.0000000234379057273415014606
00.0000000234379057273415014606
00.0000000234379057273415014606
00.0000000234379057273415014606
00.0000000234379057273415014606
00.0000000234379057273415014606
00.0000000234379057273415014606
00.0000000234379057273415014606
00.0000000234379057273415014606
00.0000000234379057273415014606
00.0000000234379057273415014606
00.0000000234379057273415014606
00.0000000234379057273415014606
00.0000000234379057273415014606
00.0000000234379057273415014606
00.0000000234379057273415014606
00.0000000234379057273415014606
00.0000000234379057273415014606
00.0000000234379057273415014606
00.0000000234379057273415014606
00.0000000234379057273415014606
00.0000000234379057273415014606
00.0000000234379057273415014606
00.0000000234379057273415014606
00.0000000234379057273415014606
00.0000000234379057273415014606
00.0000000234379057273415014606
00.0000000234379057273415014606
00.0000000234379057273415014606
00.0000000234379057273415014606
00.0000000234379057273415014606
00.0000000234379057273415014606
00.0000000234379057273415014606
00.0000000234379057273415014606
00.0000000234379057273415014606
00.0000000234379057273415014606
00.0000000234379057273415014606
00.0000000234379057273415014606
00.0000000234379057273415014606
00.0000000234379057273415014606
00.0000000234379057273415014606
00.0000000234379057273415014606
00.0000000234379057273415014606
00.0000000234379057273415014606
00.0000000234379057273415014606
00.0000000234379057273415014606
00.0000000234379057273415014606
00.0000000234379057273415014606
00.0000000234379057273415014606
00.0000000234379057273415014606
00.0000000234379057273415014606
00.0000000234379057273415014606
00.0000000234379057273415014606
00.0000000234379057273415014606
00.0000000234379057273415014606
00.0000000234379057273415014606
00.0000000234379057273415014606
00.0000000234379057273415014606
00.0000000234379057273415014606
00.0000000234379057273415014606
00.0000000234379057273415014606
00.0000000234379057273415014606
00.0000000234379057273415014606
00.0000000234379057273415014606
00.0000000234379057273415014606
00.0000000234379057273415014606
00.0000000234379057273415014606
00.0000000234379057273415014606
00.0000000234379057273415014606
00.0000000234379057273415014606
00.0000000234379057273415014606
00.0000000234379057273415014606
00.0000000234379057273415014606
00.0000000234379057273415014606
00.0000000234379057273415014606
00.0000000234379057273415014606
00.0000000234379057273415014606
00.0000000234379057273415014606
00.0000000234379057273415014606
00.0000000234379057273415014606
00.0000000234379057273415014606
00.0000000234379057273415014606
00.0000000234379057273415014606
00.0000000234379057273415014606
00.0000000234379057273415014606
00.0000000234379057273415014606
00.0000000234379057273415014606
00.0000000234379057273415014606
00.0000000234379057273415014606
00.0000000234379057273415014606
00.0000000234379057273415014606
00.0000000234379057273415014606
00.0000000234379057273415014606
00.0000000234379057273415014606
00.0000000234379057273415014606
00.0000000234379057273415014606
00.0000000234379057273415014606
00.0000000234379057273415014606
00.0000000234379057273415014606
00.0000000234379057273415014606
00.0000000234379057273415014606
00.0000000234379057273415014606
00.0000000234379057273415014606
00.0000000234379057273415014606
00.0000000234379057273415014606
00.0000000234379057273415014606
00.0000000234379057273415014606
00.0000000234379057273415014606
00.0000000234379057273415014606
00.0000000234379057273415014606
00.0000000234379057273415014606
00.0000000234379057273415014606
00.0000000234379057273415014606
00.0000000234379057273415014606
00.0000000234379057273415014606
00.0000000234379057273415014606
00.0000000234379057273415014606
00.0000000234379057273415014606
00.0000000234379057273415014606
00.0000000234379057273415014606
00.0000000234379057273415014606
00.0000000234379057273415014606
00.0000000234379057273415014606
00.0000000234379057273415014606
00.0000000234379057273415014606
00.0000000234379057273415014606
00.0000000234379057273415014606
00.0000000234379057273415014606
00.0000000234379057273415014606
00.0000000234379057273415014606
00.0000000234379057273415014606
00.0000000234379057273415014606
00.0000000234379057273415014606
00.0000000234379057273415014606
00.0000000234379057273415014606
00.0000000234379057273415014606
00.0000000234379057273415014606
00.0000000234379057273415014606
00.0000000234379057273415014606
00.0000000234379057273415014606
00.0000000234379057273415014606
00.0000000234379057273415014606
00.0000000234379057273415014606
00.0000000234379057273415014606
00.0000000234379057273415014606
00.0000000234379057273415014606
00.0000000234379057273415014606
00.0000000234379057273415014606
00.0000000234379057273415014606
00.0000000234379057273415014606
00.0000000234379057273415014606
00.0000000234379057273415014606
00.0000000234379057273415014606
00.0000000234379057273415014606
00.0000000234379057273415014606
00.0000000234379057273415014606
00.0000000234379057273415014606
00.0000000234379057273415014606
00.0000000234379057273415014606
00.0000000234379057273415014606
00.0000000234379057273415014606
00.0000000234379057273415014606
00.0000000234379057273415014606
00.0000000234379057273415014606
00.0000000234379057273415014606
00.0000000234379057273415014606
00.0000000234379057273415014606
00.0000000234379057273415014606
00.0000000234379057273415014606
00.0000000234379057273415014606
00.0000000234379057273415014606
00.0000000234379057273415014606
00.0000000234379057273415014606
00.0000000234379057273415014606
00.0000000234379057273415014606
00.0000000234379057273415014606
00.0000000234379057273415014606
00.0000000234379057273415014606
00.0000000234379057273415014606
00.0000000234379057273415014606
00.0000000234379057273415014606
00.0000000234379057273415014606
00.0000000234379057273415014606
00.0000000234379057273415014606
00.0000000234379057273415014606
00.0000000234379057273415014606
00.0000000234379057273415014606
00.0000000234379057273415014606
00.0000000234379057273415014606
00.0000000234379057273415014606
00.0000000234379057273415014606
00.0000000234379057273415014606
00.0000000234379057273415014606
00.0000000234379057273415014606
00.0000000234379057273415014606
00.0000000234379057273415014606
00.0000000234379057273415014606
00.0000000234379057273415014606
00.0000000234379057273415014606
00.0000000234379057273415014606
00.0000000234379057273415014606
00.0000000234379057273415014606
00.0000000234379057273415014606
00.0000000234379057273415014606
00.0000000234379057273415014606
00.0000000234379057273415014606
00.0000000234379057273415014606
00.0000000234379057273415014606
00.0000000234379057273415014606
00.0000000234379057273415014606
00.0000000234379057273415014606
00.0000000234379057273415014606
00.0000000234379057273415014606
00.0000000234379057273415014606
00.0000000234379057273415014606
00.0000000234379057273415014606
00.0000000234379057273415014606
00.0000000234379057273415014606
00.0000000234379057273415014606
00.0000000234379057273415014606
00.0000000234379057273415014606
00.0000000234379057273415014606
00.0000000234379057273415014606
00.0000000234379057273415014606
00.0000000234379057273415014606
00.0000000234379057273415014606
00.0000000234379057273415014606
00.0000000234379057273415014606
00.0000000234379057273415014606
00.0000000234379057273415014606
00.0000000234379057273415014606
00.0000000234379057273415014606
00.0000000234379057273415014606
00.0000000234379057273415014606
00.0000000234379057273415014606
00.0000000234379057273415014606
00.0000000234379057273415014606
00.0000000234379057273415014606
00.0000000234379057273415014606
00.0000000234379057273415014606
00.0000000234379057273415014606
00.0000000234379057273415014606
00.0000000234379057273415014606
00.0000000234379057273415014606
00.0000000234379057273415014606
00.0000000234379057273415014606
00.0000000234379057273415014606
00.0000000234379057273415014606
00.0000000234379057273415014606
00.0000000234379057273415014606
00.0000000234379057273415014606
00.0000000234379057273415014606
00.0000000234379057273415014606
00.0000000234379057273415014606
00.0000000234379057273415014606
00.0000000234379057273415014606
00.0000000234379057273415014606
00.0000000234379057273415014606
00.0000000234379057273415014606
00.0000000234379057273415014606
00.0000000234379057273415014606
00.0000000234379057273415014606
00.0000000234379057273415014606
00.0000000234379057273415014606
00.0000000234379057273415014606
00.0000000234379057273415014606
00.0000000234379057273415014606
00.0000000234379057273415014606
00.0000000234379057273415014606
00.0000000234379057273415014606
00.0000000234379057273415014606
00.0000000234379057273415014606
00.0000000234379057273415014606
00.0000000234379057273415014606
00.0000000234379057273415014606
00.0000000234379057273415014606
00.0000000234379057273415014606
00.0000000234379057273415014606
00.0000000234379057273415014606
00.0000000234379057273415014606
00.0000000234379057273415014606
00.0000000234379057273415014606
00.0000000234379057273415014606
00.0000000234379057273415014606
00.0000000234379057273415014606
00.0000000234379057273415014606
00.0000000234379057273415014606
00.0000000234379057273415014606
00.0000000234379057273415014606
00.0000000234379057273415014606
00.0000000234379057273415014606
00.0000000234379057273415014606
00.0000000234379057273415014606
00.0000000234379057273415014606
00.0000000234379057273415014606
00.0000000234379057273415014606
00.0000000234379057273415014606
00.0000000234379057273415014606
00.0000000234379057273415014606
00.0000000234379057273415014606
00.0000000234379057273415014606
00.0000000234379057273415014606
00.0000000234379057273415014606
00.0000000234379057273415014606
00.0000000234379057273415014606
00.0000000234379057273415014606
00.0000000234379057273415014606
00.0000000234379057273415014606
00.0000000234379057273415014606
00.0000000234379057273415014606
00.0000000234379057273415014606
00.0000000234379057273415014606
00.0000000234379057273415014606
00.0000000234379057273415014606
00.0000000234379057273415014606
00.0000000234379057273415014606
00.0000000234379057273415014606
00.0000000234379057273415014606
00.0000000234379057273415014606
00.0000000234379057273415014606
00.0000000234379057273415014606
00.0000000234379057273415014606
00.0000000234379057273415014606
00.0000000234379057273415014606
00.0000000234379057273415014606
00.0000000234379057273415014606
00.0000000234379057273415014606
00.0000000234379057273415014606
00.0000000234379057273415014606
00.0000000234379057273415014606
00.0000000234379057273415014606
00.0000000234379057273415014606
00.0000000234379057273415014606
00.0000000234379057273415014606
00.0000000234379057273415014606
00.0000000234379057273415014606
00.0000000234379057273415014606
00.0000000234379057273415014606
00.0000000234379057273415014606
00.0000000234379057273415014606
00.0000000234379057273415014606
00.0000000234379057273415014606
00.0000000234379057273415014606
00.0000000234379057273415014606
00.0000000234379057273415014606
00.0000000234379057273415014606
00.0000000234379057273415014606
00.0000000234379057273415014606
00.0000000234379057273415014606
00.0000000234379057273415014606
00.0000000234379057273415014606
00.0000000234379057273415014606
00.0000000234379057273415014606
00.0000000234379057273415014606
00.0000000234379057273415014606
00.0000000234379057273415014606
00.0000000234379057273415014606
00.0000000234379057273415014606
00.0000000234379057273415014606
00.0000000234379057273415014606
00.0000000234379057273415014606
00.0000000234379057273415014606
00.0000000234379057273415014606
00.0000000234379057273415014606
00.0000000234379057273415014606
00.0000000234379057273415014606
00.0000000234379057273415014606
00.0000000234379057273415014606
00.0000000234379057273415014606
00.0000000234379057273415014606
00.0000000234379057273415014606
00.0000000234379057273415014606
00.0000000234379057273415014606
00.0000000234379057273415014606
00.0000000234379057273415014606
00.0000000234379057273415014606
00.0000000234379057273415014606
00.0000000234379057273415014606
00.0000000234379057273415014606
00.0000000234379057273415014606
00.0000000234379057273415014606
00.0000000234379057273415014606
00.0000000234379057273415014606
00.0000000234379057273415014606
00.0000000234379057273415014606
00.0000000234379057273415014606
00.0000000234379057273415014606
00.0000000234379057273415014606
00.0000000234379057273415014606
00.0000000234379057273415014606
00.0000000234379057273415014606
00.0000000234379057273415014606
00.0000000234379057273415014606
00.0000000234379057273415014606
00.0000000234379057273415014606
00.0000000234379057273415014606
00.0000000234379057273415014606
00.0000000234379057273415014606
00.0000000234379057273415014606
00.0000000234379057273415014606
00.0000000234379057273415014606
00.0000000234379057273415014606
00.0000000234379057273415014606
00.0000000234379057273415014606
00.0000000234379057273415014606
00.0000000234379057273415014606
00.0000000234379057273415014606
00.0000000234379057273415014606
00.0000000234379057273415014606
00.0000000234379057273415014606
00.0000000234379057273415014606
00.0000000234379057273415014606
00.0000000234379057273415014606
00.0000000234379057273415014606
00.0000000234379057273415014606
00.0000000234379057273415014606
00.0000000234379057273415014606
00.0000000234379057273415014606
00.0000000234379057273415014606
00.0000000234379057273415014606
00.0000000234379057273415014606
00.0000000234379057273415014606
00.0000000234379057273415014606
00.0000000234379057273415014606
00.0000000234379057273415014606
00.0000000234379057273415014606
00.0000000234379057273415014606
00.0000000234379057273415014606
00.0000000234379057273415014606
00.0000000234379057273415014606
00.0000000234379057273415014606
00.0000000234379057273415014606
00.0000000234379057273415014606
00.0000000234379057273415014606
00.0000000234379057273415014606
00.0000000234379057273415014606
00.0000000234379057273415014606
00.0000000234379057273415014606
00.0000000234379057273415014606
00.0000000234379057273415014606
00.0000000234379057273415014606
00.0000000234379057273415014606
00.0000000234379057273415014606
00.0000000234379057273415014606
00.0000000234379057273415014606
00.0000000234379057273415014606
00.0000000234379057273415014606
00.0000000234379057273415014606
00.0000000234379057273415014606
00.0000000234379057273415014606
00.0000000234379057273415014606
00.0000000234379057273415014606
00.0000000234379057273415014606
00.0000000234379057273415014606
00.0000000234379057273415014606
00.0000000234379057273415014606
00.0000000234379057273415014606
00.0000000234379057273415014606
00.0000000234379057273415014606
00.0000000234379057273415014606
00.0000000234379057273415014606
00.0000000234379057273415014606
00.0000000234379057273415014606
00.0000000234379057273415014606
00.0000000234379057273415014606
00.0000000234379057273415014606
00.0000000234379057273415014606
00.0000000234379057273415014606
00.0000000234379057273415014606
00.0000000234379057273415014606
00.0000000234379057273415014606
00.0000000234379057273415014606
00.0000000234379057273415014606
00.0000000234379057273415014606
00.0000000234379057273415014606
00.0000000234379057273415014606
00.0000000234379057273415014606
00.0000000234379057273415014606
00.0000000234379057273415014606
00.0000000234379057273415014606
00.0000000234379057273415014606
00.0000000234379057273415014606
00.0000000234379057273415014606
00.0000000234379057273415014606
00.0000000234379057273415014606
00.0000000234379057273415014606
00.0000000234379057273415014606
00.0000000234379057273415014606
00.0000000234379057273415014606
00.0000000234379057273415014606
00.0000000234379057273415014606
00.0000000234379057273415014606
00.0000000234379057273415014606
00.0000000234379057273415014606
00.0000000234379057273415014606
00.0000000234379057273415014606
00.0000000234379057273415014606
00.0000000234379057273415014606
00.0000000234379057273415014606
00.0000000234379057273415014606
00.0000000234379057273415014606
00.0000000234379057273415014606
00.0000000234379057273415014606
00.0000000234379057273415014606
00.0000000234379057273415014606
00.0000000234379057273415014606
00.0000000234379057273415014606
00.0000000234379057273415014606
00.0000000234379057273415014606
00.0000000234379057273415014606
00.0000000234379057273415014606
00.0000000234379057273415014606
00.0000000234379057273415014606
00.0000000234379057273415014606
00.0000000234379057273415014606
00.0000000234379057273415014606
00.0000000234379057273415014606
00.0000000234379057273415014606
00.0000000234379057273415014606
00.0000000234379057273415014606
00.0000000234379057273415014606
00.0000000234379057273415014606
00.0000000234379057273415014606
00.0000000234379057273415014606
00.0000000234379057273415014606
00.0000000234379057273415014606
00.0000000234379057273415014606
00.0000000234379057273415014606
00.0000000234379057273415014606
00.0000000234379057273415014606
00.0000000234379057273415014606
00.0000000234379057273415014606
00.0000000234379057273415014606
00.0000000234379057273415014606
00.0000000234379057273415014606
00.0000000234379057273415014606
00.0000000234379057273415014606
00.0000000234379057273415014606
00.0000000234379057273415014606
00.0000000234379057273415014606
00.0000000234379057273415014606
00.0000000234379057273415014606
00.0000000234379057273415014606
00.0000000234379057273415014606
00.0000000234379057273415014606
00.0000000234379057273415014606
00.0000000234379057273415014606
00.0000000234379057273415014606
00.0000000234379057273415014606
00.0000000234379057273415014606
00.0000000234379057273415014606
00.0000000234379057273415014606
00.0000000234379057273415014606
00.0000000234379057273415014606
00.0000000234379057273415014606
00.0000000234379057273415014606
00.0000000234379057273415014606
00.0000000234379057273415014606
00.0000000234379057273415014606
00.0000000234379057273415014606
00.0000000234379057273415014606
00.0000000234379057273415014606
00.0000000234379057273415014606
00.0000000234379057273415014606
00.0000000234379057273415014606
00.0000000234379057273415014606
00.0000000234379057273415014606
00.0000000234379057273415014606
00.0000000234379057273415014606
00.0000000234379057273415014606
00.0000000234379057273415014606
00.0000000234379057273415014606
00.0000000234379057273415014606
00.0000000234379057273415014606
00.0000000234379057273415014606
00.0000000234379057273415014606
00.0000000234379057273415014606
00.0000000234379057273415014606
00.0000000234379057273415014606
00.0000000234379057273415014606
00.0000000234379057273415014606
00.0000000234379057273415014606
00.0000000234379057273415014606
00.0000000234379057273415014606
00.0000000234379057273415014606
00.0000000234379057273415014606
00.0000000234379057273415014606
00.0000000234379057273415014606
00.0000000234379057273415014606
00.0000000234379057273415014606
00.0000000234379057273415014606
00.0000000234379057273415014606
00.0000000234379057273415014606
00.0000000234379057273415014606
00.0000000234379057273415014606
00.0000000234379057273415014606
00.0000000234379057273415014606
00.0000000234379057273415014606
00.0000000234379057273415014606
00.0000000234379057273415014606
00.0000000234379057273415014606
00.0000000234379057273415014606
00.0000000234379057273415014606
00.0000000234379057273415014606
00.0000000234379057273415014606
00.0000000234379057273415014606
00.0000000234379057273415014606
00.0000000234379057273415014606
00.0000000234379057273415014606
00.0000000234379057273415014606
00.0000000234379057273415014606
00.0000000234379057273415014606
00.0000000234379057273415014606
00.0000000234379057273415014606
00.0000000234379057273415014606
00.0000000234379057273415014606
00.0000000234379057273415014606
00.0000000234379057273415014606
00.0000000234379057273415014606
00.0000000234379057273415014606
00.0000000234379057273415014606
00.0000000234379057273415014606
00.0000000234379057273415014606
00.0000000234379057273415014606
00.0000000234379057273415014606
00.0000000234379057273415014606
00.0000000234379057273415014606
00.0000000215740930675778486147
00.0000000215740930675778486147
00.0000000215740930675778486147
00.0000000215740930675778486147
00.0000000215740930675778486147
00.0000000215740930675778486147
00.0000000215740930675778486147
00.0000000215740930675778486147
00.0000000215740930675778486147
00.0000000215740930675778486147
00.0000000215740930675778486147
00.0000000215740930675778486147
00.0000000215740930675778486147
00.0000000215740930675778486147
00.0000000215740930675778486147
00.0000000215740930675778486147
00.0000000215740930675778486147
00.0000000215740930675778486147
00.0000000215740930675778486147
00.0000000215740930675778486147
00.0000000215740930675778486147
00.0000000215740930675778486147
00.0000000215740930675778486147
00.0000000215740930675778486147
00.0000000215740930675778486147
00.0000000215740930675778486147
00.0000000215740930675778486147
00.0000000215740930675778486147
00.0000000215740930675778486147
00.0000000215740930675778486147
00.0000000215740930675778486147
00.0000000215740930675778486147
00.0000000215740930675778486147
00.0000000215740930675778486147
00.0000000215740930675778486147
00.0000000215740930675778486147
00.0000000215740930675778486147
00.0000000215740930675778486147
00.0000000215740930675778486147
00.0000000215740930675778486147
00.0000000215740930675778486147
00.0000000215740930675778486147
00.0000000215740930675778486147
00.0000000215740930675778486147
00.0000000215740930675778486147
00.0000000215740930675778486147
00.0000000215740930675778486147
00.0000000215740930675778486147
00.0000000215740930675778486147
00.0000000215740930675778486147
00.0000000215740930675778486147
00.0000000215740930675778486147
00.0000000215740930675778486147
00.0000000215740930675778486147
00.0000000215740930675778486147
00.0000000215740930675778486147
00.0000000215740930675778486147
00.0000000215740930675778486147
00.0000000215740930675778486147
00.0000000215740930675778486147
00.0000000215740930675778486147
00.0000000215740930675778486147
00.0000000215740930675778486147
00.0000000215740930675778486147
00.0000000215740930675778486147
00.0000000215740930675778486147
00.0000000215740930675778486147
00.0000000215740930675778486147
00.0000000215740930675778486147
00.0000000215740930675778486147
00.0000000215740930675778486147
00.0000000215740930675778486147
00.0000000215740930675778486147
00.0000000215740930675778486147
00.0000000215740930675778486147
00.0000000215740930675778486147
00.0000000215740930675778486147
00.0000000215740930675778486147
00.0000000215740930675778486147
00.0000000215740930675778486147
00.0000000215740930675778486147
00.0000000215740930675778486147
00.0000000215740930675778486147
00.0000000215740930675778486147
00.0000000215740930675778486147
00.0000000215740930675778486147
00.0000000215740930675778486147
00.0000000215740930675778486147
00.0000000215740930675778486147
00.0000000215740930675778486147
00.0000000215740930675778486147
00.0000000215740930675778486147
00.0000000215740930675778486147
00.0000000215740930675778486147
00.0000000215740930675778486147
00.0000000215740930675778486147
00.0000000215740930675778486147
00.0000000215740930675778486147
00.0000000215740930675778486147
00.0000000215740930675778486147
00.0000000215740930675778486147
00.0000000215740930675778486147
00.0000000215740930675778486147
00.0000000215740930675778486147
00.0000000215740930675778486147
00.0000000215740930675778486147
00.0000000215740930675778486147
00.0000000215740930675778486147
00.0000000215740930675778486147
00.0000000215740930675778486147
00.0000000215740930675778486147
00.0000000215740930675778486147
00.0000000215740930675778486147
00.0000000215740930675778486147
00.0000000215740930675778486147
00.0000000215740930675778486147
00.0000000215740930675778486147
00.0000000215740930675778486147
00.0000000215740930675778486147
00.0000000215740930675778486147
00.0000000215740930675778486147
00.0000000215740930675778486147
00.0000000215740930675778486147
00.0000000215740930675778486147
00.0000000215740930675778486147
00.0000000215740930675778486147
00.0000000215740930675778486147
00.0000000215740930675778486147
00.0000000215740930675778486147
00.0000000215740930675778486147
00.0000000215740930675778486147
00.0000000215740930675778486147
00.0000000215740930675778486147
00.0000000215740930675778486147
00.0000000215740930675778486147
00.0000000215740930675778486147
00.0000000215740930675778486147
00.0000000215740930675778486147
00.0000000215740930675778486147
00.0000000215740930675778486147
00.0000000215740930675778486147
00.0000000215740930675778486147
00.0000000215740930675778486147
00.0000000215740930675778486147
00.0000000215740930675778486147
00.0000000215740930675778486147
00.0000000215740930675778486147
00.0000000215740930675778486147
00.0000000215740930675778486147
00.0000000215740930675778486147
00.0000000215740930675778486147
00.0000000215740930675778486147
00.0000000215740930675778486147
00.0000000215740930675778486147
00.0000000215740930675778486147
00.0000000215740930675778486147
00.0000000215740930675778486147
00.0000000215740930675778486147
00.0000000215740930675778486147
00.0000000215740930675778486147
00.0000000215740930675778486147
00.0000000215740930675778486147
00.0000000215740930675778486147
00.0000000215740930675778486147
00.0000000215740930675778486147
00.0000000215740930675778486147
00.0000000215740930675778486147
00.0000000215740930675778486147
00.0000000215740930675778486147
00.0000000215740930675778486147
00.0000000215740930675778486147
00.0000000215740930675778486147
00.0000000215740930675778486147
00.0000000215740930675778486147
00.0000000215740930675778486147
00.0000000215740930675778486147
00.0000000215740930675778486147
00.0000000215740930675778486147
00.0000000215740930675778486147
00.0000000215740930675778486147
00.0000000215740930675778486147
00.0000000215740930675778486147
00.0000000215740930675778486147
00.0000000215740930675778486147
00.0000000215740930675778486147
00.0000000215740930675778486147
00.0000000215740930675778486147
00.0000000215740930675778486147
00.0000000215740930675778486147
00.0000000215740930675778486147
00.0000000215740930675778486147
00.0000000215740930675778486147
00.0000000215740930675778486147
00.0000000215740930675778486147
00.0000000215740930675778486147
00.0000000215740930675778486147
00.0000000215740930675778486147
00.0000000215740930675778486147
00.0000000215740930675778486147
00.0000000215740930675778486147
00.0000000215740930675778486147
00.0000000215740930675778486147
00.0000000215740930675778486147
00.0000000215740930675778486147
00.0000000215740930675778486147
00.0000000215740930675778486147
00.0000000215740930675778486147
00.0000000215740930675778486147
00.0000000215740930675778486147
00.0000000215740930675778486147
00.0000000215740930675778486147
00.0000000215740930675778486147
00.0000000215740930675778486147
00.0000000215740930675778486147
00.0000000215740930675778486147
00.0000000215740930675778486147
00.0000000215740930675778486147
00.0000000215740930675778486147
00.0000000215740930675778486147
00.0000000215740930675778486147
00.0000000215740930675778486147
00.0000000215740930675778486147
00.0000000215740930675778486147
00.0000000215740930675778486147
00.0000000215740930675778486147
00.0000000215740930675778486147
00.0000000215740930675778486147
00.0000000215740930675778486147
00.0000000215740930675778486147
00.0000000215740930675778486147
00.0000000215740930675778486147
00.0000000215740930675778486147
00.0000000215740930675778486147
00.0000000215740930675778486147
00.0000000215740930675778486147
00.0000000215740930675778486147
00.0000000215740930675778486147
00.0000000215740930675778486147
00.0000000215740930675778486147
00.0000000215740930675778486147
00.0000000215740930675778486147
00.0000000215740930675778486147
00.0000000215740930675778486147
00.0000000215740930675778486147
00.0000000215740930675778486147
00.0000000215740930675778486147
00.0000000215740930675778486147
00.0000000215740930675778486147
00.0000000215740930675778486147
00.0000000215740930675778486147
00.0000000215740930675778486147
00.0000000215740930675778486147
00.0000000215740930675778486147
00.0000000215740930675778486147
00.0000000215740930675778486147
00.0000000215740930675778486147
00.0000000215740930675778486147
00.0000000215740930675778486147
00.0000000215740930675778486147
00.0000000215740930675778486147
00.0000000215740930675778486147
00.0000000215740930675778486147
00.0000000215740930675778486147
00.0000000215740930675778486147
00.0000000215740930675778486147
00.0000000215740930675778486147
00.0000000215740930675778486147
00.0000000215740930675778486147
00.0000000215740930675778486147
00.0000000215740930675778486147
00.0000000215740930675778486147
00.0000000215740930675778486147
00.0000000215740930675778486147
00.0000000215740930675778486147
00.0000000215740930675778486147
00.0000000215740930675778486147
00.0000000215740930675778486147
00.0000000215740930675778486147
00.0000000215740930675778486147
00.0000000215740930675778486147
00.0000000215740930675778486147
00.0000000215740930675778486147
00.0000000215740930675778486147
00.0000000215740930675778486147
00.0000000215740930675778486147
00.0000000215740930675778486147
00.0000000215740930675778486147
00.0000000215740930675778486147
00.0000000215740930675778486147
00.0000000215740930675778486147
00.0000000215740930675778486147
00.0000000215740930675778486147
00.0000000215740930675778486147
00.0000000215740930675778486147
00.0000000215740930675778486147
00.0000000215740930675778486147
00.0000000215740930675778486147
00.0000000215740930675778486147
00.0000000215740930675778486147
00.0000000215740930675778486147
00.0000000215740930675778486147
00.0000000215740930675778486147
00.0000000215740930675778486147
00.0000000215740930675778486147
00.0000000215740930675778486147
00.0000000215740930675778486147
00.0000000215740930675778486147
00.0000000215740930675778486147
00.0000000215740930675778486147
00.0000000215740930675778486147
00.0000000215740930675778486147
00.0000000215740930675778486147
00.0000000215740930675778486147
00.0000000215740930675778486147
00.0000000215740930675778486147
00.0000000215740930675778486147
00.0000000215740930675778486147
00.0000000215740930675778486147
00.0000000215740930675778486147
00.0000000215740930675778486147
00.0000000215740930675778486147
00.0000000215740930675778486147
00.0000000215740930675778486147
00.0000000215740930675778486147
00.0000000215740930675778486147
00.0000000215740930675778486147
00.0000000215740930675778486147
00.0000000215740930675778486147
00.0000000215740930675778486147
00.0000000215740930675778486147
00.0000000215740930675778486147
00.0000000215740930675778486147
00.0000000215740930675778486147
00.0000000215740930675778486147
00.0000000215740930675778486147
00.0000000215740930675778486147
00.0000000215740930675778486147
00.0000000215740930675778486147
00.0000000215740930675778486147
00.0000000215740930675778486147
00.0000000215740930675778486147
00.0000000215740930675778486147
00.0000000215740930675778486147
00.0000000215740930675778486147
00.0000000215740930675778486147
00.0000000215740930675778486147
00.0000000215740930675778486147
00.0000000215740930675778486147
00.0000000215740930675778486147
00.0000000215740930675778486147
00.0000000215740930675778486147
00.0000000215740930675778486147
00.0000000215740930675778486147
00.0000000215740930675778486147
00.0000000215740930675778486147
00.0000000215740930675778486147
00.0000000215740930675778486147
00.0000000215740930675778486147
00.0000000215740930675778486147
00.0000000215740930675778486147
00.0000000215740930675778486147
00.0000000215740930675778486147
00.0000000215740930675778486147
00.0000000215740930675778486147
00.0000000215740930675778486147
00.0000000215740930675778486147
00.0000000215740930675778486147
00.0000000215740930675778486147
00.0000000215740930675778486147
00.0000000215740930675778486147
00.0000000215740930675778486147
00.0000000215740930675778486147
00.0000000215740930675778486147
00.0000000215740930675778486147
00.0000000215740930675778486147
00.0000000215740930675778486147
00.0000000215740930675778486147
00.0000000215740930675778486147
00.0000000215740930675778486147
00.0000000215740930675778486147
00.0000000215740930675778486147
00.0000000215740930675778486147
00.0000000215740930675778486147
00.0000000215740930675778486147
00.0000000215740930675778486147
00.0000000215740930675778486147
00.0000000215740930675778486147
00.0000000215740930675778486147
00.0000000215740930675778486147
00.0000000215740930675778486147
00.0000000215740930675778486147
00.0000000215740930675778486147
00.0000000215740930675778486147
00.0000000215740930675778486147
00.0000000215740930675778486147
00.0000000215740930675778486147
00.0000000215740930675778486147
00.0000000215740930675778486147
00.0000000215740930675778486147
00.0000000215740930675778486147
00.0000000215740930675778486147
00.0000000215740930675778486147
00.0000000215740930675778486147
00.0000000215740930675778486147
00.0000000215740930675778486147
00.0000000215740930675778486147
00.0000000215740930675778486147
00.0000000215740930675778486147
00.0000000215740930675778486147
00.0000000215740930675778486147
00.0000000215740930675778486147
00.0000000215740930675778486147
00.0000000215740930675778486147
00.0000000215740930675778486147
00.0000000215740930675778486147
00.0000000215740930675778486147
00.0000000215740930675778486147
00.0000000215740930675778486147
00.0000000215740930675778486147
00.0000000215740930675778486147
00.0000000215740930675778486147
00.0000000215740930675778486147
00.0000000215740930675778486147
00.0000000215740930675778486147
00.0000000215740930675778486147
00.0000000215740930675778486147
00.0000000215740930675778486147
00.0000000215740930675778486147
00.0000000215740930675778486147
00.0000000215740930675778486147
00.0000000215740930675778486147
00.0000000215740930675778486147
00.0000000215740930675778486147
00.0000000215740930675778486147
00.0000000215740930675778486147
00.0000000215740930675778486147
00.0000000215740930675778486147
00.0000000215740930675778486147
00.0000000215740930675778486147
00.0000000215740930675778486147
00.0000000215740930675778486147
00.0000000215740930675778486147
00.0000000215740930675778486147
00.0000000215740930675778486147
00.0000000215740930675778486147
00.0000000215740930675778486147
00.0000000215740930675778486147
00.0000000215740930675778486147
00.0000000215740930675778486147
00.0000000215740930675778486147
00.0000000215740930675778486147
00.0000000215740930675778486147
00.0000000215740930675778486147
00.0000000215740930675778486147
00.0000000215740930675778486147
00.0000000215740930675778486147
00.0000000215740930675778486147
00.0000000215740930675778486147
00.0000000215740930675778486147
00.0000000215740930675778486147
00.0000000215740930675778486147
00.0000000215740930675778486147
00.0000000215740930675778486147
00.0000000215740930675778486147
00.0000000215740930675778486147
00.0000000215740930675778486147
00.0000000215740930675778486147
00.0000000215740930675778486147
00.0000000215740930675778486147
00.0000000215740930675778486147
00.0000000215740930675778486147
00.0000000215740930675778486147
00.0000000215740930675778486147
00.0000000215740930675778486147
00.0000000215740930675778486147
00.0000000215740930675778486147
00.0000000215740930675778486147
00.0000000215740930675778486147
00.0000000215740930675778486147
00.0000000215740930675778486147
00.0000000215740930675778486147
00.0000000215740930675778486147
00.0000000215740930675778486147
00.0000000215740930675778486147
00.0000000215740930675778486147
00.0000000215740930675778486147
00.0000000215740930675778486147
00.0000000215740930675778486147
00.0000000215740930675778486147
00.0000000215740930675778486147
00.0000000215740930675778486147
00.0000000215740930675778486147
00.0000000215740930675778486147
00.0000000215740930675778486147
00.0000000215740930675778486147
00.0000000215740930675778486147
00.0000000215740930675778486147
00.0000000215740930675778486147
00.0000000215740930675778486147
00.0000000215740930675778486147
00.0000000215740930675778486147
00.0000000215740930675778486147
00.0000000215740930675778486147
00.0000000215740930675778486147
00.0000000215740930675778486147
00.0000000215740930675778486147
00.0000000215740930675778486147
00.0000000215740930675778486147
00.0000000215740930675778486147
00.0000000215740930675778486147
00.0000000215740930675778486147
00.0000000215740930675778486147
00.0000000215740930675778486147
00.0000000215740930675778486147
00.0000000215740930675778486147
00.0000000215740930675778486147
00.0000000215740930675778486147
00.0000000215740930675778486147
00.0000000215740930675778486147
00.0000000215740930675778486147
00.0000000215740930675778486147
00.0000000215740930675778486147
00.0000000215740930675778486147
00.0000000215740930675778486147
00.0000000215740930675778486147
00.0000000215740930675778486147
00.0000000215740930675778486147
00.0000000215740930675778486147
00.0000000215740930675778486147
00.0000000215740930675778486147
00.0000000215740930675778486147
00.0000000215740930675778486147
00.0000000215740930675778486147
00.0000000215740930675778486147
00.0000000215740930675778486147
00.0000000215740930675778486147
00.0000000215740930675778486147
00.0000000215740930675778486147
00.0000000215740930675778486147
00.0000000215740930675778486147
00.0000000215740930675778486147
00.0000000215740930675778486147
00.0000000215740930675778486147
00.0000000215740930675778486147
00.0000000215740930675778486147
00.0000000215740930675778486147
00.0000000215740930675778486147
00.0000000215740930675778486147
00.0000000215740930675778486147
00.0000000215740930675778486147
00.0000000215740930675778486147
00.0000000215740930675778486147
00.0000000215740930675778486147
00.0000000215740930675778486147
00.0000000215740930675778486147
00.0000000215740930675778486147
00.0000000215740930675778486147
00.0000000215740930675778486147
00.0000000215740930675778486147
00.0000000215740930675778486147
00.0000000215740930675778486147
00.0000000215740930675778486147
00.0000000215740930675778486147
00.0000000215740930675778486147
00.0000000215740930675778486147
00.0000000215740930675778486147
00.0000000215740930675778486147
00.0000000215740930675778486147
00.0000000215740930675778486147
00.0000000215740930675778486147
00.0000000215740930675778486147
00.0000000215740930675778486147
00.0000000215740930675778486147
00.0000000215740930675778486147
00.0000000215740930675778486147
00.0000000215740930675778486147
00.0000000215740930675778486147
00.0000000215740930675778486147
00.0000000215740930675778486147
00.0000000215740930675778486147
00.0000000215740930675778486147
00.0000000215740930675778486147
00.0000000215740930675778486147
00.0000000215740930675778486147
00.0000000215740930675778486147
00.0000000215740930675778486147
00.0000000215740930675778486147
00.0000000215740930675778486147
00.0000000215740930675778486147
00.0000000215740930675778486147
00.0000000215740930675778486147
00.0000000215740930675778486147
00.0000000215740930675778486147
00.0000000215740930675778486147
00.0000000215740930675778486147
00.0000000215740930675778486147
00.0000000215740930675778486147
00.0000000215740930675778486147
00.0000000215740930675778486147
00.0000000215740930675778486147
00.0000000215740930675778486147
00.0000000215740930675778486147
00.0000000215740930675778486147
00.0000000215740930675778486147
00.0000000215740930675778486147
00.0000000215740930675778486147
00.0000000215740930675778486147
00.0000000215740930675778486147
00.0000000215740930675778486147
00.0000000215740930675778486147
00.0000000215740930675778486147
00.0000000215740930675778486147
00.0000000215740930675778486147
00.0000000215740930675778486147
00.0000000215740930675778486147
00.0000000215740930675778486147
00.0000000215740930675778486147
00.0000000215740930675778486147
00.0000000215740930675778486147
00.0000000215740930675778486147
00.0000000215740930675778486147
00.0000000215740930675778486147
00.0000000215740930675778486147
00.0000000215740930675778486147
00.0000000215740930675778486147
00.0000000215740930675778486147
00.0000000215740930675778486147
00.0000000215740930675778486147
00.0000000215740930675778486147
00.0000000215740930675778486147
00.0000000215740930675778486147
00.0000000215740930675778486147
00.0000000215740930675778486147
00.0000000215740930675778486147
00.0000000215740930675778486147
00.0000000215740930675778486147
00.0000000215740930675778486147
00.0000000215740930675778486147
00.0000000215740930675778486147
00.0000000215740930675778486147
00.0000000215740930675778486147
00.0000000215740930675778486147
00.0000000215740930675778486147
00.0000000215740930675778486147
00.0000000215740930675778486147
00.0000000215740930675778486147
00.0000000215740930675778486147
00.0000000215740930675778486147
00.0000000215740930675778486147
00.0000000215740930675778486147
00.0000000215740930675778486147
00.0000000215740930675778486147
00.0000000215740930675778486147
00.0000000215740930675778486147
00.0000000215740930675778486147
00.0000000215740930675778486147
00.0000000215740930675778486147
00.0000000215740930675778486147
00.0000000215740930675778486147
00.0000000215740930675778486147
00.0000000215740930675778486147
00.0000000215740930675778486147
00.0000000215740930675778486147
00.0000000215740930675778486147
00.0000000215740930675778486147
00.0000000215740930675778486147
00.0000000215740930675778486147
00.0000000215740930675778486147
00.0000000215740930675778486147
00.0000000215740930675778486147
00.0000000215740930675778486147
00.0000000215740930675778486147
00.0000000215740930675778486147
00.0000000215740930675778486147
00.0000000215740930675778486147
00.0000000215740930675778486147
00.0000000215740930675778486147
00.0000000215740930675778486147
00.0000000215740930675778486147
00.0000000215740930675778486147
00.0000000215740930675778486147
00.0000000215740930675778486147
00.0000000215740930675778486147
00.0000000215740930675778486147
00.0000000215740930675778486147
00.0000000215740930675778486147
00.0000000215740930675778486147
00.0000000215740930675778486147
00.0000000215740930675778486147
00.0000000215740930675778486147
00.0000000215740930675778486147
00.0000000215740930675778486147
00.0000000215740930675778486147
00.0000000215740930675778486147
00.0000000215740930675778486147
00.0000000215740930675778486147
00.0000000215740930675778486147
00.0000000215740930675778486147
00.0000000215740930675778486147
00.0000000215740930675778486147
00.0000000215740930675778486147
00.0000000215740930675778486147
00.0000000215740930675778486147
00.0000000215740930675778486147
00.0000000215740930675778486147
00.0000000215740930675778486147
00.0000000215740930675778486147
00.0000000215740930675778486147
00.0000000215740930675778486147
00.0000000215740930675778486147
00.0000000215740930675778486147
00.0000000215740930675778486147
00.0000000215740930675778486147
00.0000000215740930675778486147
00.0000000215740930675778486147
00.0000000215740930675778486147
00.0000000215740930675778486147
00.0000000215740930675778486147
00.0000000215740930675778486147
00.0000000215740930675778486147
00.0000000215740930675778486147
00.0000000215740930675778486147
00.0000000215740930675778486147
00.0000000215740930675778486147
00.0000000215740930675778486147
00.0000000215740930675778486147
00.0000000215740930675778486147
00.0000000215740930675778486147
00.0000000215740930675778486147
00.0000000215740930675778486147
00.0000000215740930675778486147
00.0000000215740930675778486147
00.0000000215740930675778486147
00.0000000215740930675778486147
00.0000000215740930675778486147
00.0000000215740930675778486147
00.0000000215740930675778486147
00.0000000215740930675778486147
00.0000000215740930675778486147
00.0000000215740930675778486147
00.0000000215740930675778486147
00.0000000215740930675778486147
00.0000000215740930675778486147
00.0000000215740930675778486147
00.0000000215740930675778486147
00.0000000215740930675778486147
00.0000000215740930675778486147
00.0000000215740930675778486147
00.0000000215740930675778486147
00.0000000215740930675778486147
00.0000000215740930675778486147
00.0000000215740930675778486147
00.0000000215740930675778486147
00.0000000215740930675778486147
00.0000000215740930675778486147
00.0000000215740930675778486147
00.0000000215740930675778486147
00.0000000215740930675778486147
00.0000000215740930675778486147
00.0000000215740930675778486147
00.0000000215740930675778486147
00.0000000215740930675778486147
00.0000000215740930675778486147
00.0000000215740930675778486147
00.0000000215740930675778486147
00.0000000215740930675778486147
00.0000000215740930675778486147
00.0000000215740930675778486147
00.0000000215740930675778486147
00.0000000215740930675778486147
00.0000000215740930675778486147
00.0000000215740930675778486147
00.0000000215740930675778486147
00.0000000215740930675778486147
00.0000000215740930675778486147
00.0000000215740930675778486147
00.0000000215740930675778486147
00.0000000215740930675778486147
00.0000000215740930675778486147
00.0000000215740930675778486147
00.0000000215740930675778486147
00.0000000215740930675778486147
00.0000000215740930675778486147
00.0000000215740930675778486147
00.0000000215740930675778486147
00.0000000215740930675778486147
00.0000000215740930675778486147
00.0000000215740930675778486147
00.0000000215740930675778486147
00.0000000215740930675778486147
00.0000000215740930675778486147
00.0000000215740930675778486147
00.0000000215740930675778486147
00.0000000215740930675778486147
00.0000000215740930675778486147
00.0000000215740930675778486147
00.0000000215740930675778486147
00.0000000215740930675778486147
00.0000000215740930675778486147
00.0000000215740930675778486147
00.0000000215740930675778486147
00.0000000215740930675778486147
00.0000000215740930675778486147
00.0000000215740930675778486147
00.0000000215740930675778486147
00.0000000215740930675778486147
00.0000000215740930675778486147
00.0000000215740930675778486147
00.0000000215740930675778486147
00.0000000215740930675778486147
00.0000000215740930675778486147
00.0000000215740930675778486147
00.0000000215740930675778486147
00.0000000215740930675778486147
00.0000000215740930675778486147
00.0000000215740930675778486147
00.0000000215740930675778486147
00.0000000215740930675778486147
00.0000000215740930675778486147
00.0000000215740930675778486147
00.0000000215740930675778486147
00.0000000215740930675778486147
00.0000000215740930675778486147
00.0000000215740930675778486147
00.0000000215740930675778486147
00.0000000215740930675778486147
00.0000000215740930675778486147
00.0000000215740930675778486147
00.0000000215740930675778486147
00.0000000215740930675778486147
00.0000000215740930675778486147
00.0000000215740930675778486147
00.0000000215740930675778486147
00.0000000215740930675778486147
00.0000000215740930675778486147
00.0000000215740930675778486147
00.0000000215740930675778486147
00.0000000215740930675778486147
00.0000000215740930675778486147
00.0000000215740930675778486147
00.0000000215740930675778486147
00.0000000215740930675778486147
00.0000000215740930675778486147
00.0000000215740930675778486147
00.0000000215740930675778486147
00.0000000215740930675778486147
00.0000000215740930675778486147
00.0000000215740930675778486147
00.0000000215740930675778486147
00.0000000215740930675778486147
00.0000000215740930675778486147
00.0000000215740930675778486147
00.0000000215740930675778486147
00.0000000215740930675778486147
00.0000000215740930675778486147
00.0000000215740930675778486147
00.0000000215740930675778486147
00.0000000215740930675778486147
00.0000000215740930675778486147
00.0000000215740930675778486147
00.0000000215740930675778486147
00.0000000215740930675778486147
00.0000000215740930675778486147
00.0000000215740930675778486147
00.0000000215740930675778486147
00.0000000215740930675778486147
00.0000000215740930675778486147
00.0000000215740930675778486147
00.0000000215740930675778486147
00.0000000215740930675778486147
00.0000000215740930675778486147
00.0000000215740930675778486147
00.0000000215740930675778486147
00.0000000215740930675778486147
00.0000000215740930675778486147
00.0000000215740930675778486147
00.0000000215740930675778486147
00.0000000215740930675778486147
00.0000000215740930675778486147
00.0000000215740930675778486147
00.0000000215740930675778486147
00.0000000215740930675778486147
00.0000000215740930675778486147
00.0000000215740930675778486147
00.0000000215740930675778486147
00.0000000215740930675778486147
00.0000000215740930675778486147
00.0000000215740930675778486147
00.0000000215740930675778486147
00.0000000215740930675778486147
00.0000000215740930675778486147
00.0000000215740930675778486147
00.0000000215740930675778486147
00.0000000215740930675778486147
00.0000000215740930675778486147
00.0000000215740930675778486147
00.0000000215740930675778486147
00.0000000215740930675778486147
00.0000000215740930675778486147
00.0000000215740930675778486147
00.0000000215740930675778486147
00.0000000215740930675778486147
00.0000000215740930675778486147
00.0000000215740930675778486147
00.0000000215740930675778486147
00.0000000215740930675778486147
00.0000000215740930675778486147
00.0000000215740930675778486147
00.0000000215740930675778486147
00.0000000215740930675778486147
00.0000000215740930675778486147
00.0000000215740930675778486147
00.0000000215740930675778486147
00.0000000215740930675778486147
00.0000000215740930675778486147
00.0000000215740930675778486147
00.0000000215740930675778486147
00.0000000215740930675778486147
00.0000000215740930675778486147
00.0000000215740930675778486147
00.0000000215740930675778486147
00.0000000215740930675778486147
00.0000000215740930675778486147
00.0000000215740930675778486147
00.0000000215740930675778486147
00.0000000215740930675778486147
00.0000000215740930675778486147
00.0000000215740930675778486147
00.0000000215740930675778486147
00.0000000215740930675778486147
00.0000000215740930675778486147
00.0000000215740930675778486147
00.0000000215740930675778486147
00.0000000215740930675778486147
00.0000000215740930675778486147
00.0000000215740930675778486147
00.0000000215740930675778486147
00.0000000215740930675778486147
00.0000000215740930675778486147
00.0000000215740930675778486147
00.0000000215740930675778486147
00.0000000215740930675778486147
00.0000000215740930675778486147
00.0000000215740930675778486147
00.0000000215740930675778486147
00.0000000215740930675778486147
00.0000000215740930675778486147
00.0000000215740930675778486147
00.0000000215740930675778486147
00.0000000215740930675778486147
00.0000000215740930675778486147
00.0000000215740930675778486147
00.0000000215740930675778486147
00.0000000215740930675778486147
00.0000000215740930675778486147
00.0000000215740930675778486147
00.0000000215740930675778486147
00.0000000215740930675778486147
00.0000000215740930675778486147
00.0000000215740930675778486147
00.0000000215740930675778486147
00.0000000215740930675778486147
00.0000000215740930675778486147
00.0000000215740930675778486147
00.0000000215740930675778486147
00.0000000215740930675778486147
00.0000000215740930675778486147
00.0000000215740930675778486147
00.0000000215740930675778486147
00.0000000215740930675778486147
00.0000000215740930675778486147
00.0000000215740930675778486147
00.0000000215740930675778486147
00.0000000215740930675778486147
00.0000000215740930675778486147
00.0000000215740930675778486147
00.0000000215740930675778486147
00.0000000215740930675778486147
00.0000000215740930675778486147
00.0000000215740930675778486147
00.0000000215740930675778486147
00.0000000215740930675778486147
00.0000000215740930675778486147
00.0000000215740930675778486147
00.0000000215740930675778486147
00.0000000215740930675778486147
00.0000000215740930675778486147
00.0000000215740930675778486147
00.0000000215740930675778486147
00.0000000215740930675778486147
00.0000000215740930675778486147
00.0000000215740930675778486147
00.0000000215740930675778486147
00.0000000215740930675778486147
00.0000000215740930675778486147
00.0000000215740930675778486147
00.0000000215740930675778486147
00.0000000215740930675778486147
00.0000000215740930675778486147
00.0000000215740930675778486147
00.0000000240935089657057233126
00.0000000240935089657057233126
00.0000000240935089657057233126
00.0000000240935089657057233126
00.0000000240935089657057233126
00.0000000240935089657057233126
00.0000000240935089657057233126
00.0000000240935089657057233126
00.0000000240935089657057233126
00.0000000240935089657057233126
00.0000000240935089657057233126
00.0000000240935089657057233126
00.0000000240935089657057233126
00.0000000240935089657057233126
00.0000000240935089657057233126
00.0000000240935089657057233126
00.0000000240935089657057233126
00.0000000240935089657057233126
00.0000000240935089657057233126
00.0000000240935089657057233126
00.0000000240935089657057233126
00.0000000240935089657057233126
00.0000000240935089657057233126
00.0000000240935089657057233126
00.0000000240935089657057233126
00.0000000240935089657057233126
00.0000000240935089657057233126
00.0000000240935089657057233126
00.0000000240935089657057233126
00.0000000240935089657057233126
00.0000000240935089657057233126
00.0000000240935089657057233126
00.0000000240935089657057233126
00.0000000240935089657057233126
00.0000000240935089657057233126
00.0000000240935089657057233126
00.0000000240935089657057233126
00.0000000240935089657057233126
00.0000000240935089657057233126
00.0000000240935089657057233126
00.0000000240935089657057233126
00.0000000240935089657057233126
00.0000000240935089657057233126
00.0000000240935089657057233126
00.0000000240935089657057233126
00.0000000240935089657057233126
00.0000000240935089657057233126
00.0000000240935089657057233126
00.0000000240935089657057233126
00.0000000240935089657057233126
00.0000000240935089657057233126
00.0000000240935089657057233126
00.0000000240935089657057233126
00.0000000240935089657057233126
00.0000000240935089657057233126
00.0000000240935089657057233126
00.0000000240935089657057233126
00.0000000240935089657057233126
00.0000000240935089657057233126
00.0000000240935089657057233126
00.0000000240935089657057233126
00.0000000240935089657057233126
00.0000000240935089657057233126
00.0000000240935089657057233126
00.0000000240935089657057233126
00.0000000240935089657057233126
00.0000000240935089657057233126
00.0000000240935089657057233126
00.0000000240935089657057233126
00.0000000240935089657057233126
00.0000000240935089657057233126
00.0000000240935089657057233126
00.0000000240935089657057233126
00.0000000240935089657057233126
00.0000000240935089657057233126
00.0000000240935089657057233126
00.0000000240935089657057233126
00.0000000240935089657057233126
00.0000000240935089657057233126
00.0000000240935089657057233126
00.0000000240935089657057233126
00.0000000240935089657057233126
00.0000000240935089657057233126
00.0000000240935089657057233126
00.0000000240935089657057233126
00.0000000240935089657057233126
00.0000000240935089657057233126
00.0000000240935089657057233126
00.0000000240935089657057233126
00.0000000240935089657057233126
00.0000000240935089657057233126
00.0000000240935089657057233126
00.0000000240935089657057233126
00.0000000240935089657057233126
00.0000000240935089657057233126
00.0000000240935089657057233126
00.0000000240935089657057233126
00.0000000240935089657057233126
00.0000000240935089657057233126
00.0000000240935089657057233126
00.0000000240935089657057233126
00.0000000240935089657057233126
00.0000000240935089657057233126
00.0000000240935089657057233126
00.0000000240935089657057233126
00.0000000240935089657057233126
00.0000000240935089657057233126
00.0000000240935089657057233126
00.0000000240935089657057233126
00.0000000240935089657057233126
00.0000000240935089657057233126
00.0000000240935089657057233126
00.0000000240935089657057233126
00.0000000240935089657057233126
00.0000000240935089657057233126
00.0000000240935089657057233126
00.0000000240935089657057233126
00.0000000240935089657057233126
00.0000000240935089657057233126
00.0000000240935089657057233126
00.0000000240935089657057233126
00.0000000240935089657057233126
00.0000000240935089657057233126
00.0000000240935089657057233126
00.0000000240935089657057233126
00.0000000240935089657057233126
00.0000000240935089657057233126
00.0000000240935089657057233126
00.0000000240935089657057233126
00.0000000240935089657057233126
00.0000000240935089657057233126
00.0000000240935089657057233126
00.0000000240935089657057233126
00.0000000240935089657057233126
00.0000000240935089657057233126
00.0000000240935089657057233126
00.0000000240935089657057233126
00.0000000240935089657057233126
00.0000000240935089657057233126
00.0000000240935089657057233126
00.0000000240935089657057233126
00.0000000240935089657057233126
00.0000000240935089657057233126
00.0000000240935089657057233126
00.0000000240935089657057233126
00.0000000240935089657057233126
00.0000000240935089657057233126
00.0000000240935089657057233126
00.0000000240935089657057233126
00.0000000240935089657057233126
00.0000000240935089657057233126
00.0000000240935089657057233126
00.0000000240935089657057233126
00.0000000240935089657057233126
00.0000000240935089657057233126
00.0000000240935089657057233126
00.0000000240935089657057233126
00.0000000240935089657057233126
00.0000000240935089657057233126
00.0000000240935089657057233126
00.0000000240935089657057233126
00.0000000240935089657057233126
00.0000000240935089657057233126
00.0000000240935089657057233126
00.0000000240935089657057233126
00.0000000240935089657057233126
00.0000000240935089657057233126
00.0000000240935089657057233126
00.0000000240935089657057233126
00.0000000240935089657057233126
00.0000000240935089657057233126
00.0000000240935089657057233126
00.0000000240935089657057233126
00.0000000240935089657057233126
00.0000000240935089657057233126
00.0000000240935089657057233126
00.0000000240935089657057233126
00.0000000240935089657057233126
00.0000000240935089657057233126
00.0000000240935089657057233126
00.0000000240935089657057233126
00.0000000240935089657057233126
00.0000000240935089657057233126
00.0000000240935089657057233126
00.0000000240935089657057233126
00.0000000240935089657057233126
00.0000000240935089657057233126
00.0000000240935089657057233126
00.0000000240935089657057233126
00.0000000240935089657057233126
00.0000000240935089657057233126
00.0000000240935089657057233126
00.0000000240935089657057233126
00.0000000240935089657057233126
00.0000000240935089657057233126
00.0000000240935089657057233126
00.0000000240935089657057233126
00.0000000240935089657057233126
00.0000000240935089657057233126
00.0000000240935089657057233126
00.0000000240935089657057233126
00.0000000240935089657057233126
00.0000000240935089657057233126
00.0000000240935089657057233126
00.0000000240935089657057233126
00.0000000240935089657057233126
00.0000000240935089657057233126
00.0000000240935089657057233126
00.0000000240935089657057233126
00.0000000240935089657057233126
00.0000000240935089657057233126
00.0000000240935089657057233126
00.0000000240935089657057233126
00.0000000240935089657057233126
00.0000000240935089657057233126
00.0000000240935089657057233126
00.0000000240935089657057233126
00.0000000240935089657057233126
00.0000000240935089657057233126
00.0000000240935089657057233126
00.0000000240935089657057233126
00.0000000240935089657057233126
00.0000000240935089657057233126
00.0000000240935089657057233126
00.0000000240935089657057233126
00.0000000240935089657057233126
00.0000000240935089657057233126
00.0000000240935089657057233126
00.0000000240935089657057233126
00.0000000240935089657057233126
00.0000000240935089657057233126
00.0000000240935089657057233126
00.0000000240935089657057233126
00.0000000240935089657057233126
00.0000000240935089657057233126
00.0000000240935089657057233126
00.0000000240935089657057233126
00.0000000240935089657057233126
00.0000000240935089657057233126
00.0000000240935089657057233126
00.0000000240935089657057233126
00.0000000240935089657057233126
00.0000000240935089657057233126
00.0000000240935089657057233126
00.0000000240935089657057233126
00.0000000240935089657057233126
00.0000000240935089657057233126
00.0000000240935089657057233126
00.0000000240935089657057233126
00.0000000240935089657057233126
00.0000000240935089657057233126
00.0000000240935089657057233126
00.0000000240935089657057233126
00.0000000240935089657057233126
00.0000000240935089657057233126
00.0000000240935089657057233126
00.0000000240935089657057233126
00.0000000240935089657057233126
00.0000000240935089657057233126
00.0000000240935089657057233126
00.0000000240935089657057233126
00.0000000240935089657057233126
00.0000000240935089657057233126
00.0000000240935089657057233126
00.0000000240935089657057233126
00.0000000240935089657057233126
00.0000000240935089657057233126
00.0000000240935089657057233126
00.0000000240935089657057233126
00.0000000240935089657057233126
00.0000000240935089657057233126
00.0000000240935089657057233126
00.0000000240935089657057233126
00.0000000240935089657057233126
00.0000000240935089657057233126
00.0000000240935089657057233126
00.0000000240935089657057233126
00.0000000240935089657057233126
00.0000000240935089657057233126
00.0000000240935089657057233126
00.0000000240935089657057233126
00.0000000240935089657057233126
00.0000000240935089657057233126
00.0000000240935089657057233126
00.0000000240935089657057233126
00.0000000240935089657057233126
00.0000000240935089657057233126
00.0000000240935089657057233126
00.0000000240935089657057233126
00.0000000240935089657057233126
00.0000000240935089657057233126
00.0000000240935089657057233126
00.0000000240935089657057233126
00.0000000240935089657057233126
00.0000000240935089657057233126
00.0000000240935089657057233126
00.0000000240935089657057233126
00.0000000240935089657057233126
00.0000000240935089657057233126
00.0000000240935089657057233126
00.0000000240935089657057233126
00.0000000240935089657057233126
00.0000000240935089657057233126
00.0000000240935089657057233126
00.0000000240935089657057233126
00.0000000240935089657057233126
00.0000000240935089657057233126
00.0000000240935089657057233126
00.0000000240935089657057233126
00.0000000240935089657057233126
00.0000000240935089657057233126
00.0000000240935089657057233126
00.0000000240935089657057233126
00.0000000240935089657057233126
00.0000000240935089657057233126
00.0000000240935089657057233126
00.0000000240935089657057233126
00.0000000240935089657057233126
00.0000000240935089657057233126
00.0000000240935089657057233126
00.0000000240935089657057233126
00.0000000240935089657057233126
00.0000000240935089657057233126
00.0000000240935089657057233126
00.0000000240935089657057233126
00.0000000240935089657057233126
00.0000000240935089657057233126
00.0000000240935089657057233126
00.0000000240935089657057233126
00.0000000240935089657057233126
00.0000000240935089657057233126
00.0000000240935089657057233126
00.0000000240935089657057233126
00.0000000240935089657057233126
00.0000000240935089657057233126
00.0000000240935089657057233126
00.0000000240935089657057233126
00.0000000240935089657057233126
00.0000000240935089657057233126
00.0000000240935089657057233126
00.0000000240935089657057233126
00.0000000240935089657057233126
00.0000000240935089657057233126
00.0000000240935089657057233126
00.0000000240935089657057233126
00.0000000240935089657057233126
00.0000000240935089657057233126
00.0000000240935089657057233126
00.0000000240935089657057233126
00.0000000240935089657057233126
00.0000000240935089657057233126
00.0000000240935089657057233126
00.0000000240935089657057233126
00.0000000240935089657057233126
00.0000000240935089657057233126
00.0000000240935089657057233126
00.0000000240935089657057233126
00.0000000240935089657057233126
00.0000000240935089657057233126
00.0000000240935089657057233126
00.0000000240935089657057233126
00.0000000240935089657057233126
00.0000000240935089657057233126
00.0000000240935089657057233126
00.0000000240935089657057233126
00.0000000240935089657057233126
00.0000000240935089657057233126
00.0000000240935089657057233126
00.0000000240935089657057233126
00.0000000240935089657057233126
00.0000000240935089657057233126
00.0000000240935089657057233126
00.0000000240935089657057233126
00.0000000240935089657057233126
00.0000000240935089657057233126
00.0000000240935089657057233126
00.0000000240935089657057233126
00.0000000240935089657057233126
00.0000000240935089657057233126
00.0000000240935089657057233126
00.0000000240935089657057233126
00.0000000240935089657057233126
00.0000000240935089657057233126
00.0000000240935089657057233126
00.0000000240935089657057233126
00.0000000240935089657057233126
00.0000000240935089657057233126
00.0000000240935089657057233126
00.0000000240935089657057233126
00.0000000240935089657057233126
00.0000000240935089657057233126
00.0000000240935089657057233126
00.0000000240935089657057233126
00.0000000240935089657057233126
00.0000000240935089657057233126
00.0000000240935089657057233126
00.0000000240935089657057233126
00.0000000240935089657057233126
00.0000000240935089657057233126
00.0000000240935089657057233126
00.0000000240935089657057233126
00.0000000240935089657057233126
00.0000000240935089657057233126
00.0000000240935089657057233126
00.0000000240935089657057233126
00.0000000240935089657057233126
00.0000000240935089657057233126
00.0000000240935089657057233126
00.0000000240935089657057233126
00.0000000240935089657057233126
00.0000000240935089657057233126
00.0000000240935089657057233126
00.0000000240935089657057233126
00.0000000240935089657057233126
00.0000000240935089657057233126
00.0000000240935089657057233126
00.0000000240935089657057233126
00.0000000240935089657057233126
00.0000000240935089657057233126
00.0000000240935089657057233126
00.0000000240935089657057233126
00.0000000240935089657057233126
00.0000000240935089657057233126
00.0000000240935089657057233126
00.0000000240935089657057233126
00.0000000240935089657057233126
00.0000000240935089657057233126
00.0000000240935089657057233126
00.0000000240935089657057233126
00.0000000240935089657057233126
00.0000000240935089657057233126
00.0000000240935089657057233126
00.0000000240935089657057233126
00.0000000240935089657057233126
00.0000000240935089657057233126
00.0000000240935089657057233126
00.0000000240935089657057233126
00.0000000240935089657057233126
00.0000000240935089657057233126
00.0000000240935089657057233126
00.0000000240935089657057233126
00.0000000240935089657057233126
00.0000000240935089657057233126
00.0000000240935089657057233126
00.0000000240935089657057233126
00.0000000240935089657057233126
00.0000000240935089657057233126
00.0000000240935089657057233126
00.0000000240935089657057233126
00.0000000240935089657057233126
00.0000000240935089657057233126
00.0000000240935089657057233126
00.0000000240935089657057233126
00.0000000240935089657057233126
00.0000000240935089657057233126
00.0000000240935089657057233126
00.0000000240935089657057233126
00.0000000240935089657057233126
00.0000000240935089657057233126
00.0000000240935089657057233126
00.0000000240935089657057233126
00.0000000240935089657057233126
00.0000000240935089657057233126
00.0000000240935089657057233126
00.0000000240935089657057233126
00.0000000240935089657057233126
00.0000000240935089657057233126
00.0000000240935089657057233126
00.0000000240935089657057233126
00.0000000240935089657057233126
00.0000000240935089657057233126
00.0000000240935089657057233126
00.0000000240935089657057233126
00.0000000240935089657057233126
00.0000000240935089657057233126
00.0000000240935089657057233126
00.0000000240935089657057233126
00.0000000240935089657057233126
00.0000000240935089657057233126
00.0000000240935089657057233126
00.0000000240935089657057233126
00.0000000240935089657057233126
00.0000000240935089657057233126
00.0000000240935089657057233126
00.0000000240935089657057233126
00.0000000240935089657057233126
00.0000000240935089657057233126
00.0000000240935089657057233126
00.0000000240935089657057233126
00.0000000240935089657057233126
00.0000000240935089657057233126
00.0000000240935089657057233126
00.0000000240935089657057233126
00.0000000240935089657057233126
00.0000000240935089657057233126
00.0000000240935089657057233126
00.0000000240935089657057233126
00.0000000240935089657057233126
00.0000000240935089657057233126
00.0000000240935089657057233126
00.0000000240935089657057233126
00.0000000240935089657057233126
00.0000000240935089657057233126
00.0000000240935089657057233126
00.0000000240935089657057233126
00.0000000240935089657057233126
00.0000000240935089657057233126
00.0000000240935089657057233126
00.0000000240935089657057233126
00.0000000240935089657057233126
00.0000000240935089657057233126
00.0000000240935089657057233126
00.0000000240935089657057233126
00.0000000240935089657057233126
00.0000000240935089657057233126
00.0000000240935089657057233126
00.0000000240935089657057233126
00.0000000240935089657057233126
00.0000000240935089657057233126
00.0000000240935089657057233126
00.0000000240935089657057233126
00.0000000240935089657057233126
00.0000000240935089657057233126
00.0000000240935089657057233126
00.0000000240935089657057233126
00.0000000240935089657057233126
00.0000000240935089657057233126
00.0000000240935089657057233126
00.0000000240935089657057233126
00.0000000240935089657057233126
00.0000000240935089657057233126
00.0000000240935089657057233126
00.0000000240935089657057233126
00.0000000240935089657057233126
00.0000000240935089657057233126
00.0000000240935089657057233126
00.0000000240935089657057233126
00.0000000240935089657057233126
00.0000000240935089657057233126
00.0000000240935089657057233126
00.0000000240935089657057233126
00.0000000240935089657057233126
00.0000000240935089657057233126
00.0000000240935089657057233126
00.0000000240935089657057233126
00.0000000240935089657057233126
00.0000000240935089657057233126
00.0000000240935089657057233126
00.0000000240935089657057233126
00.0000000240935089657057233126
00.0000000240935089657057233126
00.0000000240935089657057233126
00.0000000240935089657057233126
00.0000000240935089657057233126
00.0000000240935089657057233126
00.0000000240935089657057233126
00.0000000240935089657057233126
00.0000000240935089657057233126
00.0000000240935089657057233126
00.0000000240935089657057233126
00.0000000240935089657057233126
00.0000000240935089657057233126
00.0000000240935089657057233126
00.0000000240935089657057233126
00.0000000240935089657057233126
00.0000000240935089657057233126
00.0000000240935089657057233126
00.0000000240935089657057233126
00.0000000240935089657057233126
00.0000000240935089657057233126
00.0000000240935089657057233126
00.0000000240935089657057233126
00.0000000240935089657057233126
00.0000000240935089657057233126
00.0000000240935089657057233126
00.0000000240935089657057233126
00.0000000240935089657057233126
00.0000000240935089657057233126
00.0000000240935089657057233126
00.0000000240935089657057233126
00.0000000240935089657057233126
00.0000000240935089657057233126
00.0000000240935089657057233126
00.0000000240935089657057233126
00.0000000240935089657057233126
00.0000000240935089657057233126
00.0000000240935089657057233126
00.0000000240935089657057233126
00.0000000240935089657057233126
00.0000000240935089657057233126
00.0000000240935089657057233126
00.0000000240935089657057233126
00.0000000240935089657057233126
00.0000000240935089657057233126
00.0000000240935089657057233126
00.0000000240935089657057233126
00.0000000240935089657057233126
00.0000000240935089657057233126
00.0000000240935089657057233126
00.0000000240935089657057233126
00.0000000240935089657057233126
00.0000000240935089657057233126
00.0000000240935089657057233126
00.0000000240935089657057233126
00.0000000240935089657057233126
00.0000000240935089657057233126
00.0000000240935089657057233126
00.0000000240935089657057233126
00.0000000240935089657057233126
00.0000000240935089657057233126
00.0000000240935089657057233126
00.0000000240935089657057233126
00.0000000240935089657057233126
00.0000000240935089657057233126
00.0000000240935089657057233126
00.0000000240935089657057233126
00.0000000240935089657057233126
00.0000000240935089657057233126
00.0000000240935089657057233126
00.0000000240935089657057233126
00.0000000240935089657057233126
00.0000000240935089657057233126
00.0000000240935089657057233126
00.0000000240935089657057233126
00.0000000240935089657057233126
00.0000000240935089657057233126
00.0000000240935089657057233126
00.0000000240935089657057233126
00.0000000240935089657057233126
00.0000000240935089657057233126
00.0000000240935089657057233126
00.0000000240935089657057233126
00.0000000240935089657057233126
00.0000000240935089657057233126
00.0000000240935089657057233126
00.0000000240935089657057233126
00.0000000240935089657057233126
00.0000000240935089657057233126
00.0000000240935089657057233126
00.0000000240935089657057233126
00.0000000240935089657057233126
00.0000000240935089657057233126
00.0000000240935089657057233126
00.0000000240935089657057233126
00.0000000240935089657057233126
00.0000000240935089657057233126
00.0000000240935089657057233126
00.0000000240935089657057233126
00.0000000240935089657057233126
00.0000000240935089657057233126
00.0000000240935089657057233126
00.0000000240935089657057233126
00.0000000240935089657057233126
00.0000000240935089657057233126
00.0000000240935089657057233126
00.0000000240935089657057233126
00.0000000240935089657057233126
00.0000000240935089657057233126
00.0000000240935089657057233126
00.0000000240935089657057233126
00.0000000240935089657057233126
00.0000000240935089657057233126
00.0000000240935089657057233126
00.0000000240935089657057233126
00.0000000240935089657057233126
00.0000000240935089657057233126
00.0000000240935089657057233126
00.0000000240935089657057233126
00.0000000240935089657057233126
00.0000000240935089657057233126
00.0000000240935089657057233126
00.0000000240935089657057233126
00.0000000240935089657057233126
00.0000000240935089657057233126
00.0000000240935089657057233126
00.0000000240935089657057233126
00.0000000240935089657057233126
00.0000000240935089657057233126
00.0000000240935089657057233126
00.0000000240935089657057233126
00.0000000240935089657057233126
00.0000000240935089657057233126
00.0000000240935089657057233126
00.0000000240935089657057233126
00.0000000240935089657057233126
00.0000000240935089657057233126
00.0000000240935089657057233126
00.0000000240935089657057233126
00.0000000240935089657057233126
00.0000000240935089657057233126
00.0000000240935089657057233126
00.0000000240935089657057233126
00.0000000240935089657057233126
00.0000000240935089657057233126
00.0000000240935089657057233126
00.0000000240935089657057233126
00.0000000240935089657057233126
00.0000000240935089657057233126
00.0000000240935089657057233126
00.0000000240935089657057233126
00.0000000240935089657057233126
00.0000000240935089657057233126
00.0000000240935089657057233126
00.0000000240935089657057233126
00.0000000240935089657057233126
00.0000000240935089657057233126
00.0000000240935089657057233126
00.0000000240935089657057233126
00.0000000240935089657057233126
00.0000000240935089657057233126
00.0000000240935089657057233126
00.0000000240935089657057233126
00.0000000240935089657057233126
00.0000000240935089657057233126
00.0000000240935089657057233126
00.0000000240935089657057233126
00.0000000240935089657057233126
00.0000000240935089657057233126
00.0000000240935089657057233126
00.0000000240935089657057233126
00.0000000240935089657057233126
00.0000000240935089657057233126
00.0000000240935089657057233126
00.0000000240935089657057233126
00.0000000240935089657057233126
00.0000000240935089657057233126
00.0000000240935089657057233126
00.0000000240935089657057233126
00.0000000240935089657057233126
00.0000000240935089657057233126
00.0000000240935089657057233126
00.0000000240935089657057233126
00.0000000240935089657057233126
00.0000000240935089657057233126
00.0000000240935089657057233126
00.0000000240935089657057233126
00.0000000240935089657057233126
00.0000000240935089657057233126
00.0000000240935089657057233126
00.0000000240935089657057233126
00.0000000240935089657057233126
00.0000000240935089657057233126
00.0000000240935089657057233126
00.0000000240935089657057233126
00.0000000240935089657057233126
00.0000000240935089657057233126
00.0000000240935089657057233126
00.0000000240935089657057233126
00.0000000240935089657057233126
00.0000000240935089657057233126
00.0000000240935089657057233126
00.0000000240935089657057233126
00.0000000240935089657057233126
00.0000000240935089657057233126
00.0000000240935089657057233126
00.0000000240935089657057233126
00.0000000240935089657057233126
00.0000000240935089657057233126
00.0000000240935089657057233126
00.0000000240935089657057233126
00.0000000240935089657057233126
00.0000000240935089657057233126
00.0000000240935089657057233126
00.0000000240935089657057233126
00.0000000240935089657057233126
00.0000000240935089657057233126
00.0000000240935089657057233126
00.0000000240935089657057233126
00.0000000240935089657057233126
00.0000000240935089657057233126
00.0000000240935089657057233126
00.0000000240935089657057233126
00.0000000240935089657057233126
00.0000000240935089657057233126
00.0000000240935089657057233126
00.0000000240935089657057233126
00.0000000240935089657057233126
00.0000000240935089657057233126
00.0000000240935089657057233126
00.0000000240935089657057233126
00.0000000240935089657057233126
00.0000000240935089657057233126
00.0000000240935089657057233126
00.0000000240935089657057233126
00.0000000240935089657057233126
00.0000000240935089657057233126
00.0000000240935089657057233126
00.0000000240935089657057233126
00.0000000240935089657057233126
00.0000000240935089657057233126
00.0000000240935089657057233126
00.0000000240935089657057233126
00.0000000240935089657057233126
00.0000000240935089657057233126
00.0000000240935089657057233126
00.0000000240935089657057233126
00.0000000240935089657057233126
00.0000000240935089657057233126
00.0000000240935089657057233126
00.0000000240935089657057233126
00.0000000240935089657057233126
00.0000000240935089657057233126
00.0000000240935089657057233126
00.0000000240935089657057233126
00.0000000240935089657057233126
00.0000000240935089657057233126
00.0000000240935089657057233126
00.0000000240935089657057233126
00.0000000240935089657057233126
00.0000000240935089657057233126
00.0000000240935089657057233126
00.0000000240935089657057233126
00.0000000240935089657057233126
00.0000000240935089657057233126
00.0000000240935089657057233126
00.0000000240935089657057233126
00.0000000240935089657057233126
00.0000000240935089657057233126
00.0000000240935089657057233126
00.0000000240935089657057233126
00.0000000240935089657057233126
00.0000000240935089657057233126
00.0000000240935089657057233126
00.0000000240935089657057233126
00.0000000240935089657057233126
00.0000000240935089657057233126
00.0000000240935089657057233126
00.0000000240935089657057233126
00.0000000240935089657057233126
00.0000000240935089657057233126
00.0000000240935089657057233126
00.0000000240935089657057233126
00.0000000240935089657057233126
00.0000000240935089657057233126
00.0000000240935089657057233126
00.0000000240935089657057233126
00.0000000240935089657057233126
00.0000000240935089657057233126
00.0000000240935089657057233126
00.0000000240935089657057233126
00.0000000240935089657057233126
00.0000000240935089657057233126
00.0000000240935089657057233126
00.0000000240935089657057233126
00.0000000240935089657057233126
00.0000000240935089657057233126
00.0000000240935089657057233126
00.0000000240935089657057233126
00.0000000240935089657057233126
00.0000000240935089657057233126
00.0000000240935089657057233126
00.0000000240935089657057233126
00.0000000240935089657057233126
00.0000000240935089657057233126
00.0000000240935089657057233126
00.0000000240935089657057233126
00.0000000240935089657057233126
00.0000000240935089657057233126
00.0000000240935089657057233126
00.0000000240935089657057233126
00.0000000240935089657057233126
00.0000000240935089657057233126
00.0000000240935089657057233126
00.0000000240935089657057233126
00.0000000240935089657057233126
00.0000000240935089657057233126
00.0000000240935089657057233126
00.0000000240935089657057233126
00.0000000240935089657057233126
00.0000000240935089657057233126
00.0000000240935089657057233126
00.0000000240935089657057233126
00.0000000240935089657057233126
00.0000000240935089657057233126
00.0000000240935089657057233126
00.0000000240935089657057233126
00.0000000240935089657057233126
00.0000000240935089657057233126
00.0000000240935089657057233126
00.0000000240935089657057233126
00.0000000240935089657057233126
00.0000000240935089657057233126
00.0000000240935089657057233126
00.0000000240935089657057233126
00.0000000240935089657057233126
00.0000000240935089657057233126
00.0000000240935089657057233126
00.0000000240935089657057233126
00.0000000240935089657057233126
00.0000000240935089657057233126
00.0000000240935089657057233126
00.0000000240935089657057233126
00.0000000240935089657057233126
00.0000000240935089657057233126
00.0000000240935089657057233126
00.0000000240935089657057233126
00.0000000240935089657057233126
00.0000000240935089657057233126
00.0000000240935089657057233126
00.0000000240935089657057233126
00.0000000240935089657057233126
00.0000000240935089657057233126
00.0000000240935089657057233126
00.0000000240935089657057233126
00.0000000240935089657057233126
00.0000000240935089657057233126
00.0000000240935089657057233126
00.0000000240935089657057233126
00.0000000240935089657057233126
00.0000000240935089657057233126
00.0000000240935089657057233126
00.0000000240935089657057233126
00.0000000240935089657057233126
00.0000000240935089657057233126
00.0000000240935089657057233126
00.0000000240935089657057233126
00.0000000240935089657057233126
00.0000000240935089657057233126
00.0000000240935089657057233126
00.0000000240935089657057233126
00.0000000240935089657057233126
00.0000000240935089657057233126
00.0000000240935089657057233126
00.0000000240935089657057233126
00.0000000240935089657057233126
00.0000000240935089657057233126
00.0000000240935089657057233126
00.0000000240935089657057233126
00.0000000240935089657057233126
00.0000000240935089657057233126
00.0000000240935089657057233126
00.0000000240935089657057233126
00.0000000240935089657057233126
00.0000000240935089657057233126
00.0000000240935089657057233126
00.0000000240935089657057233126
00.0000000240935089657057233126
00.0000000240935089657057233126
00.0000000240935089657057233126
00.0000000240935089657057233126
00.0000000240935089657057233126
00.0000000240935089657057233126
00.0000000240935089657057233126
00.0000000240935089657057233126
00.0000000240935089657057233126
00.0000000240935089657057233126
00.0000000240935089657057233126
00.0000000240935089657057233126
00.0000000240935089657057233126
00.0000000240935089657057233126
00.0000000240935089657057233126
00.0000000240935089657057233126
00.0000000240935089657057233126
00.0000000240935089657057233126
00.0000000240935089657057233126
00.0000000240935089657057233126
00.0000000240935089657057233126
00.0000000240935089657057233126
00.0000000240935089657057233126
00.0000000240935089657057233126
00.0000000240935089657057233126
00.0000000240935089657057233126
00.0000000240935089657057233126
00.0000000240935089657057233126
00.0000000240935089657057233126
00.0000000240935089657057233126
00.0000000240935089657057233126
00.0000000240935089657057233126
00.0000000240935089657057233126
00.0000000240935089657057233126
00.0000000240935089657057233126
00.0000000240935089657057233126
00.0000000240935089657057233126
00.0000000240935089657057233126
00.0000000240935089657057233126
00.0000000240935089657057233126
00.0000000240935089657057233126
00.0000000240935089657057233126
00.0000000240935089657057233126
00.0000000240935089657057233126
00.0000000240935089657057233126
00.0000000240935089657057233126
00.0000000240935089657057233126
00.0000000240935089657057233126
00.0000000240935089657057233126
00.0000000240935089657057233126
00.0000000240935089657057233126
00.0000000240935089657057233126
00.0000000240935089657057233126
00.0000000240935089657057233126
00.0000000240935089657057233126
00.0000000240935089657057233126
00.0000000240935089657057233126
00.0000000240935089657057233126
00.0000000240935089657057233126
00.0000000240935089657057233126
00.0000000240935089657057233126
00.0000000240935089657057233126
00.0000000240935089657057233126
00.0000000240935089657057233126
00.0000000261698617221028939639
00.0000000261698617221028939639
00.0000000261698617221028939639
00.0000000261698617221028939639
00.0000000261698617221028939639
00.0000000261698617221028939639
00.0000000261698617221028939639
00.0000000261698617221028939639
00.0000000261698617221028939639
00.0000000261698617221028939639
00.0000000261698617221028939639
00.0000000261698617221028939639
00.0000000261698617221028939639
00.0000000261698617221028939639
00.0000000261698617221028939639
00.0000000261698617221028939639
00.0000000261698617221028939639
00.0000000261698617221028939639
00.0000000261698617221028939639
00.0000000261698617221028939639
00.0000000261698617221028939639
00.0000000261698617221028939639
00.0000000261698617221028939639
00.0000000261698617221028939639
00.0000000261698617221028939639
00.0000000261698617221028939639
00.0000000261698617221028939639
00.0000000261698617221028939639
00.0000000261698617221028939639
00.0000000261698617221028939639
00.0000000261698617221028939639
00.0000000261698617221028939639
00.0000000261698617221028939639
00.0000000261698617221028939639
00.0000000261698617221028939639
00.0000000261698617221028939639
00.0000000261698617221028939639
00.0000000261698617221028939639
00.0000000261698617221028939639
00.0000000261698617221028939639
00.0000000261698617221028939639
00.0000000261698617221028939639
00.0000000261698617221028939639
00.0000000261698617221028939639
00.0000000261698617221028939639
00.0000000261698617221028939639
00.0000000261698617221028939639
00.0000000261698617221028939639
00.0000000261698617221028939639
00.0000000261698617221028939639
00.0000000261698617221028939639
00.0000000261698617221028939639
00.0000000261698617221028939639
00.0000000261698617221028939639
00.0000000261698617221028939639
00.0000000261698617221028939639
00.0000000261698617221028939639
00.0000000261698617221028939639
00.0000000261698617221028939639
00.0000000261698617221028939639
00.0000000261698617221028939639
00.0000000261698617221028939639
00.0000000261698617221028939639
00.0000000261698617221028939639
00.0000000261698617221028939639
00.0000000261698617221028939639
00.0000000261698617221028939639
00.0000000261698617221028939639
00.0000000261698617221028939639
00.0000000261698617221028939639
00.0000000261698617221028939639
00.0000000261698617221028939639
00.0000000261698617221028939639
00.0000000261698617221028939639
00.0000000261698617221028939639
00.0000000261698617221028939639
00.0000000261698617221028939639
00.0000000261698617221028939639
00.0000000261698617221028939639
00.0000000261698617221028939639
00.0000000261698617221028939639
00.0000000261698617221028939639
00.0000000261698617221028939639
00.0000000261698617221028939639
00.0000000261698617221028939639
00.0000000261698617221028939639
00.0000000261698617221028939639
00.0000000261698617221028939639
00.0000000261698617221028939639
00.0000000261698617221028939639
00.0000000261698617221028939639
00.0000000261698617221028939639
00.0000000261698617221028939639
00.0000000261698617221028939639
00.0000000261698617221028939639
00.0000000261698617221028939639
00.0000000261698617221028939639
00.0000000261698617221028939639
00.0000000261698617221028939639
00.0000000261698617221028939639
00.0000000261698617221028939639
00.0000000261698617221028939639
00.0000000261698617221028939639
00.0000000261698617221028939639
00.0000000261698617221028939639
00.0000000261698617221028939639
00.0000000261698617221028939639
00.0000000261698617221028939639
00.0000000261698617221028939639
00.0000000261698617221028939639
00.0000000261698617221028939639
00.0000000261698617221028939639
00.0000000261698617221028939639
00.0000000261698617221028939639
00.0000000261698617221028939639
00.0000000261698617221028939639
00.0000000261698617221028939639
00.0000000261698617221028939639
00.0000000261698617221028939639
00.0000000261698617221028939639
00.0000000261698617221028939639
00.0000000261698617221028939639
00.0000000261698617221028939639
00.0000000261698617221028939639
00.0000000261698617221028939639
00.0000000261698617221028939639
00.0000000261698617221028939639
00.0000000261698617221028939639
00.0000000261698617221028939639
00.0000000261698617221028939639
00.0000000261698617221028939639
00.0000000261698617221028939639
00.0000000261698617221028939639
00.0000000261698617221028939639
00.0000000261698617221028939639
00.0000000261698617221028939639
00.0000000261698617221028939639
00.0000000261698617221028939639
00.0000000261698617221028939639
00.0000000261698617221028939639
00.0000000261698617221028939639
00.0000000261698617221028939639
00.0000000261698617221028939639
00.0000000261698617221028939639
00.0000000261698617221028939639
00.0000000261698617221028939639
00.0000000261698617221028939639
00.0000000261698617221028939639
00.0000000261698617221028939639
00.0000000261698617221028939639
00.0000000261698617221028939639
00.0000000261698617221028939639
00.0000000261698617221028939639
00.0000000261698617221028939639
00.0000000261698617221028939639
00.0000000261698617221028939639
00.0000000261698617221028939639
00.0000000261698617221028939639
00.0000000261698617221028939639
00.0000000261698617221028939639
00.0000000261698617221028939639
00.0000000261698617221028939639
00.0000000261698617221028939639
00.0000000261698617221028939639
00.0000000261698617221028939639
00.0000000261698617221028939639
00.0000000261698617221028939639
00.0000000261698617221028939639
00.0000000261698617221028939639
00.0000000261698617221028939639
00.0000000261698617221028939639
00.0000000261698617221028939639
00.0000000261698617221028939639
00.0000000261698617221028939639
00.0000000261698617221028939639
00.0000000261698617221028939639
00.0000000261698617221028939639
00.0000000261698617221028939639
00.0000000261698617221028939639
00.0000000261698617221028939639
00.0000000261698617221028939639
00.0000000261698617221028939639
00.0000000261698617221028939639
00.0000000261698617221028939639
00.0000000261698617221028939639
00.0000000261698617221028939639
00.0000000261698617221028939639
00.0000000261698617221028939639
00.0000000261698617221028939639
00.0000000261698617221028939639
00.0000000261698617221028939639
00.0000000261698617221028939639
00.0000000261698617221028939639
00.0000000261698617221028939639
00.0000000261698617221028939639
00.0000000261698617221028939639
00.0000000261698617221028939639
00.0000000261698617221028939639
00.0000000261698617221028939639
00.0000000261698617221028939639
00.0000000261698617221028939639
00.0000000261698617221028939639
00.0000000261698617221028939639
00.0000000261698617221028939639
00.0000000261698617221028939639
00.0000000261698617221028939639
00.0000000261698617221028939639
00.0000000261698617221028939639
00.0000000261698617221028939639
00.0000000261698617221028939639
00.0000000261698617221028939639
00.0000000261698617221028939639
00.0000000261698617221028939639
00.0000000261698617221028939639
00.0000000261698617221028939639
00.0000000261698617221028939639
00.0000000261698617221028939639
00.0000000261698617221028939639
00.0000000261698617221028939639
00.0000000261698617221028939639
00.0000000261698617221028939639
00.0000000261698617221028939639
00.0000000261698617221028939639
00.0000000261698617221028939639
00.0000000261698617221028939639
00.0000000261698617221028939639
00.0000000261698617221028939639
00.0000000261698617221028939639
00.0000000261698617221028939639
00.0000000261698617221028939639
00.0000000261698617221028939639
00.0000000261698617221028939639
00.0000000261698617221028939639
00.0000000261698617221028939639
00.0000000261698617221028939639
00.0000000261698617221028939639
00.0000000261698617221028939639
00.0000000261698617221028939639
00.0000000261698617221028939639
00.0000000261698617221028939639
00.0000000261698617221028939639
00.0000000261698617221028939639
00.0000000261698617221028939639
00.0000000261698617221028939639
00.0000000261698617221028939639
00.0000000261698617221028939639
00.0000000261698617221028939639
00.0000000261698617221028939639
00.0000000261698617221028939639
00.0000000261698617221028939639
00.0000000261698617221028939639
00.0000000261698617221028939639
00.0000000261698617221028939639
00.0000000261698617221028939639
00.0000000261698617221028939639
00.0000000261698617221028939639
00.0000000261698617221028939639
00.0000000261698617221028939639
00.0000000261698617221028939639
00.0000000261698617221028939639
00.0000000261698617221028939639
00.0000000261698617221028939639
00.0000000261698617221028939639
00.0000000261698617221028939639
00.0000000261698617221028939639
00.0000000261698617221028939639
00.0000000261698617221028939639
00.0000000261698617221028939639
00.0000000261698617221028939639
00.0000000261698617221028939639
00.0000000261698617221028939639
00.0000000261698617221028939639
00.0000000261698617221028939639
00.0000000261698617221028939639
00.0000000261698617221028939639
00.0000000261698617221028939639
00.0000000261698617221028939639
00.0000000261698617221028939639
00.0000000261698617221028939639
00.0000000261698617221028939639
00.0000000261698617221028939639
00.0000000261698617221028939639
00.0000000261698617221028939639
00.0000000261698617221028939639
00.0000000261698617221028939639
00.0000000261698617221028939639
00.0000000261698617221028939639
00.0000000261698617221028939639
00.0000000261698617221028939639
00.0000000261698617221028939639
00.0000000261698617221028939639
00.0000000261698617221028939639
00.0000000261698617221028939639
00.0000000261698617221028939639
00.0000000261698617221028939639
00.0000000261698617221028939639
00.0000000261698617221028939639
00.0000000261698617221028939639
00.0000000261698617221028939639
00.0000000261698617221028939639
00.0000000261698617221028939639
00.0000000261698617221028939639
00.0000000261698617221028939639
00.0000000261698617221028939639
00.0000000261698617221028939639
00.0000000261698617221028939639
00.0000000261698617221028939639
00.0000000261698617221028939639
00.0000000261698617221028939639
00.0000000261698617221028939639
00.0000000261698617221028939639
00.0000000261698617221028939639
00.0000000261698617221028939639
00.0000000261698617221028939639
00.0000000261698617221028939639
00.0000000261698617221028939639
00.0000000261698617221028939639
00.0000000261698617221028939639
00.0000000261698617221028939639
00.0000000261698617221028939639
00.0000000261698617221028939639
00.0000000261698617221028939639
00.0000000261698617221028939639
00.0000000261698617221028939639
00.0000000261698617221028939639
00.0000000261698617221028939639
00.0000000261698617221028939639
00.0000000261698617221028939639
00.0000000261698617221028939639
00.0000000261698617221028939639
00.0000000261698617221028939639
00.0000000261698617221028939639
00.0000000261698617221028939639
00.0000000261698617221028939639
00.0000000261698617221028939639
00.0000000261698617221028939639
00.0000000261698617221028939639
00.0000000261698617221028939639
00.0000000261698617221028939639
00.0000000261698617221028939639
00.0000000261698617221028939639
00.0000000261698617221028939639
00.0000000261698617221028939639
00.0000000261698617221028939639
00.0000000261698617221028939639
00.0000000261698617221028939639
00.0000000261698617221028939639
00.0000000261698617221028939639
00.0000000261698617221028939639
00.0000000261698617221028939639
00.0000000261698617221028939639
00.0000000261698617221028939639
00.0000000261698617221028939639
00.0000000261698617221028939639
00.0000000261698617221028939639
00.0000000261698617221028939639
00.0000000261698617221028939639
00.0000000261698617221028939639
00.0000000261698617221028939639
00.0000000261698617221028939639
00.0000000261698617221028939639
00.0000000261698617221028939639
00.0000000261698617221028939639
00.0000000261698617221028939639
00.0000000261698617221028939639
00.0000000261698617221028939639
00.0000000261698617221028939639
00.0000000261698617221028939639
00.0000000261698617221028939639
00.0000000261698617221028939639
00.0000000261698617221028939639
00.0000000261698617221028939639
00.0000000261698617221028939639
00.0000000261698617221028939639
00.0000000261698617221028939639
00.0000000261698617221028939639
00.0000000261698617221028939639
00.0000000261698617221028939639
00.0000000261698617221028939639
00.0000000261698617221028939639
00.0000000261698617221028939639
00.0000000261698617221028939639
00.0000000261698617221028939639
00.0000000261698617221028939639
00.0000000261698617221028939639
00.0000000261698617221028939639
00.0000000261698617221028939639
00.0000000261698617221028939639
00.0000000261698617221028939639
00.0000000261698617221028939639
00.0000000261698617221028939639
00.0000000261698617221028939639
00.0000000261698617221028939639
00.0000000261698617221028939639
00.0000000261698617221028939639
00.0000000261698617221028939639
00.0000000261698617221028939639
00.0000000261698617221028939639
00.0000000261698617221028939639
00.0000000261698617221028939639
00.0000000261698617221028939639
00.0000000261698617221028939639
00.0000000261698617221028939639
00.0000000261698617221028939639
00.0000000261698617221028939639
00.0000000261698617221028939639
00.0000000261698617221028939639
00.0000000261698617221028939639
00.0000000261698617221028939639
00.0000000261698617221028939639
00.0000000261698617221028939639
00.0000000261698617221028939639
00.0000000261698617221028939639
00.0000000261698617221028939639
00.0000000261698617221028939639
00.0000000261698617221028939639
00.0000000261698617221028939639
00.0000000261698617221028939639
00.0000000261698617221028939639
00.0000000261698617221028939639
00.0000000261698617221028939639
00.0000000261698617221028939639
00.0000000261698617221028939639
00.0000000261698617221028939639
00.0000000261698617221028939639
00.0000000261698617221028939639
00.0000000261698617221028939639
00.0000000261698617221028939639
00.0000000261698617221028939639
00.0000000261698617221028939639
00.0000000261698617221028939639
00.0000000261698617221028939639
00.0000000261698617221028939639
00.0000000261698617221028939639
00.0000000261698617221028939639
00.0000000261698617221028939639
00.0000000261698617221028939639
00.0000000261698617221028939639
00.0000000261698617221028939639
00.0000000261698617221028939639
00.0000000261698617221028939639
00.0000000261698617221028939639
00.0000000261698617221028939639
00.0000000261698617221028939639
00.0000000261698617221028939639
00.0000000261698617221028939639
00.0000000261698617221028939639
00.0000000261698617221028939639
00.0000000261698617221028939639
00.0000000261698617221028939639
00.0000000261698617221028939639
00.0000000261698617221028939639
00.0000000261698617221028939639
00.0000000261698617221028939639
00.0000000261698617221028939639
00.0000000261698617221028939639
00.0000000261698617221028939639
00.0000000261698617221028939639
00.0000000261698617221028939639
00.0000000261698617221028939639
00.0000000261698617221028939639
00.0000000261698617221028939639
00.0000000261698617221028939639
00.0000000261698617221028939639
00.0000000261698617221028939639
00.0000000261698617221028939639
00.0000000261698617221028939639
00.0000000261698617221028939639
00.0000000261698617221028939639
00.0000000261698617221028939639
00.0000000261698617221028939639
00.0000000261698617221028939639
00.0000000261698617221028939639
00.0000000261698617221028939639
00.0000000261698617221028939639
00.0000000261698617221028939639
00.0000000261698617221028939639
00.0000000261698617221028939639
00.0000000261698617221028939639
00.0000000261698617221028939639
00.0000000261698617221028939639
00.0000000261698617221028939639
00.0000000261698617221028939639
00.0000000261698617221028939639
00.0000000261698617221028939639
00.0000000261698617221028939639
00.0000000261698617221028939639
00.0000000261698617221028939639
00.0000000261698617221028939639
00.0000000261698617221028939639
00.0000000261698617221028939639
00.0000000261698617221028939639
00.0000000261698617221028939639
00.0000000261698617221028939639
00.0000000261698617221028939639
00.0000000261698617221028939639
00.0000000261698617221028939639
00.0000000261698617221028939639
00.0000000261698617221028939639
00.0000000261698617221028939639
00.0000000261698617221028939639
00.0000000261698617221028939639
00.0000000261698617221028939639
00.0000000261698617221028939639
00.0000000261698617221028939639
00.0000000261698617221028939639
00.0000000261698617221028939639
00.0000000261698617221028939639
00.0000000261698617221028939639
00.0000000261698617221028939639
00.0000000261698617221028939639
00.0000000261698617221028939639
00.0000000261698617221028939639
00.0000000261698617221028939639
00.0000000261698617221028939639
00.0000000261698617221028939639
00.0000000261698617221028939639
00.0000000261698617221028939639
00.0000000261698617221028939639
00.0000000261698617221028939639
00.0000000261698617221028939639
00.0000000261698617221028939639
00.0000000261698617221028939639
00.0000000261698617221028939639
00.0000000261698617221028939639
00.0000000261698617221028939639
00.0000000261698617221028939639
00.0000000261698617221028939639
00.0000000261698617221028939639
00.0000000261698617221028939639
00.0000000261698617221028939639
00.0000000261698617221028939639
00.0000000261698617221028939639
00.0000000261698617221028939639
00.0000000261698617221028939639
00.0000000261698617221028939639
00.0000000261698617221028939639
00.0000000261698617221028939639
00.0000000261698617221028939639
00.0000000261698617221028939639
00.0000000261698617221028939639
00.0000000261698617221028939639
00.0000000261698617221028939639
00.0000000261698617221028939639
00.0000000261698617221028939639
00.0000000261698617221028939639
00.0000000261698617221028939639
00.0000000261698617221028939639
00.0000000261698617221028939639
00.0000000261698617221028939639
00.0000000261698617221028939639
00.0000000261698617221028939639
00.0000000261698617221028939639
00.0000000261698617221028939639
00.0000000261698617221028939639
00.0000000261698617221028939639
00.0000000261698617221028939639
00.0000000261698617221028939639
00.0000000261698617221028939639
00.0000000261698617221028939639
00.0000000261698617221028939639
00.0000000261698617221028939639
00.0000000261698617221028939639
00.0000000261698617221028939639
00.0000000261698617221028939639
00.0000000261698617221028939639
00.0000000261698617221028939639
00.0000000261698617221028939639
00.0000000261698617221028939639
00.0000000261698617221028939639
00.0000000261698617221028939639
00.0000000261698617221028939639
00.0000000261698617221028939639
00.0000000261698617221028939639
00.0000000261698617221028939639
00.0000000261698617221028939639
00.0000000261698617221028939639
00.0000000261698617221028939639
00.0000000261698617221028939639
00.0000000261698617221028939639
00.0000000261698617221028939639
00.0000000261698617221028939639
00.0000000261698617221028939639
00.0000000261698617221028939639
00.0000000261698617221028939639
00.0000000261698617221028939639
00.0000000261698617221028939639
00.0000000261698617221028939639
00.0000000261698617221028939639
00.0000000261698617221028939639
00.0000000261698617221028939639
00.0000000261698617221028939639
00.0000000261698617221028939639
00.0000000261698617221028939639
00.0000000261698617221028939639
00.0000000261698617221028939639
00.0000000261698617221028939639
00.0000000261698617221028939639
00.0000000261698617221028939639
00.0000000261698617221028939639
00.0000000261698617221028939639
00.0000000261698617221028939639
00.0000000261698617221028939639
00.0000000261698617221028939639
00.0000000261698617221028939639
00.0000000261698617221028939639
00.0000000261698617221028939639
00.0000000261698617221028939639
00.0000000261698617221028939639
00.0000000261698617221028939639
00.0000000261698617221028939639
00.0000000261698617221028939639
00.0000000261698617221028939639
00.0000000261698617221028939639
00.0000000261698617221028939639
00.0000000261698617221028939639
00.0000000261698617221028939639
00.0000000261698617221028939639
00.0000000261698617221028939639
00.0000000261698617221028939639
00.0000000261698617221028939639
00.0000000261698617221028939639
00.0000000261698617221028939639
00.0000000261698617221028939639
00.0000000261698617221028939639
00.0000000261698617221028939639
00.0000000261698617221028939639
00.0000000261698617221028939639
00.0000000261698617221028939639
00.0000000261698617221028939639
00.0000000261698617221028939639
00.0000000261698617221028939639
00.0000000261698617221028939639
00.0000000261698617221028939639
00.0000000261698617221028939639
00.0000000261698617221028939639
00.0000000261698617221028939639
00.0000000261698617221028939639
00.0000000261698617221028939639
00.0000000261698617221028939639
00.0000000261698617221028939639
00.0000000261698617221028939639
00.0000000261698617221028939639
00.0000000261698617221028939639
00.0000000261698617221028939639
00.0000000261698617221028939639
00.0000000261698617221028939639
00.0000000261698617221028939639
00.0000000261698617221028939639
00.0000000261698617221028939639
00.0000000261698617221028939639
00.0000000261698617221028939639
00.0000000261698617221028939639
00.0000000261698617221028939639
00.0000000261698617221028939639
00.0000000261698617221028939639
00.0000000261698617221028939639
00.0000000261698617221028939639
00.0000000261698617221028939639
00.0000000261698617221028939639
00.0000000261698617221028939639
00.0000000261698617221028939639
00.0000000261698617221028939639
00.0000000261698617221028939639
00.0000000261698617221028939639
00.0000000261698617221028939639
00.0000000261698617221028939639
00.0000000261698617221028939639
00.0000000261698617221028939639
00.0000000261698617221028939639
00.0000000261698617221028939639
00.0000000261698617221028939639
00.0000000261698617221028939639
00.0000000261698617221028939639
00.0000000261698617221028939639
00.0000000261698617221028939639
00.0000000261698617221028939639
00.0000000261698617221028939639
00.0000000261698617221028939639
00.0000000261698617221028939639
00.0000000261698617221028939639
00.0000000261698617221028939639
00.0000000261698617221028939639
00.0000000261698617221028939639
00.0000000261698617221028939639
00.0000000261698617221028939639
00.0000000261698617221028939639
00.0000000261698617221028939639
00.0000000261698617221028939639
00.0000000261698617221028939639
00.0000000261698617221028939639
00.0000000261698617221028939639
00.0000000261698617221028939639
00.0000000261698617221028939639
00.0000000261698617221028939639
00.0000000261698617221028939639
00.0000000261698617221028939639
00.0000000261698617221028939639
00.0000000261698617221028939639
00.0000000261698617221028939639
00.0000000261698617221028939639
00.0000000261698617221028939639
00.0000000261698617221028939639
00.0000000261698617221028939639
00.0000000261698617221028939639
00.0000000261698617221028939639
00.0000000261698617221028939639
00.0000000261698617221028939639
00.0000000261698617221028939639
00.0000000261698617221028939639
00.0000000261698617221028939639
00.0000000261698617221028939639
00.0000000261698617221028939639
00.0000000261698617221028939639
00.0000000261698617221028939639
00.0000000261698617221028939639
00.0000000261698617221028939639
00.0000000261698617221028939639
00.0000000261698617221028939639
00.0000000261698617221028939639
00.0000000261698617221028939639
00.0000000261698617221028939639
00.0000000261698617221028939639
00.0000000261698617221028939639
00.0000000261698617221028939639
00.0000000261698617221028939639
00.0000000261698617221028939639
00.0000000261698617221028939639
00.0000000261698617221028939639
00.0000000261698617221028939639
00.0000000261698617221028939639
00.0000000261698617221028939639
00.0000000261698617221028939639
00.0000000261698617221028939639
00.0000000261698617221028939639
00.0000000261698617221028939639
00.0000000261698617221028939639
00.0000000261698617221028939639
00.0000000261698617221028939639
00.0000000261698617221028939639
00.0000000261698617221028939639
00.0000000261698617221028939639
00.0000000261698617221028939639
00.0000000261698617221028939639
00.0000000261698617221028939639
00.0000000261698617221028939639
00.0000000261698617221028939639
00.0000000261698617221028939639
00.0000000261698617221028939639
00.0000000261698617221028939639
00.0000000261698617221028939639
00.0000000261698617221028939639
00.0000000261698617221028939639
00.0000000261698617221028939639
00.0000000261698617221028939639
00.0000000261698617221028939639
00.0000000261698617221028939639
00.0000000261698617221028939639
00.0000000261698617221028939639
00.0000000261698617221028939639
00.0000000261698617221028939639
00.0000000261698617221028939639
00.0000000261698617221028939639
00.0000000261698617221028939639
00.0000000261698617221028939639
00.0000000261698617221028939639
00.0000000261698617221028939639
00.0000000261698617221028939639
00.0000000261698617221028939639
00.0000000261698617221028939639
00.0000000261698617221028939639
00.0000000261698617221028939639
00.0000000261698617221028939639
00.0000000261698617221028939639
00.0000000261698617221028939639
00.0000000261698617221028939639
00.0000000261698617221028939639
00.0000000261698617221028939639
00.0000000261698617221028939639
00.0000000261698617221028939639
00.0000000261698617221028939639
00.0000000261698617221028939639
00.0000000261698617221028939639
00.0000000261698617221028939639
00.0000000261698617221028939639
00.0000000261698617221028939639
00.0000000261698617221028939639
00.0000000261698617221028939639
00.0000000261698617221028939639
00.0000000261698617221028939639
00.0000000261698617221028939639
00.0000000261698617221028939639
00.0000000261698617221028939639
00.0000000261698617221028939639
00.0000000261698617221028939639
00.0000000261698617221028939639
00.0000000261698617221028939639
00.0000000261698617221028939639
00.0000000261698617221028939639
00.0000000261698617221028939639
00.0000000261698617221028939639
00.0000000261698617221028939639
00.0000000261698617221028939639
00.0000000261698617221028939639
00.0000000261698617221028939639
00.0000000261698617221028939639
00.0000000261698617221028939639
00.0000000261698617221028939639
00.0000000261698617221028939639
00.0000000261698617221028939639
00.0000000261698617221028939639
00.0000000261698617221028939639
00.0000000261698617221028939639
00.0000000261698617221028939639
00.0000000261698617221028939639
00.0000000261698617221028939639
00.0000000261698617221028939639
00.0000000261698617221028939639
00.0000000261698617221028939639
00.0000000261698617221028939639
00.0000000261698617221028939639
00.0000000261698617221028939639
00.0000000261698617221028939639
00.0000000261698617221028939639
00.0000000261698617221028939639
00.0000000261698617221028939639
00.0000000261698617221028939639
00.0000000261698617221028939639
00.0000000261698617221028939639
00.0000000261698617221028939639
00.0000000261698617221028939639
00.0000000261698617221028939639
00.0000000261698617221028939639
00.0000000261698617221028939639
00.0000000261698617221028939639
00.0000000261698617221028939639
00.0000000261698617221028939639
00.0000000261698617221028939639
00.0000000261698617221028939639
00.0000000261698617221028939639
00.0000000261698617221028939639
00.0000000261698617221028939639
00.0000000261698617221028939639
00.0000000261698617221028939639
00.0000000261698617221028939639
00.0000000261698617221028939639
00.0000000261698617221028939639
00.0000000261698617221028939639
00.0000000261698617221028939639
00.0000000261698617221028939639
00.0000000261698617221028939639
00.0000000261698617221028939639
00.0000000261698617221028939639
00.0000000261698617221028939639
00.0000000261698617221028939639
00.0000000261698617221028939639
00.0000000261698617221028939639
00.0000000261698617221028939639
00.0000000261698617221028939639
00.0000000261698617221028939639
00.0000000261698617221028939639
00.0000000261698617221028939639
00.0000000261698617221028939639
00.0000000261698617221028939639
00.0000000261698617221028939639
00.0000000261698617221028939639
00.0000000261698617221028939639
00.0000000261698617221028939639
00.0000000261698617221028939639
00.0000000261698617221028939639
00.0000000261698617221028939639
00.0000000261698617221028939639
00.0000000261698617221028939639
00.0000000261698617221028939639
00.0000000261698617221028939639
00.0000000261698617221028939639
00.0000000261698617221028939639
00.0000000261698617221028939639
00.0000000261698617221028939639
00.0000000261698617221028939639
00.0000000261698617221028939639
00.0000000261698617221028939639
00.0000000261698617221028939639
00.0000000261698617221028939639
00.0000000261698617221028939639
00.0000000261698617221028939639
00.0000000261698617221028939639
00.0000000261698617221028939639
00.0000000261698617221028939639
00.0000000261698617221028939639
00.0000000261698617221028939639
00.0000000261698617221028939639
00.0000000261698617221028939639
00.0000000261698617221028939639
00.0000000261698617221028939639
00.0000000261698617221028939639
00.0000000261698617221028939639
00.0000000261698617221028939639
00.0000000261698617221028939639
00.0000000261698617221028939639
00.0000000261698617221028939639
00.0000000261698617221028939639
00.0000000261698617221028939639
00.0000000261698617221028939639
00.0000000261698617221028939639
00.0000000261698617221028939639
00.0000000261698617221028939639
00.0000000261698617221028939639
00.0000000261698617221028939639
00.0000000261698617221028939639
00.0000000261698617221028939639
00.0000000261698617221028939639
00.0000000261698617221028939639
00.0000000261698617221028939639
00.0000000261698617221028939639
00.0000000261698617221028939639
00.0000000261698617221028939639
00.0000000261698617221028939639
00.0000000261698617221028939639
00.0000000261698617221028939639
00.0000000261698617221028939639
00.0000000261698617221028939639
00.0000000261698617221028939639
00.0000000261698617221028939639
00.0000000261698617221028939639
00.0000000261698617221028939639
00.0000000261698617221028939639
00.0000000261698617221028939639
00.0000000261698617221028939639
00.0000000261698617221028939639
00.0000000261698617221028939639
00.0000000261698617221028939639
00.0000000261698617221028939639
00.0000000261698617221028939639
00.0000000261698617221028939639
00.0000000261698617221028939639
00.0000000261698617221028939639
00.0000000261698617221028939639
00.0000000261698617221028939639
00.0000000261698617221028939639
00.0000000261698617221028939639
00.0000000261698617221028939639
00.0000000261698617221028939639
00.0000000261698617221028939639
00.0000000261698617221028939639
00.0000000261698617221028939639
00.0000000261698617221028939639
00.0000000261698617221028939639
00.0000000261698617221028939639
00.0000000261698617221028939639
00.0000000261698617221028939639
00.0000000261698617221028939639
00.0000000261698617221028939639
00.0000000261698617221028939639
00.0000000261698617221028939639
00.0000000261698617221028939639
00.0000000261698617221028939639
00.0000000261698617221028939639
00.0000000261698617221028939639
00.0000000261698617221028939639
00.0000000261698617221028939639
00.0000000261698617221028939639
00.0000000261698617221028939639
00.0000000261698617221028939639
00.0000000261698617221028939639
00.0000000261698617221028939639
00.0000000261698617221028939639
00.0000000261698617221028939639
00.0000000261698617221028939639
00.0000000261698617221028939639
00.0000000261698617221028939639
00.0000000261698617221028939639
00.0000000261698617221028939639
00.0000000261698617221028939639
00.0000000261698617221028939639
00.0000000261698617221028939639
00.0000000261698617221028939639
00.0000000261698617221028939639
00.0000000261698617221028939639
00.0000000261698617221028939639
00.0000000261698617221028939639
00.0000000261698617221028939639
00.0000000261698617221028939639
00.0000000261698617221028939639
00.0000000261698617221028939639
00.0000000261698617221028939639
00.0000000261698617221028939639
00.0000000261698617221028939639
00.0000000261698617221028939639
00.0000000261698617221028939639
00.0000000261698617221028939639
00.0000000261698617221028939639
00.0000000261698617221028939639
00.0000000261698617221028939639
00.0000000261698617221028939639
00.0000000261698617221028939639
00.0000000261698617221028939639
00.0000000261698617221028939639
00.0000000261698617221028939639
00.0000000261698617221028939639
00.0000000227997701829352195091
00.0000000227997701829352195091
00.0000000227997701829352195091
00.0000000227997701829352195091
00.0000000227997701829352195091
00.0000000227997701829352195091
00.0000000227997701829352195091
00.0000000227997701829352195091
00.0000000227997701829352195091
00.0000000227997701829352195091
00.0000000227997701829352195091
00.0000000227997701829352195091
00.0000000227997701829352195091
00.0000000227997701829352195091
00.0000000227997701829352195091
00.0000000227997701829352195091
00.0000000227997701829352195091
00.0000000227997701829352195091
00.0000000227997701829352195091
00.0000000227997701829352195091
00.0000000227997701829352195091
00.0000000227997701829352195091
00.0000000227997701829352195091
00.0000000227997701829352195091
00.0000000227997701829352195091
00.0000000227997701829352195091
00.0000000227997701829352195091
00.0000000227997701829352195091
00.0000000227997701829352195091
00.0000000227997701829352195091
00.0000000227997701829352195091
00.0000000227997701829352195091
00.0000000227997701829352195091
00.0000000227997701829352195091
00.0000000227997701829352195091
00.0000000227997701829352195091
00.0000000227997701829352195091
00.0000000227997701829352195091
00.0000000227997701829352195091
00.0000000227997701829352195091
00.0000000227997701829352195091
00.0000000227997701829352195091
00.0000000227997701829352195091
00.0000000227997701829352195091
00.0000000227997701829352195091
00.0000000227997701829352195091
00.0000000227997701829352195091
00.0000000227997701829352195091
00.0000000227997701829352195091
00.0000000227997701829352195091
00.0000000227997701829352195091
00.0000000227997701829352195091
00.0000000227997701829352195091
00.0000000227997701829352195091
00.0000000227997701829352195091
00.0000000227997701829352195091
00.0000000227997701829352195091
00.0000000227997701829352195091
00.0000000227997701829352195091
00.0000000227997701829352195091
00.0000000227997701829352195091
00.0000000227997701829352195091
00.0000000227997701829352195091
00.0000000227997701829352195091
00.0000000227997701829352195091
00.0000000227997701829352195091
00.0000000227997701829352195091
00.0000000227997701829352195091
00.0000000227997701829352195091
00.0000000227997701829352195091
00.0000000227997701829352195091
00.0000000227997701829352195091
00.0000000227997701829352195091
00.0000000227997701829352195091
00.0000000227997701829352195091
00.0000000227997701829352195091
00.0000000227997701829352195091
00.0000000227997701829352195091
00.0000000227997701829352195091
00.0000000227997701829352195091
00.0000000227997701829352195091
00.0000000227997701829352195091
00.0000000227997701829352195091
00.0000000227997701829352195091
00.0000000227997701829352195091
00.0000000227997701829352195091
00.0000000227997701829352195091
00.0000000227997701829352195091
00.0000000227997701829352195091
00.0000000227997701829352195091
00.0000000227997701829352195091
00.0000000227997701829352195091
00.0000000227997701829352195091
00.0000000227997701829352195091
00.0000000227997701829352195091
00.0000000227997701829352195091
00.0000000227997701829352195091
00.0000000227997701829352195091
00.0000000227997701829352195091
00.0000000227997701829352195091
00.0000000227997701829352195091
00.0000000227997701829352195091
00.0000000227997701829352195091
00.0000000227997701829352195091
00.0000000227997701829352195091
00.0000000227997701829352195091
00.0000000227997701829352195091
00.0000000227997701829352195091
00.0000000227997701829352195091
00.0000000227997701829352195091
00.0000000227997701829352195091
00.0000000227997701829352195091
00.0000000227997701829352195091
00.0000000227997701829352195091
00.0000000227997701829352195091
00.0000000227997701829352195091
00.0000000227997701829352195091
00.0000000227997701829352195091
00.0000000227997701829352195091
00.0000000227997701829352195091
00.0000000227997701829352195091
00.0000000227997701829352195091
00.0000000227997701829352195091
00.0000000227997701829352195091
00.0000000227997701829352195091
00.0000000227997701829352195091
00.0000000227997701829352195091
00.0000000227997701829352195091
00.0000000227997701829352195091
00.0000000227997701829352195091
00.0000000227997701829352195091
00.0000000227997701829352195091
00.0000000227997701829352195091
00.0000000227997701829352195091
00.0000000227997701829352195091
00.0000000227997701829352195091
00.0000000227997701829352195091
00.0000000227997701829352195091
00.0000000227997701829352195091
00.0000000227997701829352195091
00.0000000227997701829352195091
00.0000000227997701829352195091
00.0000000227997701829352195091
00.0000000227997701829352195091
00.0000000227997701829352195091
00.0000000227997701829352195091
00.0000000227997701829352195091
00.0000000227997701829352195091
00.0000000227997701829352195091
00.0000000227997701829352195091
00.0000000227997701829352195091
00.0000000227997701829352195091
00.0000000227997701829352195091
00.0000000227997701829352195091
00.0000000227997701829352195091
00.0000000227997701829352195091
00.0000000227997701829352195091
00.0000000227997701829352195091
00.0000000227997701829352195091
00.0000000227997701829352195091
00.0000000227997701829352195091
00.0000000227997701829352195091
00.0000000227997701829352195091
00.0000000227997701829352195091
00.0000000227997701829352195091
00.0000000227997701829352195091
00.0000000227997701829352195091
00.0000000227997701829352195091
00.0000000227997701829352195091
00.0000000227997701829352195091
00.0000000227997701829352195091
00.0000000227997701829352195091
00.0000000227997701829352195091
00.0000000227997701829352195091
00.0000000227997701829352195091
00.0000000227997701829352195091
00.0000000227997701829352195091
00.0000000227997701829352195091
00.0000000227997701829352195091
00.0000000227997701829352195091
00.0000000227997701829352195091
00.0000000227997701829352195091
00.0000000227997701829352195091
00.0000000227997701829352195091
00.0000000227997701829352195091
00.0000000227997701829352195091
00.0000000227997701829352195091
00.0000000227997701829352195091
00.0000000227997701829352195091
00.0000000227997701829352195091
00.0000000227997701829352195091
00.0000000227997701829352195091
00.0000000227997701829352195091
00.0000000227997701829352195091
00.0000000227997701829352195091
00.0000000227997701829352195091
00.0000000227997701829352195091
00.0000000227997701829352195091
00.0000000227997701829352195091
00.0000000227997701829352195091
00.0000000227997701829352195091
00.0000000227997701829352195091
00.0000000227997701829352195091
00.0000000227997701829352195091
00.0000000227997701829352195091
00.0000000227997701829352195091
00.0000000227997701829352195091
00.0000000227997701829352195091
00.0000000227997701829352195091
00.0000000227997701829352195091
00.0000000227997701829352195091
00.0000000227997701829352195091
00.0000000227997701829352195091
00.0000000227997701829352195091
00.0000000227997701829352195091
00.0000000227997701829352195091
00.0000000227997701829352195091
00.0000000227997701829352195091
00.0000000227997701829352195091
00.0000000227997701829352195091
00.0000000227997701829352195091
00.0000000227997701829352195091
00.0000000227997701829352195091
00.0000000227997701829352195091
00.0000000227997701829352195091
00.0000000227997701829352195091
00.0000000227997701829352195091
00.0000000227997701829352195091
00.0000000227997701829352195091
00.0000000227997701829352195091
00.0000000227997701829352195091
00.0000000227997701829352195091
00.0000000227997701829352195091
00.0000000227997701829352195091
00.0000000227997701829352195091
00.0000000227997701829352195091
00.0000000227997701829352195091
00.0000000227997701829352195091
00.0000000227997701829352195091
00.0000000227997701829352195091
00.0000000227997701829352195091
00.0000000227997701829352195091
00.0000000227997701829352195091
00.0000000227997701829352195091
00.0000000227997701829352195091
00.0000000227997701829352195091
00.0000000227997701829352195091
00.0000000227997701829352195091
00.0000000227997701829352195091
00.0000000227997701829352195091
00.0000000227997701829352195091
00.0000000227997701829352195091
00.0000000227997701829352195091
00.0000000227997701829352195091
00.0000000227997701829352195091
00.0000000227997701829352195091
00.0000000227997701829352195091
00.0000000227997701829352195091
00.0000000227997701829352195091
00.0000000227997701829352195091
00.0000000227997701829352195091
00.0000000227997701829352195091
00.0000000227997701829352195091
00.0000000227997701829352195091
00.0000000227997701829352195091
00.0000000227997701829352195091
00.0000000227997701829352195091
00.0000000227997701829352195091
00.0000000227997701829352195091
00.0000000227997701829352195091
00.0000000227997701829352195091
00.0000000227997701829352195091
00.0000000227997701829352195091
00.0000000227997701829352195091
00.0000000227997701829352195091
00.0000000227997701829352195091
00.0000000227997701829352195091
00.0000000227997701829352195091
00.0000000227997701829352195091
00.0000000227997701829352195091
00.0000000227997701829352195091
00.0000000227997701829352195091
00.0000000227997701829352195091
00.0000000227997701829352195091
00.0000000227997701829352195091
00.0000000227997701829352195091
00.0000000227997701829352195091
00.0000000227997701829352195091
00.0000000227997701829352195091
00.0000000227997701829352195091
00.0000000227997701829352195091
00.0000000227997701829352195091
00.0000000227997701829352195091
00.0000000227997701829352195091
00.0000000227997701829352195091
00.0000000227997701829352195091
00.0000000227997701829352195091
00.0000000227997701829352195091
00.0000000227997701829352195091
00.0000000227997701829352195091
00.0000000227997701829352195091
00.0000000227997701829352195091
00.0000000227997701829352195091
00.0000000227997701829352195091
00.0000000227997701829352195091
00.0000000227997701829352195091
00.0000000227997701829352195091
00.0000000227997701829352195091
00.0000000227997701829352195091
00.0000000227997701829352195091
00.0000000227997701829352195091
00.0000000227997701829352195091
00.0000000227997701829352195091
00.0000000227997701829352195091
00.0000000227997701829352195091
00.0000000227997701829352195091
00.0000000227997701829352195091
00.0000000227997701829352195091
00.0000000227997701829352195091
00.0000000227997701829352195091
00.0000000227997701829352195091
00.0000000227997701829352195091
00.0000000227997701829352195091
00.0000000227997701829352195091
00.0000000227997701829352195091
00.0000000227997701829352195091
00.0000000227997701829352195091
00.0000000227997701829352195091
00.0000000227997701829352195091
00.0000000227997701829352195091
00.0000000227997701829352195091
00.0000000227997701829352195091
00.0000000227997701829352195091
00.0000000227997701829352195091
00.0000000227997701829352195091
00.0000000227997701829352195091
00.0000000227997701829352195091
00.0000000227997701829352195091
00.0000000227997701829352195091
00.0000000227997701829352195091
00.0000000227997701829352195091
00.0000000227997701829352195091
00.0000000227997701829352195091
00.0000000227997701829352195091
00.0000000227997701829352195091
00.0000000227997701829352195091
00.0000000227997701829352195091
00.0000000227997701829352195091
00.0000000227997701829352195091
00.0000000227997701829352195091
00.0000000227997701829352195091
00.0000000227997701829352195091
00.0000000227997701829352195091
00.0000000227997701829352195091
00.0000000227997701829352195091
00.0000000227997701829352195091
00.0000000227997701829352195091
00.0000000227997701829352195091
00.0000000227997701829352195091
00.0000000227997701829352195091
00.0000000227997701829352195091
00.0000000227997701829352195091
00.0000000227997701829352195091
00.0000000227997701829352195091
00.0000000227997701829352195091
00.0000000227997701829352195091
00.0000000227997701829352195091
00.0000000227997701829352195091
00.0000000227997701829352195091
00.0000000227997701829352195091
00.0000000227997701829352195091
00.0000000227997701829352195091
00.0000000227997701829352195091
00.0000000227997701829352195091
00.0000000227997701829352195091
00.0000000227997701829352195091
00.0000000227997701829352195091
00.0000000227997701829352195091
00.0000000227997701829352195091
00.0000000227997701829352195091
00.0000000227997701829352195091
00.0000000227997701829352195091
00.0000000227997701829352195091
00.0000000227997701829352195091
00.0000000227997701829352195091
00.0000000227997701829352195091
00.0000000227997701829352195091
00.0000000227997701829352195091
00.0000000227997701829352195091
00.0000000227997701829352195091
00.0000000227997701829352195091
00.0000000227997701829352195091
00.0000000227997701829352195091
00.0000000227997701829352195091
00.0000000227997701829352195091
00.0000000227997701829352195091
00.0000000227997701829352195091
00.0000000227997701829352195091
00.0000000227997701829352195091
00.0000000227997701829352195091
00.0000000227997701829352195091
00.0000000227997701829352195091
00.0000000227997701829352195091
00.0000000227997701829352195091
00.0000000227997701829352195091
00.0000000227997701829352195091
00.0000000227997701829352195091
00.0000000227997701829352195091
00.0000000227997701829352195091
00.0000000227997701829352195091
00.0000000227997701829352195091
00.0000000227997701829352195091
00.0000000227997701829352195091
00.0000000227997701829352195091
00.0000000227997701829352195091
00.0000000227997701829352195091
00.0000000227997701829352195091
00.0000000227997701829352195091
00.0000000227997701829352195091
00.0000000227997701829352195091
00.0000000227997701829352195091
00.0000000227997701829352195091
00.0000000227997701829352195091
00.0000000227997701829352195091
00.0000000227997701829352195091
00.0000000227997701829352195091
00.0000000227997701829352195091
00.0000000227997701829352195091
00.0000000227997701829352195091
00.0000000227997701829352195091
00.0000000227997701829352195091
00.0000000227997701829352195091
00.0000000227997701829352195091
00.0000000227997701829352195091
00.0000000227997701829352195091
00.0000000227997701829352195091
00.0000000227997701829352195091
00.0000000227997701829352195091
00.0000000227997701829352195091
00.0000000227997701829352195091
00.0000000227997701829352195091
00.0000000227997701829352195091
00.0000000227997701829352195091
00.0000000227997701829352195091
00.0000000227997701829352195091
00.0000000227997701829352195091
00.0000000227997701829352195091
00.0000000227997701829352195091
00.0000000227997701829352195091
00.0000000227997701829352195091
00.0000000227997701829352195091
00.0000000227997701829352195091
00.0000000227997701829352195091
00.0000000227997701829352195091
00.0000000227997701829352195091
00.0000000227997701829352195091
00.0000000227997701829352195091
00.0000000227997701829352195091
00.0000000227997701829352195091
00.0000000227997701829352195091
00.0000000227997701829352195091
00.0000000227997701829352195091
00.0000000227997701829352195091
00.0000000227997701829352195091
00.0000000227997701829352195091
00.0000000227997701829352195091
00.0000000227997701829352195091
00.0000000227997701829352195091
00.0000000227997701829352195091
00.0000000227997701829352195091
00.0000000227997701829352195091
00.0000000227997701829352195091
00.0000000227997701829352195091
00.0000000227997701829352195091
00.0000000227997701829352195091
00.0000000227997701829352195091
00.0000000227997701829352195091
00.0000000227997701829352195091
00.0000000227997701829352195091
00.0000000227997701829352195091
00.0000000227997701829352195091
00.0000000227997701829352195091
00.0000000227997701829352195091
00.0000000227997701829352195091
00.0000000227997701829352195091
00.0000000227997701829352195091
00.0000000227997701829352195091
00.0000000227997701829352195091
00.0000000227997701829352195091
00.0000000227997701829352195091
00.0000000227997701829352195091
00.0000000227997701829352195091
00.0000000227997701829352195091
00.0000000227997701829352195091
00.0000000227997701829352195091
00.0000000227997701829352195091
00.0000000227997701829352195091
00.0000000227997701829352195091
00.0000000227997701829352195091
00.0000000227997701829352195091
00.0000000227997701829352195091
00.0000000227997701829352195091
00.0000000227997701829352195091
00.0000000227997701829352195091
00.0000000227997701829352195091
00.0000000227997701829352195091
00.0000000227997701829352195091
00.0000000227997701829352195091
00.0000000227997701829352195091
00.0000000227997701829352195091
00.0000000227997701829352195091
00.0000000227997701829352195091
00.0000000227997701829352195091
00.0000000227997701829352195091
00.0000000227997701829352195091
00.0000000227997701829352195091
00.0000000227997701829352195091
00.0000000227997701829352195091
00.0000000227997701829352195091
00.0000000227997701829352195091
00.0000000227997701829352195091
00.0000000227997701829352195091
00.0000000227997701829352195091
00.0000000227997701829352195091
00.0000000227997701829352195091
00.0000000227997701829352195091
00.0000000227997701829352195091
00.0000000227997701829352195091
00.0000000227997701829352195091
00.0000000227997701829352195091
00.0000000227997701829352195091
00.0000000227997701829352195091
00.0000000227997701829352195091
00.0000000227997701829352195091
00.0000000227997701829352195091
00.0000000227997701829352195091
00.0000000227997701829352195091
00.0000000227997701829352195091
00.0000000227997701829352195091
00.0000000227997701829352195091
00.0000000227997701829352195091
00.0000000227997701829352195091
00.0000000227997701829352195091
00.0000000227997701829352195091
00.0000000227997701829352195091
00.0000000227997701829352195091
00.0000000227997701829352195091
00.0000000227997701829352195091
00.0000000227997701829352195091
00.0000000227997701829352195091
00.0000000227997701829352195091
00.0000000227997701829352195091
00.0000000227997701829352195091
00.0000000227997701829352195091
00.0000000227997701829352195091
00.0000000227997701829352195091
00.0000000227997701829352195091
00.0000000227997701829352195091
00.0000000227997701829352195091
00.0000000227997701829352195091
00.0000000227997701829352195091
00.0000000227997701829352195091
00.0000000227997701829352195091
00.0000000227997701829352195091
00.0000000227997701829352195091
00.0000000227997701829352195091
00.0000000227997701829352195091
00.0000000227997701829352195091
00.0000000227997701829352195091
00.0000000227997701829352195091
00.0000000227997701829352195091
00.0000000227997701829352195091
00.0000000227997701829352195091
00.0000000227997701829352195091
00.0000000227997701829352195091
00.0000000227997701829352195091
00.0000000227997701829352195091
00.0000000227997701829352195091
00.0000000227997701829352195091
00.0000000227997701829352195091
00.0000000227997701829352195091
00.0000000227997701829352195091
00.0000000227997701829352195091
00.0000000227997701829352195091
00.0000000227997701829352195091
00.0000000227997701829352195091
00.0000000227997701829352195091
00.0000000227997701829352195091
00.0000000227997701829352195091
00.0000000227997701829352195091
00.0000000227997701829352195091
00.0000000227997701829352195091
00.0000000227997701829352195091
00.0000000227997701829352195091
00.0000000227997701829352195091
00.0000000227997701829352195091
00.0000000227997701829352195091
00.0000000227997701829352195091
00.0000000227997701829352195091
00.0000000227997701829352195091
00.0000000227997701829352195091
00.0000000227997701829352195091
00.0000000227997701829352195091
00.0000000227997701829352195091
00.0000000227997701829352195091
00.0000000227997701829352195091
00.0000000227997701829352195091
00.0000000227997701829352195091
00.0000000227997701829352195091
00.0000000227997701829352195091
00.0000000227997701829352195091
00.0000000227997701829352195091
00.0000000227997701829352195091
00.0000000227997701829352195091
00.0000000227997701829352195091
00.0000000227997701829352195091
00.0000000227997701829352195091
00.0000000227997701829352195091
00.0000000227997701829352195091
00.0000000227997701829352195091
00.0000000227997701829352195091
00.0000000227997701829352195091
00.0000000227997701829352195091
00.0000000227997701829352195091
00.0000000227997701829352195091
00.0000000227997701829352195091
00.0000000227997701829352195091
00.0000000227997701829352195091
00.0000000227997701829352195091
00.0000000227997701829352195091
00.0000000227997701829352195091
00.0000000227997701829352195091
00.0000000227997701829352195091
00.0000000227997701829352195091
00.0000000227997701829352195091
00.0000000227997701829352195091
00.0000000227997701829352195091
00.0000000227997701829352195091
00.0000000227997701829352195091
00.0000000227997701829352195091
00.0000000227997701829352195091
00.0000000227997701829352195091
00.0000000227997701829352195091
00.0000000227997701829352195091
00.0000000227997701829352195091
00.0000000227997701829352195091
00.0000000227997701829352195091
00.0000000227997701829352195091
00.0000000227997701829352195091
00.0000000227997701829352195091
00.0000000227997701829352195091
00.0000000227997701829352195091
00.0000000227997701829352195091
00.0000000227997701829352195091
00.0000000227997701829352195091
00.0000000227997701829352195091
00.0000000227997701829352195091
00.0000000227997701829352195091
00.0000000227997701829352195091
00.0000000227997701829352195091
00.0000000227997701829352195091
00.0000000227997701829352195091
00.0000000227997701829352195091
00.0000000227997701829352195091
00.0000000227997701829352195091
00.0000000227997701829352195091
00.0000000227997701829352195091
00.0000000227997701829352195091
00.0000000227997701829352195091
00.0000000227997701829352195091
00.0000000227997701829352195091
00.0000000227997701829352195091
00.0000000227997701829352195091
00.0000000227997701829352195091
00.0000000227997701829352195091
00.0000000227997701829352195091
00.0000000227997701829352195091
00.0000000227997701829352195091
00.0000000227997701829352195091
00.0000000227997701829352195091
00.0000000227997701829352195091
00.0000000227997701829352195091
00.0000000227997701829352195091
00.0000000227997701829352195091
00.0000000227997701829352195091
00.0000000227997701829352195091
00.0000000227997701829352195091
00.0000000227997701829352195091
00.0000000227997701829352195091
00.0000000227997701829352195091
00.0000000227997701829352195091
00.0000000227997701829352195091
00.0000000227997701829352195091
00.0000000227997701829352195091
00.0000000227997701829352195091
00.0000000227997701829352195091
00.0000000227997701829352195091
00.0000000227997701829352195091
00.0000000227997701829352195091
00.0000000227997701829352195091
00.0000000227997701829352195091
00.0000000227997701829352195091
00.0000000227997701829352195091
00.0000000227997701829352195091
00.0000000227997701829352195091
00.0000000227997701829352195091
00.0000000227997701829352195091
00.0000000227997701829352195091
00.0000000227997701829352195091
00.0000000227997701829352195091
00.0000000227997701829352195091
00.0000000227997701829352195091
00.0000000227997701829352195091
00.0000000227997701829352195091
00.0000000227997701829352195091
00.0000000227997701829352195091
00.0000000227997701829352195091
00.0000000227997701829352195091
00.0000000227997701829352195091
00.0000000227997701829352195091
00.0000000227997701829352195091
00.0000000227997701829352195091
00.0000000227997701829352195091
00.0000000227997701829352195091
00.0000000227997701829352195091
00.0000000227997701829352195091
00.0000000227997701829352195091
00.0000000227997701829352195091
00.0000000227997701829352195091
00.0000000227997701829352195091
00.0000000227997701829352195091
00.0000000227997701829352195091
00.0000000227997701829352195091
00.0000000227997701829352195091
00.0000000227997701829352195091
00.0000000227997701829352195091
00.0000000227997701829352195091
00.0000000227997701829352195091
00.0000000227997701829352195091
00.0000000227997701829352195091
00.0000000227997701829352195091
00.0000000227997701829352195091
00.0000000227997701829352195091
00.0000000227997701829352195091
00.0000000227997701829352195091
00.0000000227997701829352195091
00.0000000227997701829352195091
00.0000000227997701829352195091
00.0000000227997701829352195091
00.0000000227997701829352195091
00.0000000227997701829352195091
00.0000000227997701829352195091
00.0000000227997701829352195091
00.0000000227997701829352195091
00.0000000227997701829352195091
00.0000000227997701829352195091
00.0000000227997701829352195091
00.0000000227997701829352195091
00.0000000227997701829352195091
00.0000000227997701829352195091
00.0000000227997701829352195091
00.0000000227997701829352195091
00.0000000227997701829352195091
00.0000000227997701829352195091
00.0000000227997701829352195091
00.0000000227997701829352195091
00.0000000227997701829352195091
00.0000000227997701829352195091
00.0000000227997701829352195091
00.0000000227997701829352195091
00.0000000227997701829352195091
00.0000000227997701829352195091
00.0000000227997701829352195091
00.0000000227997701829352195091
00.0000000227997701829352195091
00.0000000227997701829352195091
00.0000000227997701829352195091
00.0000000227997701829352195091
00.0000000227997701829352195091
00.0000000227997701829352195091
00.0000000227997701829352195091
00.0000000227997701829352195091
00.0000000227997701829352195091
00.0000000227997701829352195091
00.0000000227997701829352195091
00.0000000227997701829352195091
00.0000000227997701829352195091
00.0000000227997701829352195091
00.0000000227997701829352195091
00.0000000227997701829352195091
00.0000000227997701829352195091
00.0000000227997701829352195091
00.0000000227997701829352195091
00.0000000227997701829352195091
00.0000000227997701829352195091
00.0000000227997701829352195091
00.0000000227997701829352195091
00.0000000227997701829352195091
00.0000000227997701829352195091
00.0000000227997701829352195091
00.0000000227997701829352195091
00.0000000227997701829352195091
00.0000000227997701829352195091
00.0000000227997701829352195091
00.0000000227997701829352195091
00.0000000227997701829352195091
00.0000000227997701829352195091
00.0000000227997701829352195091
00.0000000227997701829352195091
00.0000000227997701829352195091
00.0000000227997701829352195091
00.0000000227997701829352195091
00.0000000227997701829352195091
00.0000000227997701829352195091
00.0000000227997701829352195091
00.0000000227997701829352195091
00.0000000227997701829352195091
00.0000000227997701829352195091
00.0000000227997701829352195091
00.0000000227997701829352195091
00.0000000227997701829352195091
00.0000000227997701829352195091
00.0000000227997701829352195091
00.0000000227997701829352195091
00.0000000227997701829352195091
00.0000000227997701829352195091
00.0000000227997701829352195091
00.0000000227997701829352195091
00.0000000227997701829352195091
00.0000000227997701829352195091
00.0000000227997701829352195091
00.0000000227997701829352195091
00.0000000227997701829352195091
00.0000000227997701829352195091
00.0000000227997701829352195091
00.0000000227997701829352195091
00.0000000227997701829352195091
00.0000000227997701829352195091
00.0000000227997701829352195091
00.0000000227997701829352195091
00.0000000227997701829352195091
00.0000000227997701829352195091
00.0000000227997701829352195091
00.0000000227997701829352195091
00.0000000227997701829352195091
00.0000000227997701829352195091
00.0000000227997701829352195091
00.0000000227997701829352195091
00.0000000227997701829352195091
00.0000000227997701829352195091
00.0000000227997701829352195091
00.0000000227997701829352195091
00.0000000227997701829352195091
00.0000000227997701829352195091
00.0000000227997701829352195091
00.0000000227997701829352195091
00.0000000227997701829352195091
00.0000000227997701829352195091
00.0000000227997701829352195091
00.0000000227997701829352195091
00.0000000227997701829352195091
00.0000000227997701829352195091
00.0000000227997701829352195091
00.0000000227997701829352195091
00.0000000227997701829352195091
00.0000000227997701829352195091
00.0000000227997701829352195091
00.0000000227997701829352195091
00.0000000227997701829352195091
00.0000000227997701829352195091
00.0000000227997701829352195091
00.0000000227997701829352195091
00.0000000227997701829352195091
00.0000000227997701829352195091
00.0000000227997701829352195091
00.0000000227997701829352195091
00.0000000227997701829352195091
00.0000000227997701829352195091
00.0000000227997701829352195091
00.0000000227997701829352195091
00.0000000227997701829352195091
00.0000000227997701829352195091
00.0000000227997701829352195091
00.0000000227997701829352195091
00.0000000227997701829352195091
00.0000000227997701829352195091
00.0000000227997701829352195091
00.0000000227997701829352195091
00.0000000227997701829352195091
00.0000000227997701829352195091
00.0000000227997701829352195091
00.0000000227997701829352195091
00.0000000227997701829352195091
00.0000000227997701829352195091
00.0000000227997701829352195091
00.0000000227997701829352195091
00.0000000227997701829352195091
00.0000000227997701829352195091
00.0000000227997701829352195091
00.0000000227997701829352195091
00.0000000227997701829352195091
00.0000000227997701829352195091
00.0000000227997701829352195091
00.0000000227997701829352195091
00.0000000227997701829352195091
00.0000000227997701829352195091
00.0000000227997701829352195091
00.0000000227997701829352195091
00.0000000227997701829352195091
00.0000000227997701829352195091
00.0000000227997701829352195091
00.0000000227997701829352195091
00.0000000227997701829352195091
00.0000000227997701829352195091
00.0000000227997701829352195091
00.0000000227997701829352195091
00.0000000227997701829352195091
00.0000000227997701829352195091
00.0000000227997701829352195091
00.0000000227997701829352195091
00.0000000227997701829352195091
00.0000000227997701829352195091
00.0000000227997701829352195091
00.0000000227997701829352195091
00.0000000227997701829352195091
00.0000000227997701829352195091
00.0000000227997701829352195091
00.0000000227997701829352195091
00.0000000227997701829352195091
00.0000000227997701829352195091
00.0000000227997701829352195091
00.0000000227997701829352195091
00.0000000227997701829352195091
00.0000000227997701829352195091
00.0000000227997701829352195091
00.0000000227997701829352195091
00.0000000227997701829352195091
00.0000000227997701829352195091
00.0000000227997701829352195091
00.0000000227997701829352195091
00.0000000227997701829352195091
00.0000000227997701829352195091
00.0000000227997701829352195091
00.0000000227997701829352195091
00.0000000227997701829352195091
00.0000000227997701829352195091
00.0000000227997701829352195091
00.0000000227997701829352195091
00.0000000227997701829352195091
00.0000000227997701829352195091
00.0000000227997701829352195091
00.0000000227997701829352195091
00.0000000227997701829352195091
00.0000000227997701829352195091
00.0000000227997701829352195091
00.0000000227997701829352195091
00.0000000227997701829352195091
00.0000000227997701829352195091
00.0000000227997701829352195091
00.0000000227997701829352195091
00.0000000227997701829352195091
00.0000000227997701829352195091
00.0000000227997701829352195091
00.0000000227997701829352195091
00.0000000227997701829352195091
00.0000000227997701829352195091
00.0000000227997701829352195091
00.0000000227997701829352195091
00.0000000227997701829352195091
00.0000000227997701829352195091
00.0000000227997701829352195091
00.0000000227997701829352195091
00.0000000227997701829352195091
00.0000000227997701829352195091
00.0000000227997701829352195091
00.0000000227997701829352195091
00.0000000227997701829352195091
00.0000000227997701829352195091
00.0000000227997701829352195091
00.0000000227997701829352195091
00.0000000227997701829352195091
00.0000000227997701829352195091
00.0000000227997701829352195091
00.0000000227997701829352195091
00.0000000227997701829352195091
00.0000000227997701829352195091
00.0000000227997701829352195091
00.0000000227997701829352195091
00.0000000227997701829352195091
00.0000000227997701829352195091
00.0000000227997701829352195091
00.0000000227997701829352195091
00.0000000227997701829352195091
00.0000000227997701829352195091
00.0000000227997701829352195091
00.0000000227997701829352195091
00.0000000227997701829352195091
00.0000000227997701829352195091
00.0000000227997701829352195091
00.0000000227997701829352195091
00.0000001195972906264941570953
00.0000001195972906264941570953
00.0000001195972906264941570953
00.0000001195972906264941570953
00.0000001195972906264941570953
00.0000001195972906264941570953
00.0000001195972906264941570953
00.0000001195972906264941570953
00.0000001195972906264941570953
00.0000001195972906264941570953
00.0000001195972906264941570953
00.0000001195972906264941570953
00.0000001195972906264941570953
00.0000001195972906264941570953
00.0000001195972906264941570953
00.0000001195972906264941570953
00.0000001195972906264941570953
00.0000001195972906264941570953
00.0000001195972906264941570953
00.0000001195972906264941570953
00.0000001195972906264941570953
00.0000001195972906264941570953
00.0000001195972906264941570953
00.0000001195972906264941570953
00.0000001195972906264941570953
00.0000001195972906264941570953
00.0000001195972906264941570953
00.0000001195972906264941570953
00.0000001195972906264941570953
00.0000001195972906264941570953
00.0000001195972906264941570953
00.0000001195972906264941570953
00.0000001195972906264941570953
00.0000001195972906264941570953
00.0000001195972906264941570953
00.0000001195972906264941570953
00.0000001195972906264941570953
00.0000001195972906264941570953
00.0000001195972906264941570953
00.0000001195972906264941570953
00.0000001195972906264941570953
00.0000001195972906264941570953
00.0000001195972906264941570953
00.0000001195972906264941570953
00.0000001195972906264941570953
00.0000001195972906264941570953
00.0000001195972906264941570953
00.0000001195972906264941570953
00.0000001195972906264941570953
00.0000001195972906264941570953
00.0000001195972906264941570953
00.0000001195972906264941570953
00.0000001195972906264941570953
00.0000001195972906264941570953
00.0000001195972906264941570953
00.0000001195972906264941570953
00.0000001195972906264941570953
00.0000001195972906264941570953
00.0000001195972906264941570953
00.0000001195972906264941570953
00.0000001195972906264941570953
00.0000001195972906264941570953
00.0000001195972906264941570953
00.0000001195972906264941570953
00.0000001195972906264941570953
00.0000001195972906264941570953
00.0000001195972906264941570953
00.0000001195972906264941570953
00.0000001195972906264941570953
00.0000001195972906264941570953
00.0000001195972906264941570953
00.0000001195972906264941570953
00.0000001195972906264941570953
00.0000001195972906264941570953
00.0000001195972906264941570953
00.0000001195972906264941570953
00.0000001195972906264941570953
00.0000001195972906264941570953
00.0000001195972906264941570953
00.0000001195972906264941570953
00.0000001195972906264941570953
00.0000001195972906264941570953
00.0000001195972906264941570953
00.0000001195972906264941570953
00.0000001195972906264941570953
00.0000001195972906264941570953
00.0000001195972906264941570953
00.0000001195972906264941570953
00.0000001195972906264941570953
00.0000001195972906264941570953
00.0000001195972906264941570953
00.0000001195972906264941570953
00.0000001195972906264941570953
00.0000001195972906264941570953
00.0000001195972906264941570953
00.0000001195972906264941570953
00.0000001195972906264941570953
00.0000001195972906264941570953
00.0000001195972906264941570953
00.0000001195972906264941570953
00.0000001195972906264941570953
00.0000001195972906264941570953
00.0000001195972906264941570953
00.0000001195972906264941570953
00.0000001195972906264941570953
00.0000001195972906264941570953
00.0000001195972906264941570953
00.0000001195972906264941570953
00.0000001195972906264941570953
00.0000001195972906264941570953
00.0000001195972906264941570953
00.0000001195972906264941570953
00.0000001195972906264941570953
00.0000001195972906264941570953
00.0000001195972906264941570953
00.0000001195972906264941570953
00.0000001195972906264941570953
00.0000001195972906264941570953
00.0000001195972906264941570953
00.0000001195972906264941570953
00.0000001195972906264941570953
00.0000001195972906264941570953
00.0000001195972906264941570953
00.0000001195972906264941570953
00.0000001195972906264941570953
00.0000001195972906264941570953
00.0000001195972906264941570953
00.0000001195972906264941570953
00.0000001195972906264941570953
00.0000001195972906264941570953
00.0000001195972906264941570953
00.0000001195972906264941570953
00.0000001195972906264941570953
00.0000001195972906264941570953
00.0000001195972906264941570953
00.0000001195972906264941570953
00.0000001195972906264941570953
00.0000001195972906264941570953
00.0000001195972906264941570953
00.0000001195972906264941570953
00.0000001195972906264941570953
00.0000001195972906264941570953
00.0000001195972906264941570953
00.0000001195972906264941570953
00.0000001195972906264941570953
00.0000001195972906264941570953
00.0000001195972906264941570953
00.0000001195972906264941570953
00.0000001195972906264941570953
00.0000001195972906264941570953
00.0000001195972906264941570953
00.0000001195972906264941570953
00.0000001195972906264941570953
00.0000001195972906264941570953
00.0000001195972906264941570953
00.0000001195972906264941570953
00.0000001195972906264941570953
00.0000001195972906264941570953
00.0000001195972906264941570953
00.0000001195972906264941570953
00.0000001195972906264941570953
00.0000001195972906264941570953
00.0000001195972906264941570953
00.0000001195972906264941570953
00.0000001195972906264941570953
00.0000001195972906264941570953
00.0000001195972906264941570953
00.0000001195972906264941570953
00.0000001195972906264941570953
00.0000001195972906264941570953
00.0000001195972906264941570953
00.0000001195972906264941570953
00.0000001195972906264941570953
00.0000001195972906264941570953
00.0000001195972906264941570953
00.0000001195972906264941570953
00.0000001195972906264941570953
00.0000001195972906264941570953
00.0000001195972906264941570953
00.0000001195972906264941570953
00.0000001195972906264941570953
00.0000001195972906264941570953
00.0000001195972906264941570953
00.0000001195972906264941570953
00.0000001195972906264941570953
00.0000001195972906264941570953
00.0000001195972906264941570953
00.0000001195972906264941570953
00.0000001195972906264941570953
00.0000001195972906264941570953
00.0000001195972906264941570953
00.0000001195972906264941570953
00.0000001195972906264941570953
00.0000001195972906264941570953
00.0000001195972906264941570953
00.0000001195972906264941570953
00.0000001195972906264941570953
00.0000001195972906264941570953
00.0000001195972906264941570953
00.0000001195972906264941570953
00.0000001195972906264941570953
00.0000001195972906264941570953
00.0000001195972906264941570953
00.0000001195972906264941570953
00.0000001195972906264941570953
00.0000001195972906264941570953
00.0000001195972906264941570953
00.0000001195972906264941570953
00.0000001195972906264941570953
00.0000001195972906264941570953
00.0000001195972906264941570953
00.0000001195972906264941570953
00.0000001195972906264941570953
00.0000001195972906264941570953
00.0000001195972906264941570953
00.0000001195972906264941570953
00.0000001195972906264941570953
00.0000001195972906264941570953
00.0000001195972906264941570953
00.0000001195972906264941570953
00.0000001195972906264941570953
00.0000001195972906264941570953
00.0000001195972906264941570953
00.0000001195972906264941570953
00.0000001195972906264941570953
00.0000001195972906264941570953
00.0000001195972906264941570953
00.0000001195972906264941570953
00.0000001195972906264941570953
00.0000001195972906264941570953
00.0000001195972906264941570953
00.0000001195972906264941570953
00.0000001195972906264941570953
00.0000001195972906264941570953
00.0000001195972906264941570953
00.0000001195972906264941570953
00.0000001195972906264941570953
00.0000001195972906264941570953
00.0000001195972906264941570953
00.0000001195972906264941570953
00.0000001195972906264941570953
00.0000001195972906264941570953
00.0000001195972906264941570953
00.0000001195972906264941570953
00.0000001195972906264941570953
00.0000001195972906264941570953
00.0000001195972906264941570953
00.0000001195972906264941570953
00.0000001195972906264941570953
00.0000001195972906264941570953
00.0000001195972906264941570953
00.0000001195972906264941570953
00.0000001195972906264941570953
00.0000001195972906264941570953
00.0000001195972906264941570953
00.0000001195972906264941570953
00.0000001195972906264941570953
00.0000001195972906264941570953
00.0000001195972906264941570953
00.0000001195972906264941570953
00.0000001195972906264941570953
00.0000001195972906264941570953
00.0000001195972906264941570953
00.0000001195972906264941570953
00.0000001195972906264941570953
00.0000001195972906264941570953
00.0000001195972906264941570953
00.0000001195972906264941570953
00.0000001195972906264941570953
00.0000001195972906264941570953
00.0000001195972906264941570953
00.0000001195972906264941570953
00.0000001195972906264941570953
00.0000001195972906264941570953
00.0000001195972906264941570953
00.0000001195972906264941570953
00.0000001195972906264941570953
00.0000001195972906264941570953
00.0000001195972906264941570953
00.0000001195972906264941570953
00.0000001195972906264941570953
00.0000001195972906264941570953
00.0000001195972906264941570953
00.0000001195972906264941570953
00.0000001195972906264941570953
00.0000001195972906264941570953
00.0000001195972906264941570953
00.0000001195972906264941570953
00.0000001195972906264941570953
00.0000001195972906264941570953
00.0000001195972906264941570953
00.0000001195972906264941570953
00.0000001195972906264941570953
00.0000001195972906264941570953
00.0000001195972906264941570953
00.0000001195972906264941570953
00.0000001195972906264941570953
00.0000001195972906264941570953
00.0000001195972906264941570953
00.0000001195972906264941570953
00.0000001195972906264941570953
00.0000001195972906264941570953
00.0000001195972906264941570953
00.0000001195972906264941570953
00.0000001195972906264941570953
00.0000001195972906264941570953
00.0000001195972906264941570953
00.0000001195972906264941570953
00.0000001195972906264941570953
00.0000001195972906264941570953
00.0000001195972906264941570953
00.0000001195972906264941570953
00.0000001195972906264941570953
00.0000001195972906264941570953
00.0000001195972906264941570953
00.0000001195972906264941570953
00.0000001195972906264941570953
00.0000001195972906264941570953
00.0000001195972906264941570953
00.0000001195972906264941570953
00.0000001195972906264941570953
00.0000001195972906264941570953
00.0000001195972906264941570953
00.0000001195972906264941570953
00.0000001195972906264941570953
00.0000001195972906264941570953
00.0000001195972906264941570953
00.0000001195972906264941570953
00.0000001195972906264941570953
00.0000001195972906264941570953
00.0000001195972906264941570953
00.0000001195972906264941570953
00.0000001195972906264941570953
00.0000001195972906264941570953
00.0000001195972906264941570953
00.0000001195972906264941570953
00.0000001195972906264941570953
00.0000001195972906264941570953
00.0000001195972906264941570953
00.0000001195972906264941570953
00.0000001195972906264941570953
00.0000001195972906264941570953
00.0000001195972906264941570953
00.0000001195972906264941570953
00.0000001195972906264941570953
00.0000001195972906264941570953
00.0000001195972906264941570953
00.0000001195972906264941570953
00.0000001195972906264941570953
00.0000001195972906264941570953
00.0000001195972906264941570953
00.0000001195972906264941570953
00.0000001195972906264941570953
00.0000001195972906264941570953
00.0000001195972906264941570953
00.0000001195972906264941570953
00.0000001195972906264941570953
00.0000001195972906264941570953
00.0000001195972906264941570953
00.0000001195972906264941570953
00.0000001195972906264941570953
00.0000001195972906264941570953
00.0000001195972906264941570953
00.0000001195972906264941570953
00.0000001195972906264941570953
00.0000001195972906264941570953
00.0000001195972906264941570953
00.0000001195972906264941570953
00.0000001195972906264941570953
00.0000001195972906264941570953
00.0000001195972906264941570953
00.0000001195972906264941570953
00.0000001195972906264941570953
00.0000001195972906264941570953
00.0000001195972906264941570953
00.0000001195972906264941570953
00.0000001195972906264941570953
00.0000001195972906264941570953
00.0000001195972906264941570953
00.0000001195972906264941570953
00.0000001195972906264941570953
00.0000001195972906264941570953
00.0000001195972906264941570953
00.0000001195972906264941570953
00.0000001195972906264941570953
00.0000001195972906264941570953
00.0000001195972906264941570953
00.0000001195972906264941570953
00.0000001195972906264941570953
00.0000001195972906264941570953
00.0000001195972906264941570953
00.0000001195972906264941570953
00.0000001195972906264941570953
00.0000001195972906264941570953
00.0000001195972906264941570953
00.0000001195972906264941570953
00.0000001195972906264941570953
00.0000001195972906264941570953
00.0000001195972906264941570953
00.0000001195972906264941570953
00.0000001195972906264941570953
00.0000001195972906264941570953
00.0000001195972906264941570953
00.0000001195972906264941570953
00.0000001195972906264941570953
00.0000001195972906264941570953
00.0000001195972906264941570953
00.0000001195972906264941570953
00.0000001195972906264941570953
00.0000001195972906264941570953
00.0000001195972906264941570953
00.0000001195972906264941570953
00.0000001195972906264941570953
00.0000001195972906264941570953
00.0000001195972906264941570953
00.0000001195972906264941570953
00.0000001195972906264941570953
00.0000001195972906264941570953
00.0000001195972906264941570953
00.0000001195972906264941570953
00.0000001195972906264941570953
00.0000001195972906264941570953
00.0000001195972906264941570953
00.0000001195972906264941570953
00.0000001195972906264941570953
00.0000001195972906264941570953
00.0000001195972906264941570953
00.0000001195972906264941570953
00.0000001195972906264941570953
00.0000001195972906264941570953
00.0000001195972906264941570953
00.0000001195972906264941570953
00.0000001195972906264941570953
00.0000001195972906264941570953
00.0000001195972906264941570953
00.0000001195972906264941570953
00.0000001195972906264941570953
00.0000001195972906264941570953
00.0000001195972906264941570953
00.0000001195972906264941570953
00.0000001195972906264941570953
00.0000001195972906264941570953
00.0000001195972906264941570953
00.0000001195972906264941570953
00.0000001195972906264941570953
00.0000001195972906264941570953
00.0000001195972906264941570953
00.0000001195972906264941570953
00.0000001195972906264941570953
00.0000001195972906264941570953
00.0000001195972906264941570953
00.0000001195972906264941570953
00.0000001195972906264941570953
00.0000001195972906264941570953
00.0000001195972906264941570953
00.0000001195972906264941570953
00.0000001195972906264941570953
00.0000001195972906264941570953
00.0000001195972906264941570953
00.0000001195972906264941570953
00.0000001195972906264941570953
00.0000001195972906264941570953
00.0000001195972906264941570953
00.0000001195972906264941570953
00.0000001195972906264941570953
00.0000001195972906264941570953
00.0000001195972906264941570953
00.0000001195972906264941570953
00.0000001195972906264941570953
00.0000001195972906264941570953
00.0000001195972906264941570953
00.0000001195972906264941570953
00.0000001195972906264941570953
00.0000001195972906264941570953
00.0000001195972906264941570953
00.0000001195972906264941570953
00.0000001195972906264941570953
00.0000001195972906264941570953
00.0000001195972906264941570953
00.0000001195972906264941570953
00.0000001195972906264941570953
00.0000001195972906264941570953
00.0000001195972906264941570953
00.0000001195972906264941570953
00.0000001195972906264941570953
00.0000001195972906264941570953
00.0000001195972906264941570953
00.0000001195972906264941570953
00.0000001195972906264941570953
00.0000001195972906264941570953
00.0000001195972906264941570953
00.0000001195972906264941570953
00.0000001195972906264941570953
00.0000001195972906264941570953
00.0000001195972906264941570953
00.0000001195972906264941570953
00.0000001195972906264941570953
00.0000001195972906264941570953
00.0000001195972906264941570953
00.0000001195972906264941570953
00.0000001195972906264941570953
00.0000001195972906264941570953
00.0000001195972906264941570953
00.0000001195972906264941570953
00.0000001195972906264941570953
00.0000001195972906264941570953
00.0000001195972906264941570953
00.0000001195972906264941570953
00.0000001195972906264941570953
00.0000001195972906264941570953
00.0000001195972906264941570953
00.0000001195972906264941570953
00.0000001195972906264941570953
00.0000001195972906264941570953
00.0000001195972906264941570953
00.0000001195972906264941570953
00.0000001195972906264941570953
00.0000001195972906264941570953
00.0000001195972906264941570953
00.0000001195972906264941570953
00.0000001195972906264941570953
00.0000001195972906264941570953
00.0000001195972906264941570953
00.0000001195972906264941570953
00.0000001195972906264941570953
00.0000001195972906264941570953
00.0000001195972906264941570953
00.0000001195972906264941570953
00.0000001195972906264941570953
00.0000001195972906264941570953
00.0000001195972906264941570953
00.0000001195972906264941570953
00.0000001195972906264941570953
00.0000001195972906264941570953
00.0000001195972906264941570953
00.0000001195972906264941570953
00.0000001195972906264941570953
00.0000001195972906264941570953
00.0000001195972906264941570953
00.0000001195972906264941570953
00.0000001195972906264941570953
00.0000001195972906264941570953
00.0000001195972906264941570953
00.0000001195972906264941570953
00.0000001195972906264941570953
00.0000001195972906264941570953
00.0000001195972906264941570953
00.0000001195972906264941570953
00.0000001195972906264941570953
00.0000001195972906264941570953
00.0000001195972906264941570953
00.0000001195972906264941570953
00.0000001195972906264941570953
00.0000001195972906264941570953
00.0000001195972906264941570953
00.0000001195972906264941570953
00.0000001195972906264941570953
00.0000001195972906264941570953
00.0000001195972906264941570953
00.0000001195972906264941570953
00.0000001195972906264941570953
00.0000001195972906264941570953
00.0000001195972906264941570953
00.0000001195972906264941570953
00.0000001195972906264941570953
00.0000001195972906264941570953
00.0000001195972906264941570953
00.0000001195972906264941570953
00.0000001195972906264941570953
00.0000001195972906264941570953
00.0000001195972906264941570953
00.0000001195972906264941570953
00.0000001195972906264941570953
00.0000001195972906264941570953
00.0000001195972906264941570953
00.0000001195972906264941570953
00.0000001195972906264941570953
00.0000001195972906264941570953
00.0000001195972906264941570953
00.0000001195972906264941570953
00.0000001195972906264941570953
00.0000001195972906264941570953
00.0000001195972906264941570953
00.0000001195972906264941570953
00.0000001195972906264941570953
00.0000001195972906264941570953
00.0000001195972906264941570953
00.0000001195972906264941570953
00.0000001195972906264941570953
00.0000001195972906264941570953
00.0000001195972906264941570953
00.0000001195972906264941570953
00.0000001195972906264941570953
00.0000001195972906264941570953
00.0000001195972906264941570953
00.0000001195972906264941570953
00.0000001195972906264941570953
00.0000001195972906264941570953
00.0000001195972906264941570953
00.0000001195972906264941570953
00.0000001195972906264941570953
00.0000001195972906264941570953
00.0000001195972906264941570953
00.0000001195972906264941570953
00.0000001195972906264941570953
00.0000001195972906264941570953
00.0000001195972906264941570953
00.0000001195972906264941570953
00.0000001195972906264941570953
00.0000001195972906264941570953
00.0000001195972906264941570953
00.0000001195972906264941570953
00.0000001195972906264941570953
00.0000001195972906264941570953
00.0000001195972906264941570953
00.0000001195972906264941570953
00.0000001195972906264941570953
00.0000001195972906264941570953
00.0000001195972906264941570953
00.0000001195972906264941570953
00.0000001195972906264941570953
00.0000001195972906264941570953
00.0000001195972906264941570953
00.0000001195972906264941570953
00.0000001195972906264941570953
00.0000001195972906264941570953
00.0000001195972906264941570953
00.0000001195972906264941570953
00.0000001195972906264941570953
00.0000001195972906264941570953
00.0000001195972906264941570953
00.0000001195972906264941570953
00.0000001195972906264941570953
00.0000001195972906264941570953
00.0000001195972906264941570953
00.0000001195972906264941570953
00.0000001195972906264941570953
00.0000001195972906264941570953
00.0000001195972906264941570953
00.0000001195972906264941570953
00.0000001195972906264941570953
00.0000001195972906264941570953
00.0000001195972906264941570953
00.0000001195972906264941570953
00.0000001195972906264941570953
00.0000001195972906264941570953
00.0000001195972906264941570953
00.0000001195972906264941570953
00.0000001195972906264941570953
00.0000001195972906264941570953
00.0000001195972906264941570953
00.0000001195972906264941570953
00.0000001195972906264941570953
00.0000001195972906264941570953
00.0000001195972906264941570953
00.0000001195972906264941570953
00.0000001195972906264941570953
00.0000001195972906264941570953
00.0000001195972906264941570953
00.0000001195972906264941570953
00.0000001195972906264941570953
00.0000001195972906264941570953
00.0000001195972906264941570953
00.0000001195972906264941570953
00.0000001195972906264941570953
00.0000001195972906264941570953
00.0000001195972906264941570953
00.0000001195972906264941570953
00.0000001195972906264941570953
00.0000001195972906264941570953
00.0000001195972906264941570953
00.0000001195972906264941570953
00.0000001195972906264941570953
00.0000001195972906264941570953
00.0000001195972906264941570953
00.0000001195972906264941570953
00.0000001195972906264941570953
00.0000001195972906264941570953
00.0000001195972906264941570953
00.0000001195972906264941570953
00.0000001195972906264941570953
00.0000001195972906264941570953
00.0000001195972906264941570953
00.0000001195972906264941570953
00.0000001195972906264941570953
00.0000001195972906264941570953
00.0000001195972906264941570953
00.0000001195972906264941570953
00.0000001195972906264941570953
00.0000001195972906264941570953
00.0000001195972906264941570953
00.0000001195972906264941570953
00.0000001195972906264941570953
00.0000001195972906264941570953
00.0000001195972906264941570953
00.0000001195972906264941570953
00.0000001195972906264941570953
00.0000001195972906264941570953
00.0000001195972906264941570953
00.0000001195972906264941570953
00.0000001195972906264941570953
00.0000001195972906264941570953
00.0000001195972906264941570953
00.0000001195972906264941570953
00.0000001195972906264941570953
00.0000001195972906264941570953
00.0000001195972906264941570953
00.0000001195972906264941570953
00.0000001195972906264941570953
00.0000001195972906264941570953
00.0000001195972906264941570953
00.0000001195972906264941570953
00.0000001195972906264941570953
00.0000001195972906264941570953
00.0000001195972906264941570953
00.0000001195972906264941570953
00.0000001195972906264941570953
00.0000001195972906264941570953
00.0000001195972906264941570953
00.0000001195972906264941570953
00.0000001195972906264941570953
00.0000001195972906264941570953
00.0000001195972906264941570953
00.0000001195972906264941570953
00.0000001195972906264941570953
00.0000001195972906264941570953
00.0000001195972906264941570953
00.0000001195972906264941570953
00.0000001195972906264941570953
00.0000001195972906264941570953
00.0000001195972906264941570953
00.0000001195972906264941570953
00.0000001195972906264941570953
00.0000001195972906264941570953
00.0000001195972906264941570953
00.0000001195972906264941570953
00.0000001195972906264941570953
00.0000001195972906264941570953
00.0000001195972906264941570953
00.0000001195972906264941570953
00.0000001195972906264941570953
00.0000001195972906264941570953
00.0000001195972906264941570953
00.0000001195972906264941570953
00.0000001195972906264941570953
00.0000001195972906264941570953
00.0000001195972906264941570953
00.0000001195972906264941570953
00.0000001195972906264941570953
00.0000001195972906264941570953
00.0000001195972906264941570953
00.0000001195972906264941570953
00.0000001195972906264941570953
00.0000001195972906264941570953
00.0000001195972906264941570953
00.0000001195972906264941570953
00.0000001195972906264941570953
00.0000001195972906264941570953
00.0000001195972906264941570953
00.0000001195972906264941570953
00.0000001195972906264941570953
00.0000001195972906264941570953
00.0000001195972906264941570953
00.0000001195972906264941570953
00.0000001195972906264941570953
00.0000001195972906264941570953
00.0000001195972906264941570953
00.0000001195972906264941570953
00.0000001195972906264941570953
00.0000001195972906264941570953
00.0000001195972906264941570953
00.0000001195972906264941570953
00.0000001195972906264941570953
00.0000001195972906264941570953
00.0000001195972906264941570953
00.0000001195972906264941570953
00.0000001195972906264941570953
00.0000001195972906264941570953
00.0000001195972906264941570953
00.0000001195972906264941570953
00.0000001195972906264941570953
00.0000001195972906264941570953
00.0000001195972906264941570953
00.0000001195972906264941570953
00.0000001195972906264941570953
00.0000001195972906264941570953
00.0000001195972906264941570953
00.0000001195972906264941570953
00.0000001195972906264941570953
00.0000001195972906264941570953
00.0000001195972906264941570953
00.0000001195972906264941570953
00.0000001195972906264941570953
00.0000001195972906264941570953
00.0000001195972906264941570953
00.0000001195972906264941570953
00.0000001195972906264941570953
00.0000001195972906264941570953
00.0000001195972906264941570953
00.0000001195972906264941570953
00.0000001195972906264941570953
00.0000001195972906264941570953
00.0000001195972906264941570953
00.0000001195972906264941570953
00.0000001195972906264941570953
00.0000001195972906264941570953
00.0000001195972906264941570953
00.0000001195972906264941570953
00.0000001195972906264941570953
00.0000001195972906264941570953
00.0000001195972906264941570953
00.0000001195972906264941570953
00.0000001195972906264941570953
00.0000001195972906264941570953
00.0000001195972906264941570953
00.0000001195972906264941570953
00.0000001195972906264941570953
00.0000001195972906264941570953
00.0000001195972906264941570953
00.0000001195972906264941570953
00.0000001195972906264941570953
00.0000001195972906264941570953
00.0000001195972906264941570953
00.0000001195972906264941570953
00.0000001195972906264941570953
00.0000001195972906264941570953
00.0000001195972906264941570953
00.0000001195972906264941570953
00.0000001195972906264941570953
00.0000001195972906264941570953
00.0000001195972906264941570953
00.0000001195972906264941570953
00.0000001195972906264941570953
00.0000001195972906264941570953
00.0000001195972906264941570953
00.0000001195972906264941570953
00.0000001195972906264941570953
00.0000001195972906264941570953
00.0000001195972906264941570953
00.0000001195972906264941570953
00.0000001195972906264941570953
00.0000001195972906264941570953
00.0000001195972906264941570953
00.0000001195972906264941570953
00.0000001195972906264941570953
00.0000001195972906264941570953
00.0000001195972906264941570953
00.0000001195972906264941570953
00.0000001195972906264941570953
00.0000001195972906264941570953
00.0000001195972906264941570953
00.0000001195972906264941570953
00.0000001195972906264941570953
00.0000001195972906264941570953
00.0000001195972906264941570953
00.0000001195972906264941570953
00.0000001195972906264941570953
00.0000001195972906264941570953
00.0000001195972906264941570953
00.0000001195972906264941570953
00.0000001195972906264941570953
00.0000001195972906264941570953
00.0000001195972906264941570953
00.0000001195972906264941570953
00.0000001195972906264941570953
00.0000001195972906264941570953
00.0000001195972906264941570953
00.0000001195972906264941570953
00.0000001195972906264941570953
00.0000001195972906264941570953
00.0000001195972906264941570953
00.0000001195972906264941570953
00.0000001195972906264941570953
00.0000001195972906264941570953
00.0000001195972906264941570953
00.0000001195972906264941570953
00.0000001195972906264941570953
00.0000001195972906264941570953
00.0000001195972906264941570953
00.0000001195972906264941570953
00.0000001195972906264941570953
00.0000001195972906264941570953
00.0000001195972906264941570953
00.0000001195972906264941570953
00.0000001195972906264941570953
00.0000001195972906264941570953
00.0000001195972906264941570953
00.0000001195972906264941570953
00.0000001195972906264941570953
00.0000001195972906264941570953
00.0000001195972906264941570953
00.0000001195972906264941570953
00.0000001195972906264941570953
00.0000001195972906264941570953
00.0000001195972906264941570953
00.0000001195972906264941570953
00.0000001195972906264941570953
00.0000001195972906264941570953
00.0000001195972906264941570953
00.0000001195972906264941570953
00.0000001195972906264941570953
00.0000001195972906264941570953
00.0000001195972906264941570953
00.0000001195972906264941570953
00.0000001195972906264941570953
00.0000001195972906264941570953
00.0000001195972906264941570953
00.0000001195972906264941570953
00.0000001195972906264941570953
00.0000001195972906264941570953
00.0000001195972906264941570953
00.0000001195972906264941570953
00.0000001195972906264941570953
00.0000001195972906264941570953
00.0000001195972906264941570953
00.0000001195972906264941570953
00.0000001195972906264941570953
00.0000001195972906264941570953
00.0000001195972906264941570953
00.0000001195972906264941570953
00.0000001195972906264941570953
00.0000001195972906264941570953
00.0000001195972906264941570953
00.0000001195972906264941570953
00.0000001195972906264941570953
00.0000001195972906264941570953
00.0000001195972906264941570953
00.0000001195972906264941570953
00.0000001195972906264941570953
00.0000001195972906264941570953
00.0000001195972906264941570953
00.0000001195972906264941570953
00.0000001195972906264941570953
00.0000001195972906264941570953
00.0000001195972906264941570953
00.0000001195972906264941570953
00.0000001195972906264941570953
00.0000001195972906264941570953
00.0000001195972906264941570953
00.0000001195972906264941570953
00.0000001195972906264941570953
00.0000001195972906264941570953
00.0000001195972906264941570953
00.0000001195972906264941570953
00.0000001195972906264941570953
00.0000001195972906264941570953
00.0000001195972906264941570953
00.0000001195972906264941570953
00.0000001195972906264941570953
00.0000001195972906264941570953
00.0000001195972906264941570953
00.0000001195972906264941570953
00.0000001195972906264941570953
00.0000001195972906264941570953
00.0000001195972906264941570953
00.0000001195972906264941570953
00.0000001195972906264941570953
00.0000001195972906264941570953
00.0000001195972906264941570953
00.0000001195972906264941570953
00.0000001195972906264941570953
00.0000001195972906264941570953
00.0000001195972906264941570953
00.0000001195972906264941570953
00.0000001195972906264941570953
00.0000001195972906264941570953
00.0000001195972906264941570953
00.0000001195972906264941570953
00.0000001195972906264941570953
00.0000001195972906264941570953
00.0000001195972906264941570953
00.0000001195972906264941570953
00.0000001195972906264941570953
00.0000001195972906264941570953
00.0000001195972906264941570953
00.0000001195972906264941570953
00.0000001195972906264941570953
00.0000001195972906264941570953
00.0000001195972906264941570953
00.0000001195972906264941570953
00.0000001195972906264941570953
00.0000001195972906264941570953
00.0000001195972906264941570953
00.0000001195972906264941570953
00.0000001195972906264941570953
00.0000001195972906264941570953
00.0000001195972906264941570953
00.0000001195972906264941570953
00.0000001195972906264941570953
00.0000001195972906264941570953
00.0000001195972906264941570953
00.0000001195972906264941570953
00.0000001195972906264941570953
00.0000001195972906264941570953
00.0000001195972906264941570953
00.0000001195972906264941570953
00.0000001195972906264941570953
00.0000001195972906264941570953
00.0000001195972906264941570953
00.0000001195972906264941570953
00.0000001398782731865111372827
00.0000001398782731865111372827
00.0000001398782731865111372827
00.0000001398782731865111372827
00.0000001398782731865111372827
00.0000001398782731865111372827
00.0000001398782731865111372827
00.0000001398782731865111372827
00.0000001398782731865111372827
00.0000001398782731865111372827
00.0000001398782731865111372827
00.0000001398782731865111372827
00.0000001398782731865111372827
00.0000001398782731865111372827
00.0000001398782731865111372827
00.0000001398782731865111372827
00.0000001398782731865111372827
00.0000001398782731865111372827
00.0000001398782731865111372827
00.0000001398782731865111372827
00.0000001398782731865111372827
00.0000001398782731865111372827
00.0000001398782731865111372827
00.0000001398782731865111372827
00.0000001398782731865111372827
00.0000001398782731865111372827
00.0000001398782731865111372827
00.0000001398782731865111372827
00.0000001398782731865111372827
00.0000001398782731865111372827
00.0000001398782731865111372827
00.0000001398782731865111372827
00.0000001398782731865111372827
00.0000001398782731865111372827
00.0000001398782731865111372827
00.0000001398782731865111372827
00.0000001398782731865111372827
00.0000001398782731865111372827
00.0000001398782731865111372827
00.0000001398782731865111372827
00.0000001398782731865111372827
00.0000001398782731865111372827
00.0000001398782731865111372827
00.0000001398782731865111372827
00.0000001398782731865111372827
00.0000001398782731865111372827
00.0000001398782731865111372827
00.0000001398782731865111372827
00.0000001398782731865111372827
00.0000001398782731865111372827
00.0000001398782731865111372827
00.0000001398782731865111372827
00.0000001398782731865111372827
00.0000001398782731865111372827
00.0000001398782731865111372827
00.0000001398782731865111372827
00.0000001398782731865111372827
00.0000001398782731865111372827
00.0000001398782731865111372827
00.0000001398782731865111372827
00.0000001398782731865111372827
00.0000001398782731865111372827
00.0000001398782731865111372827
00.0000001398782731865111372827
00.0000001398782731865111372827
00.0000001398782731865111372827
00.0000001398782731865111372827
00.0000001398782731865111372827
00.0000001398782731865111372827
00.0000001398782731865111372827
00.0000001398782731865111372827
00.0000001398782731865111372827
00.0000001398782731865111372827
00.0000001398782731865111372827
00.0000001398782731865111372827
00.0000001398782731865111372827
00.0000001398782731865111372827
00.0000001398782731865111372827
00.0000001398782731865111372827
00.0000001398782731865111372827
00.0000001398782731865111372827
00.0000001398782731865111372827
00.0000001398782731865111372827
00.0000001398782731865111372827
00.0000001398782731865111372827
00.0000001398782731865111372827
00.0000001398782731865111372827
00.0000001398782731865111372827
00.0000001398782731865111372827
00.0000001398782731865111372827
00.0000001398782731865111372827
00.0000001398782731865111372827
00.0000001398782731865111372827
00.0000001398782731865111372827
00.0000001398782731865111372827
00.0000001398782731865111372827
00.0000001398782731865111372827
00.0000001398782731865111372827
00.0000001398782731865111372827
00.0000001398782731865111372827
00.0000001398782731865111372827
00.0000001398782731865111372827
00.0000001398782731865111372827
00.0000001398782731865111372827
00.0000001398782731865111372827
00.0000001398782731865111372827
00.0000001398782731865111372827
00.0000001398782731865111372827
00.0000001398782731865111372827
00.0000001398782731865111372827
00.0000001398782731865111372827
00.0000001398782731865111372827
00.0000001398782731865111372827
00.0000001398782731865111372827
00.0000001398782731865111372827
00.0000001398782731865111372827
00.0000001398782731865111372827
00.0000001398782731865111372827
00.0000001398782731865111372827
00.0000001398782731865111372827
00.0000001398782731865111372827
00.0000001398782731865111372827
00.0000001398782731865111372827
00.0000001398782731865111372827
00.0000001398782731865111372827
00.0000001398782731865111372827
00.0000001398782731865111372827
00.0000001398782731865111372827
00.0000001398782731865111372827
00.0000001398782731865111372827
00.0000001398782731865111372827
00.0000001398782731865111372827
00.0000001398782731865111372827
00.0000001398782731865111372827
00.0000001398782731865111372827
00.0000001398782731865111372827
00.0000001398782731865111372827
00.0000001398782731865111372827
00.0000001398782731865111372827
00.0000001398782731865111372827
00.0000001398782731865111372827
00.0000001398782731865111372827
00.0000001398782731865111372827
00.0000001398782731865111372827
00.0000001398782731865111372827
00.0000001398782731865111372827
00.0000001398782731865111372827
00.0000001398782731865111372827
00.0000001398782731865111372827
00.0000001398782731865111372827
00.0000001398782731865111372827
00.0000001398782731865111372827
00.0000001398782731865111372827
00.0000001398782731865111372827
00.0000001398782731865111372827
00.0000001398782731865111372827
00.0000001398782731865111372827
00.0000001398782731865111372827
00.0000001398782731865111372827
00.0000001398782731865111372827
00.0000001398782731865111372827
00.0000001398782731865111372827
00.0000001398782731865111372827
00.0000001398782731865111372827
00.0000001398782731865111372827
00.0000001398782731865111372827
00.0000001398782731865111372827
00.0000001398782731865111372827
00.0000001398782731865111372827
00.0000001398782731865111372827
00.0000001398782731865111372827
00.0000001398782731865111372827
00.0000001398782731865111372827
00.0000001398782731865111372827
00.0000001398782731865111372827
00.0000001398782731865111372827
00.0000001398782731865111372827
00.0000001398782731865111372827
00.0000001398782731865111372827
00.0000001398782731865111372827
00.0000001398782731865111372827
00.0000001398782731865111372827
00.0000001398782731865111372827
00.0000001398782731865111372827
00.0000001398782731865111372827
00.0000001398782731865111372827
00.0000001398782731865111372827
00.0000001398782731865111372827
00.0000001398782731865111372827
00.0000001398782731865111372827
00.0000001398782731865111372827
00.0000001398782731865111372827
00.0000001398782731865111372827
00.0000001398782731865111372827
00.0000001398782731865111372827
00.0000001398782731865111372827
00.0000001398782731865111372827
00.0000001398782731865111372827
00.0000001398782731865111372827
00.0000001398782731865111372827
00.0000001398782731865111372827
00.0000001398782731865111372827
00.0000001398782731865111372827
00.0000001398782731865111372827
00.0000001398782731865111372827
00.0000001398782731865111372827
00.0000001398782731865111372827
00.0000001398782731865111372827
00.0000001398782731865111372827
00.0000001398782731865111372827
00.0000001398782731865111372827
00.0000001398782731865111372827
00.0000001398782731865111372827
00.0000001398782731865111372827
00.0000001398782731865111372827
00.0000001398782731865111372827
00.0000001398782731865111372827
00.0000001398782731865111372827
00.0000001398782731865111372827
00.0000001398782731865111372827
00.0000001398782731865111372827
00.0000001398782731865111372827
00.0000001398782731865111372827
00.0000001398782731865111372827
00.0000001398782731865111372827
00.0000001398782731865111372827
00.0000001398782731865111372827
00.0000001398782731865111372827
00.0000001398782731865111372827
00.0000001398782731865111372827
00.0000001398782731865111372827
00.0000001398782731865111372827
00.0000001398782731865111372827
00.0000001398782731865111372827
00.0000001398782731865111372827
00.0000001398782731865111372827
00.0000001398782731865111372827
00.0000001398782731865111372827
00.0000001398782731865111372827
00.0000001398782731865111372827
00.0000001398782731865111372827
00.0000001398782731865111372827
00.0000001398782731865111372827
00.0000001398782731865111372827
00.0000001398782731865111372827
00.0000001398782731865111372827
00.0000001398782731865111372827
00.0000001398782731865111372827
00.0000001398782731865111372827
00.0000001398782731865111372827
00.0000001398782731865111372827
00.0000001398782731865111372827
00.0000001398782731865111372827
00.0000001398782731865111372827
00.0000001398782731865111372827
00.0000001398782731865111372827
00.0000001398782731865111372827
00.0000001398782731865111372827
00.0000001398782731865111372827
00.0000001398782731865111372827
00.0000001398782731865111372827
00.0000001398782731865111372827
00.0000001398782731865111372827
00.0000001398782731865111372827
00.0000001398782731865111372827
00.0000001398782731865111372827
00.0000001398782731865111372827
00.0000001398782731865111372827
00.0000001398782731865111372827
00.0000001398782731865111372827
00.0000001398782731865111372827
00.0000001398782731865111372827
00.0000001398782731865111372827
00.0000001398782731865111372827
00.0000001398782731865111372827
00.0000001398782731865111372827
00.0000001398782731865111372827
00.0000001398782731865111372827
00.0000001398782731865111372827
00.0000001398782731865111372827
00.0000001398782731865111372827
00.0000001398782731865111372827
00.0000001398782731865111372827
00.0000001398782731865111372827
00.0000001398782731865111372827
00.0000001398782731865111372827
00.0000001398782731865111372827
00.0000001398782731865111372827
00.0000001398782731865111372827
00.0000001398782731865111372827
00.0000001398782731865111372827
00.0000001398782731865111372827
00.0000001398782731865111372827
00.0000001398782731865111372827
00.0000001398782731865111372827
00.0000001398782731865111372827
00.0000001398782731865111372827
00.0000001398782731865111372827
00.0000001398782731865111372827
00.0000001398782731865111372827
00.0000001398782731865111372827
00.0000001398782731865111372827
00.0000001398782731865111372827
00.0000001398782731865111372827
00.0000001398782731865111372827
00.0000001398782731865111372827
00.0000001398782731865111372827
00.0000001398782731865111372827
00.0000001398782731865111372827
00.0000001398782731865111372827
00.0000001398782731865111372827
00.0000001398782731865111372827
00.0000001398782731865111372827
00.0000001398782731865111372827
00.0000001398782731865111372827
00.0000001398782731865111372827
00.0000001398782731865111372827
00.0000001398782731865111372827
00.0000001398782731865111372827
00.0000001398782731865111372827
00.0000001398782731865111372827
00.0000001398782731865111372827
00.0000001398782731865111372827
00.0000001398782731865111372827
00.0000001398782731865111372827
00.0000001398782731865111372827
00.0000001398782731865111372827
00.0000001398782731865111372827
00.0000001398782731865111372827
00.0000001398782731865111372827
00.0000001398782731865111372827
00.0000001398782731865111372827
00.0000001398782731865111372827
00.0000001398782731865111372827
00.0000001398782731865111372827
00.0000001398782731865111372827
00.0000001398782731865111372827
00.0000001398782731865111372827
00.0000001398782731865111372827
00.0000001398782731865111372827
00.0000001398782731865111372827
00.0000001398782731865111372827
00.0000001398782731865111372827
00.0000001398782731865111372827
00.0000001398782731865111372827
00.0000001398782731865111372827
00.0000001398782731865111372827
00.0000001398782731865111372827
00.0000001398782731865111372827
00.0000001398782731865111372827
00.0000001398782731865111372827
00.0000001398782731865111372827
00.0000001398782731865111372827
00.0000001398782731865111372827
00.0000001398782731865111372827
00.0000001398782731865111372827
00.0000001398782731865111372827
00.0000001398782731865111372827
00.0000001398782731865111372827
00.0000001398782731865111372827
00.0000001398782731865111372827
00.0000001398782731865111372827
00.0000001398782731865111372827
00.0000001398782731865111372827
00.0000001398782731865111372827
00.0000001398782731865111372827
00.0000001398782731865111372827
00.0000001398782731865111372827
00.0000001398782731865111372827
00.0000001398782731865111372827
00.0000001398782731865111372827
00.0000001398782731865111372827
00.0000001398782731865111372827
00.0000001398782731865111372827
00.0000001398782731865111372827
00.0000001398782731865111372827
00.0000001398782731865111372827
00.0000001398782731865111372827
00.0000001398782731865111372827
00.0000001398782731865111372827
00.0000001398782731865111372827
00.0000001398782731865111372827
00.0000001398782731865111372827
00.0000001398782731865111372827
00.0000001398782731865111372827
00.0000001398782731865111372827
00.0000001398782731865111372827
00.0000001398782731865111372827
00.0000001398782731865111372827
00.0000001398782731865111372827
00.0000001398782731865111372827
00.0000001398782731865111372827
00.0000001398782731865111372827
00.0000001398782731865111372827
00.0000001398782731865111372827
00.0000001398782731865111372827
00.0000001398782731865111372827
00.0000001398782731865111372827
00.0000001398782731865111372827
00.0000001398782731865111372827
00.0000001398782731865111372827
00.0000001398782731865111372827
00.0000001398782731865111372827
00.0000001398782731865111372827
00.0000001398782731865111372827
00.0000001398782731865111372827
00.0000001398782731865111372827
00.0000001398782731865111372827
00.0000001398782731865111372827
00.0000001398782731865111372827
00.0000001398782731865111372827
00.0000001398782731865111372827
00.0000001398782731865111372827
00.0000001398782731865111372827
00.0000001398782731865111372827
00.0000001398782731865111372827
00.0000001398782731865111372827
00.0000001398782731865111372827
00.0000001398782731865111372827
00.0000001398782731865111372827
00.0000001398782731865111372827
00.0000001398782731865111372827
00.0000001398782731865111372827
00.0000001398782731865111372827
00.0000001398782731865111372827
00.0000001398782731865111372827
00.0000001398782731865111372827
00.0000001398782731865111372827
00.0000001398782731865111372827
00.0000001398782731865111372827
00.0000001398782731865111372827
00.0000001398782731865111372827
00.0000001398782731865111372827
00.0000001398782731865111372827
00.0000001398782731865111372827
00.0000001398782731865111372827
00.0000001398782731865111372827
00.0000001398782731865111372827
00.0000001398782731865111372827
00.0000001398782731865111372827
00.0000001398782731865111372827
00.0000001398782731865111372827
00.0000001398782731865111372827
00.0000001398782731865111372827
00.0000001398782731865111372827
00.0000001398782731865111372827
00.0000001398782731865111372827
00.0000001398782731865111372827
00.0000001398782731865111372827
00.0000001398782731865111372827
00.0000001398782731865111372827
00.0000001398782731865111372827
00.0000001398782731865111372827
00.0000001398782731865111372827
00.0000001398782731865111372827
00.0000001398782731865111372827
00.0000001398782731865111372827
00.0000001398782731865111372827
00.0000001398782731865111372827
00.0000001398782731865111372827
00.0000001398782731865111372827
00.0000001398782731865111372827
00.0000001398782731865111372827
00.0000001398782731865111372827
00.0000001398782731865111372827
00.0000001398782731865111372827
00.0000001398782731865111372827
00.0000001398782731865111372827
00.0000001398782731865111372827
00.0000001398782731865111372827
00.0000001398782731865111372827
00.0000001398782731865111372827
00.0000001398782731865111372827
00.0000001398782731865111372827
00.0000001398782731865111372827
00.0000001398782731865111372827
00.0000001398782731865111372827
00.0000001398782731865111372827
00.0000001398782731865111372827
00.0000001398782731865111372827
00.0000001398782731865111372827
00.0000001398782731865111372827
00.0000001398782731865111372827
00.0000001398782731865111372827
00.0000001398782731865111372827
00.0000001398782731865111372827
00.0000001398782731865111372827
00.0000001398782731865111372827
00.0000001398782731865111372827
00.0000001398782731865111372827
00.0000001398782731865111372827
00.0000001398782731865111372827
00.0000001398782731865111372827
00.0000001398782731865111372827
00.0000001398782731865111372827
00.0000001398782731865111372827
00.0000001398782731865111372827
00.0000001398782731865111372827
00.0000001398782731865111372827
00.0000001398782731865111372827
00.0000001398782731865111372827
00.0000001398782731865111372827
00.0000001398782731865111372827
00.0000001398782731865111372827
00.0000001398782731865111372827
00.0000001398782731865111372827
00.0000001398782731865111372827
00.0000001398782731865111372827
00.0000001398782731865111372827
00.0000001398782731865111372827
00.0000001398782731865111372827
00.0000001398782731865111372827
00.0000001398782731865111372827
00.0000001398782731865111372827
00.0000001398782731865111372827
00.0000001398782731865111372827
00.0000001398782731865111372827
00.0000001398782731865111372827
00.0000001398782731865111372827
00.0000001398782731865111372827
00.0000001398782731865111372827
00.0000001398782731865111372827
00.0000001398782731865111372827
00.0000001398782731865111372827
00.0000001398782731865111372827
00.0000001398782731865111372827
00.0000001398782731865111372827
00.0000001398782731865111372827
00.0000001398782731865111372827
00.0000001398782731865111372827
00.0000001398782731865111372827
00.0000001398782731865111372827
00.0000001398782731865111372827
00.0000001398782731865111372827
00.0000001398782731865111372827
00.0000001398782731865111372827
00.0000001398782731865111372827
00.0000001398782731865111372827
00.0000001398782731865111372827
00.0000001398782731865111372827
00.0000001398782731865111372827
00.0000001398782731865111372827
00.0000001398782731865111372827
00.0000001398782731865111372827
00.0000001398782731865111372827
00.0000001398782731865111372827
00.0000001398782731865111372827
00.0000001398782731865111372827
00.0000001398782731865111372827
00.0000001398782731865111372827
00.0000001398782731865111372827
00.0000001398782731865111372827
00.0000001398782731865111372827
00.0000001398782731865111372827
00.0000001398782731865111372827
00.0000001398782731865111372827
00.0000001398782731865111372827
00.0000001398782731865111372827
00.0000001398782731865111372827
00.0000001398782731865111372827
00.0000001398782731865111372827
00.0000001398782731865111372827
00.0000001398782731865111372827
00.0000001398782731865111372827
00.0000001398782731865111372827
00.0000001398782731865111372827
00.0000001398782731865111372827
00.0000001398782731865111372827
00.0000001398782731865111372827
00.0000001398782731865111372827
00.0000001398782731865111372827
00.0000001398782731865111372827
00.0000001398782731865111372827
00.0000001398782731865111372827
00.0000001398782731865111372827
00.0000001398782731865111372827
00.0000001398782731865111372827
00.0000001398782731865111372827
00.0000001398782731865111372827
00.0000001398782731865111372827
00.0000001398782731865111372827
00.0000001398782731865111372827
00.0000001398782731865111372827
00.0000001398782731865111372827
00.0000001398782731865111372827
00.0000001398782731865111372827
00.0000001398782731865111372827
00.0000001398782731865111372827
00.0000001398782731865111372827
00.0000001398782731865111372827
00.0000001398782731865111372827
00.0000001398782731865111372827
00.0000001398782731865111372827
00.0000001398782731865111372827
00.0000001398782731865111372827
00.0000001398782731865111372827
00.0000001398782731865111372827
00.0000001398782731865111372827
00.0000001398782731865111372827
00.0000001398782731865111372827
00.0000001398782731865111372827
00.0000001398782731865111372827
00.0000001398782731865111372827
00.0000001398782731865111372827
00.0000001398782731865111372827
00.0000001398782731865111372827
00.0000001398782731865111372827
00.0000001398782731865111372827
00.0000001398782731865111372827
00.0000001398782731865111372827
00.0000001398782731865111372827
00.0000001398782731865111372827
00.0000001398782731865111372827
00.0000001398782731865111372827
00.0000001398782731865111372827
00.0000001398782731865111372827
00.0000001398782731865111372827
00.0000001398782731865111372827
00.0000001398782731865111372827
00.0000001398782731865111372827
00.0000001398782731865111372827
00.0000001398782731865111372827
00.0000001398782731865111372827
00.0000001398782731865111372827
00.0000001398782731865111372827
00.0000001398782731865111372827
00.0000001398782731865111372827
00.0000001398782731865111372827
00.0000001398782731865111372827
00.0000001398782731865111372827
00.0000001398782731865111372827
00.0000001398782731865111372827
00.0000001398782731865111372827
00.0000001398782731865111372827
00.0000001398782731865111372827
00.0000001398782731865111372827
00.0000001398782731865111372827
00.0000001398782731865111372827
00.0000001398782731865111372827
00.0000001398782731865111372827
00.0000001398782731865111372827
00.0000001398782731865111372827
00.0000001398782731865111372827
00.0000001398782731865111372827
00.0000001398782731865111372827
00.0000001398782731865111372827
00.0000001398782731865111372827
00.0000001398782731865111372827
00.0000001398782731865111372827
00.0000001398782731865111372827
00.0000001398782731865111372827
00.0000001398782731865111372827
00.0000001398782731865111372827
00.0000001398782731865111372827
00.0000001398782731865111372827
00.0000001398782731865111372827
00.0000001398782731865111372827
00.0000001398782731865111372827
00.0000001398782731865111372827
00.0000001398782731865111372827
00.0000001398782731865111372827
00.0000001398782731865111372827
00.0000001398782731865111372827
00.0000001398782731865111372827
00.0000001398782731865111372827
00.0000001398782731865111372827
00.0000001398782731865111372827
00.0000001398782731865111372827
00.0000001398782731865111372827
00.0000001398782731865111372827
00.0000001398782731865111372827
00.0000001398782731865111372827
00.0000001398782731865111372827
00.0000001398782731865111372827
00.0000001398782731865111372827
00.0000001398782731865111372827
00.0000001398782731865111372827
00.0000001398782731865111372827
00.0000001398782731865111372827
00.0000001398782731865111372827
00.0000001398782731865111372827
00.0000001398782731865111372827
00.0000001398782731865111372827
00.0000001398782731865111372827
00.0000001398782731865111372827
00.0000001398782731865111372827
00.0000001398782731865111372827
00.0000001398782731865111372827
00.0000001398782731865111372827
00.0000001398782731865111372827
00.0000001398782731865111372827
00.0000001398782731865111372827
00.0000001398782731865111372827
00.0000001398782731865111372827
00.0000001398782731865111372827
00.0000001398782731865111372827
00.0000001398782731865111372827
00.0000001398782731865111372827
00.0000001398782731865111372827
00.0000001398782731865111372827
00.0000001398782731865111372827
00.0000001398782731865111372827
00.0000001398782731865111372827
00.0000001398782731865111372827
00.0000001398782731865111372827
00.0000001398782731865111372827
00.0000001398782731865111372827
00.0000001398782731865111372827
00.0000001398782731865111372827
00.0000001398782731865111372827
00.0000001398782731865111372827
00.0000001398782731865111372827
00.0000001398782731865111372827
00.0000001398782731865111372827
00.0000001398782731865111372827
00.0000001398782731865111372827
00.0000001398782731865111372827
00.0000001398782731865111372827
00.0000001398782731865111372827
00.0000001398782731865111372827
00.0000001398782731865111372827
00.0000001398782731865111372827
00.0000001398782731865111372827
00.0000001398782731865111372827
00.0000001398782731865111372827
00.0000001398782731865111372827
00.0000001398782731865111372827
00.0000001398782731865111372827
00.0000001398782731865111372827
00.0000001398782731865111372827
00.0000001398782731865111372827
00.0000001398782731865111372827
00.0000001398782731865111372827
00.0000001398782731865111372827
00.0000001398782731865111372827
00.0000001398782731865111372827
00.0000001398782731865111372827
00.0000001398782731865111372827
00.0000001398782731865111372827
00.0000001398782731865111372827
00.0000001398782731865111372827
00.0000001398782731865111372827
00.0000001398782731865111372827
00.0000001398782731865111372827
00.0000001398782731865111372827
00.0000001398782731865111372827
00.0000001398782731865111372827
00.0000001398782731865111372827
00.0000001398782731865111372827
00.0000001398782731865111372827
00.0000001398782731865111372827
00.0000001398782731865111372827
00.0000001398782731865111372827
00.0000001398782731865111372827
00.0000001398782731865111372827
00.0000001398782731865111372827
00.0000001398782731865111372827
00.0000001398782731865111372827
00.0000001398782731865111372827
00.0000001398782731865111372827
00.0000001398782731865111372827
00.0000001398782731865111372827
00.0000001398782731865111372827
00.0000001398782731865111372827
00.0000001398782731865111372827
00.0000001398782731865111372827
00.0000001398782731865111372827
00.0000001398782731865111372827
00.0000001398782731865111372827
00.0000001398782731865111372827
00.0000001398782731865111372827
00.0000001398782731865111372827
00.0000001398782731865111372827
00.0000001398782731865111372827
00.0000001398782731865111372827
00.0000001398782731865111372827
00.0000001398782731865111372827
00.0000001398782731865111372827
00.0000001398782731865111372827
00.0000001398782731865111372827
00.0000001398782731865111372827
00.0000001398782731865111372827
00.0000001398782731865111372827
00.0000001398782731865111372827
00.0000001398782731865111372827
00.0000001398782731865111372827
00.0000001398782731865111372827
00.0000001398782731865111372827
00.0000001398782731865111372827
00.0000001398782731865111372827
00.0000001398782731865111372827
00.0000001398782731865111372827
00.0000001398782731865111372827
00.0000001398782731865111372827
00.0000001398782731865111372827
00.0000001398782731865111372827
00.0000001398782731865111372827
00.0000001398782731865111372827
00.0000001398782731865111372827
00.0000001398782731865111372827
00.0000001398782731865111372827
00.0000001398782731865111372827
00.0000001398782731865111372827
00.0000001398782731865111372827
00.0000001398782731865111372827
00.0000001398782731865111372827
00.0000001398782731865111372827
00.0000001398782731865111372827
00.0000001398782731865111372827
00.0000001398782731865111372827
00.0000001398782731865111372827
00.0000001398782731865111372827
00.0000001398782731865111372827
00.0000001398782731865111372827
00.0000001398782731865111372827
00.0000001398782731865111372827
00.0000001398782731865111372827
00.0000001398782731865111372827
00.0000001398782731865111372827
00.0000001398782731865111372827
00.0000001398782731865111372827
00.0000001398782731865111372827
00.0000001398782731865111372827
00.0000001398782731865111372827
00.0000001398782731865111372827
00.0000001398782731865111372827
00.0000001398782731865111372827
00.0000001398782731865111372827
00.0000001398782731865111372827
00.0000001398782731865111372827
00.0000001398782731865111372827
00.0000001398782731865111372827
00.0000001398782731865111372827
00.0000001398782731865111372827
00.0000001398782731865111372827
00.0000001398782731865111372827
00.0000001398782731865111372827
00.0000001398782731865111372827
00.0000001398782731865111372827
00.0000001398782731865111372827
00.0000001398782731865111372827
00.0000001398782731865111372827
00.0000001398782731865111372827
00.0000001398782731865111372827
00.0000001398782731865111372827
00.0000001398782731865111372827
00.0000001398782731865111372827
00.0000001398782731865111372827
00.0000001398782731865111372827
00.0000001398782731865111372827
00.0000001398782731865111372827
00.0000001398782731865111372827
00.0000001398782731865111372827
00.0000001398782731865111372827
00.0000001398782731865111372827
00.0000001398782731865111372827
00.0000001398782731865111372827
00.0000001398782731865111372827
00.0000001398782731865111372827
00.0000001398782731865111372827
00.0000001398782731865111372827
00.0000001398782731865111372827
00.0000001398782731865111372827
00.0000001398782731865111372827
00.0000001398782731865111372827
00.0000001398782731865111372827
00.0000001398782731865111372827
00.0000001398782731865111372827
00.0000001398782731865111372827
00.0000001398782731865111372827
00.0000001398782731865111372827
00.0000001398782731865111372827
00.0000001398782731865111372827
00.0000001398782731865111372827
00.0000001398782731865111372827
00.0000001398782731865111372827
00.0000001398782731865111372827
00.0000001398782731865111372827
00.0000001398782731865111372827
00.0000001398782731865111372827
00.0000001398782731865111372827
00.0000001398782731865111372827
00.0000001398782731865111372827
00.0000001398782731865111372827
00.0000001398782731865111372827
00.0000001398782731865111372827
00.0000001398782731865111372827
00.0000001398782731865111372827
00.0000001398782731865111372827
00.0000001398782731865111372827
00.0000001398782731865111372827
00.0000001398782731865111372827
00.0000001398782731865111372827
00.0000001398782731865111372827
00.0000001398782731865111372827
00.0000001398782731865111372827
00.0000001398782731865111372827
00.0000001398782731865111372827
00.0000001398782731865111372827
00.0000001398782731865111372827
00.0000001398782731865111372827
00.0000001398782731865111372827
00.0000001398782731865111372827
00.0000001398782731865111372827
00.0000001398782731865111372827
00.0000001398782731865111372827
00.0000001398782731865111372827
00.0000001398782731865111372827
00.0000001398782731865111372827
00.0000001398782731865111372827
00.0000001398782731865111372827
00.0000001398782731865111372827
00.0000001398782731865111372827
00.0000001398782731865111372827
00.0000001398782731865111372827
00.0000001398782731865111372827
00.0000001398782731865111372827
00.0000001398782731865111372827
00.0000001398782731865111372827
00.0000001398782731865111372827
00.0000001398782731865111372827
00.0000001398782731865111372827
00.0000001398782731865111372827
00.0000001398782731865111372827
00.0000001398782731865111372827
00.0000001398782731865111372827
00.0000001398782731865111372827
00.0000001398782731865111372827
00.0000001398782731865111372827
00.0000001398782731865111372827
00.0000001398782731865111372827
00.0000001398782731865111372827
00.0000001398782731865111372827
00.0000001398782731865111372827
00.0000001398782731865111372827
00.0000001398782731865111372827
00.0000001398782731865111372827
00.0000001398782731865111372827
00.0000001398782731865111372827
00.0000001398782731865111372827
00.0000001398782731865111372827
00.0000001398782731865111372827
00.0000001398782731865111372827
00.0000001398782731865111372827
00.0000001398782731865111372827
00.0000001398782731865111372827
00.0000001398782731865111372827
00.0000001398782731865111372827
00.0000001398782731865111372827
00.0000001398782731865111372827
00.0000001398782731865111372827
00.0000001398782731865111372827
00.0000001398782731865111372827
00.0000001398782731865111372827
00.0000001398782731865111372827
00.0000001398782731865111372827
00.0000001398782731865111372827
00.0000001398782731865111372827
00.0000001398782731865111372827
00.0000001398782731865111372827
00.0000001398782731865111372827
00.0000001398782731865111372827
00.0000001398782731865111372827
00.0000001398782731865111372827
00.0000001398782731865111372827
00.0000001398782731865111372827
00.0000001398782731865111372827
00.0000001398782731865111372827
00.0000001398782731865111372827
00.0000001398782731865111372827
00.0000001398782731865111372827
00.0000001398782731865111372827
00.0000001398782731865111372827
00.0000001398782731865111372827
00.0000001398782731865111372827
00.0000001398782731865111372827
00.0000001398782731865111372827
00.0000001398782731865111372827
00.0000001398782731865111372827
00.0000001398782731865111372827
00.0000001398782731865111372827
00.0000001398782731865111372827
00.0000001398782731865111372827
00.0000001398782731865111372827
00.0000001398782731865111372827
00.0000001398782731865111372827
00.0000001398782731865111372827
00.0000001398782731865111372827
00.0000001398782731865111372827
00.0000001398782731865111372827
00.0000001398782731865111372827
00.0000001398782731865111372827
00.0000001398782731865111372827
00.0000001398782731865111372827
00.0000001398782731865111372827
00.0000001398782731865111372827
00.0000001398782731865111372827
00.0000001398782731865111372827
00.0000001398782731865111372827
00.0000001398782731865111372827
00.0000000269001345643005151942
00.0000000269001345643005151942
00.0000000269001345643005151942
00.0000000269001345643005151942
00.0000000269001345643005151942
00.0000000269001345643005151942
00.0000000269001345643005151942
00.0000000269001345643005151942
00.0000000269001345643005151942
00.0000000269001345643005151942
00.0000000269001345643005151942
00.0000000269001345643005151942
00.0000000269001345643005151942
00.0000000269001345643005151942
00.0000000269001345643005151942
00.0000000269001345643005151942
00.0000000269001345643005151942
00.0000000269001345643005151942
00.0000000269001345643005151942
00.0000000269001345643005151942
00.0000000269001345643005151942
00.0000000269001345643005151942
00.0000000269001345643005151942
00.0000000269001345643005151942
00.0000000269001345643005151942
00.0000000269001345643005151942
00.0000000269001345643005151942
00.0000000269001345643005151942
00.0000000269001345643005151942
00.0000000269001345643005151942
00.0000000269001345643005151942
00.0000000269001345643005151942
00.0000000269001345643005151942
00.0000000269001345643005151942
00.0000000269001345643005151942
00.0000000269001345643005151942
00.0000000269001345643005151942
00.0000000269001345643005151942
00.0000000269001345643005151942
00.0000000269001345643005151942
00.0000000269001345643005151942
00.0000000269001345643005151942
00.0000000269001345643005151942
00.0000000269001345643005151942
00.0000000269001345643005151942
00.0000000269001345643005151942
00.0000000269001345643005151942
00.0000000269001345643005151942
00.0000000269001345643005151942
00.0000000269001345643005151942
00.0000000269001345643005151942
00.0000000269001345643005151942
00.0000000269001345643005151942
00.0000000269001345643005151942
00.0000000269001345643005151942
00.0000000269001345643005151942
00.0000000269001345643005151942
00.0000000269001345643005151942
00.0000000269001345643005151942
00.0000000269001345643005151942
00.0000000269001345643005151942
00.0000000269001345643005151942
00.0000000269001345643005151942
00.0000000269001345643005151942
00.0000000269001345643005151942
00.0000000269001345643005151942
00.0000000269001345643005151942
00.0000000269001345643005151942
00.0000000269001345643005151942
00.0000000269001345643005151942
00.0000000269001345643005151942
00.0000000269001345643005151942
00.0000000269001345643005151942
00.0000000269001345643005151942
00.0000000269001345643005151942
00.0000000269001345643005151942
00.0000000269001345643005151942
00.0000000269001345643005151942
00.0000000269001345643005151942
00.0000000269001345643005151942
00.0000000269001345643005151942
00.0000000269001345643005151942
00.0000000269001345643005151942
00.0000000269001345643005151942
00.0000000269001345643005151942
00.0000000269001345643005151942
00.0000000269001345643005151942
00.0000000269001345643005151942
00.0000000269001345643005151942
00.0000000269001345643005151942
00.0000000269001345643005151942
00.0000000269001345643005151942
00.0000000269001345643005151942
00.0000000269001345643005151942
00.0000000269001345643005151942
00.0000000269001345643005151942
00.0000000269001345643005151942
00.0000000269001345643005151942
00.0000000269001345643005151942
00.0000000269001345643005151942
00.0000000269001345643005151942
00.0000000269001345643005151942
00.0000000269001345643005151942
00.0000000269001345643005151942
00.0000000269001345643005151942
00.0000000269001345643005151942
00.0000000269001345643005151942
00.0000000269001345643005151942
00.0000000269001345643005151942
00.0000000269001345643005151942
00.0000000269001345643005151942
00.0000000269001345643005151942
00.0000000269001345643005151942
00.0000000269001345643005151942
00.0000000269001345643005151942
00.0000000269001345643005151942
00.0000000269001345643005151942
00.0000000269001345643005151942
00.0000000269001345643005151942
00.0000000269001345643005151942
00.0000000269001345643005151942
00.0000000269001345643005151942
00.0000000269001345643005151942
00.0000000269001345643005151942
00.0000000269001345643005151942
00.0000000269001345643005151942
00.0000000269001345643005151942
00.0000000269001345643005151942
00.0000000269001345643005151942
00.0000000269001345643005151942
00.0000000269001345643005151942
00.0000000269001345643005151942
00.0000000269001345643005151942
00.0000000269001345643005151942
00.0000000269001345643005151942
00.0000000269001345643005151942
00.0000000269001345643005151942
00.0000000269001345643005151942
00.0000000269001345643005151942
00.0000000269001345643005151942
00.0000000269001345643005151942
00.0000000269001345643005151942
00.0000000269001345643005151942
00.0000000269001345643005151942
00.0000000269001345643005151942
00.0000000269001345643005151942
00.0000000269001345643005151942
00.0000000269001345643005151942
00.0000000269001345643005151942
00.0000000269001345643005151942
00.0000000269001345643005151942
00.0000000269001345643005151942
00.0000000269001345643005151942
00.0000000269001345643005151942
00.0000000269001345643005151942
00.0000000269001345643005151942
00.0000000269001345643005151942
00.0000000269001345643005151942
00.0000000269001345643005151942
00.0000000269001345643005151942
00.0000000269001345643005151942
00.0000000269001345643005151942
00.0000000269001345643005151942
00.0000000269001345643005151942
00.0000000269001345643005151942
00.0000000269001345643005151942
00.0000000269001345643005151942
00.0000000269001345643005151942
00.0000000269001345643005151942
00.0000000269001345643005151942
00.0000000269001345643005151942
00.0000000269001345643005151942
00.0000000269001345643005151942
00.0000000269001345643005151942
00.0000000269001345643005151942
00.0000000269001345643005151942
00.0000000269001345643005151942
00.0000000269001345643005151942
00.0000000269001345643005151942
00.0000000269001345643005151942
00.0000000269001345643005151942
00.0000000269001345643005151942
00.0000000269001345643005151942
00.0000000269001345643005151942
00.0000000269001345643005151942
00.0000000269001345643005151942
00.0000000269001345643005151942
00.0000000269001345643005151942
00.0000000269001345643005151942
00.0000000269001345643005151942
00.0000000269001345643005151942
00.0000000269001345643005151942
00.0000000269001345643005151942
00.0000000269001345643005151942
00.0000000269001345643005151942
00.0000000269001345643005151942
00.0000000269001345643005151942
00.0000000269001345643005151942
00.0000000269001345643005151942
00.0000000269001345643005151942
00.0000000269001345643005151942
00.0000000269001345643005151942
00.0000000269001345643005151942
00.0000000269001345643005151942
00.0000000269001345643005151942
00.0000000269001345643005151942
00.0000000269001345643005151942
00.0000000269001345643005151942
00.0000000269001345643005151942
00.0000000269001345643005151942
00.0000000269001345643005151942
00.0000000269001345643005151942
00.0000000269001345643005151942
00.0000000269001345643005151942
00.0000000269001345643005151942
00.0000000269001345643005151942
00.0000000269001345643005151942
00.0000000269001345643005151942
00.0000000269001345643005151942
00.0000000269001345643005151942
00.0000000269001345643005151942
00.0000000269001345643005151942
00.0000000269001345643005151942
00.0000000269001345643005151942
00.0000000269001345643005151942
00.0000000269001345643005151942
00.0000000269001345643005151942
00.0000000269001345643005151942
00.0000000269001345643005151942
00.0000000269001345643005151942
00.0000000269001345643005151942
00.0000000269001345643005151942
00.0000000269001345643005151942
00.0000000269001345643005151942
00.0000000269001345643005151942
00.0000000269001345643005151942
00.0000000269001345643005151942
00.0000000269001345643005151942
00.0000000269001345643005151942
00.0000000269001345643005151942
00.0000000269001345643005151942
00.0000000269001345643005151942
00.0000000269001345643005151942
00.0000000269001345643005151942
00.0000000269001345643005151942
00.0000000269001345643005151942
00.0000000269001345643005151942
00.0000000269001345643005151942
00.0000000269001345643005151942
00.0000000269001345643005151942
00.0000000269001345643005151942
00.0000000269001345643005151942
00.0000000269001345643005151942
00.0000000269001345643005151942
00.0000000269001345643005151942
00.0000000269001345643005151942
00.0000000269001345643005151942
00.0000000269001345643005151942
00.0000000269001345643005151942
00.0000000269001345643005151942
00.0000000269001345643005151942
00.0000000269001345643005151942
00.0000000269001345643005151942
00.0000000269001345643005151942
00.0000000269001345643005151942
00.0000000269001345643005151942
00.0000000269001345643005151942
00.0000000269001345643005151942
00.0000000269001345643005151942
00.0000000269001345643005151942
00.0000000269001345643005151942
00.0000000269001345643005151942
00.0000000269001345643005151942
00.0000000269001345643005151942
00.0000000269001345643005151942
00.0000000269001345643005151942
00.0000000269001345643005151942
00.0000000269001345643005151942
00.0000000269001345643005151942
00.0000000269001345643005151942
00.0000000269001345643005151942
00.0000000269001345643005151942
00.0000000269001345643005151942
00.0000000269001345643005151942
00.0000000269001345643005151942
00.0000000269001345643005151942
00.0000000269001345643005151942
00.0000000269001345643005151942
00.0000000269001345643005151942
00.0000000269001345643005151942
00.0000000269001345643005151942
00.0000000269001345643005151942
00.0000000269001345643005151942
00.0000000269001345643005151942
00.0000000269001345643005151942
00.0000000269001345643005151942
00.0000000269001345643005151942
00.0000000269001345643005151942
00.0000000269001345643005151942
00.0000000269001345643005151942
00.0000000269001345643005151942
00.0000000269001345643005151942
00.0000000269001345643005151942
00.0000000269001345643005151942
00.0000000269001345643005151942
00.0000000269001345643005151942
00.0000000269001345643005151942
00.0000000269001345643005151942
00.0000000269001345643005151942
00.0000000269001345643005151942
00.0000000269001345643005151942
00.0000000269001345643005151942
00.0000000269001345643005151942
00.0000000269001345643005151942
00.0000000269001345643005151942
00.0000000269001345643005151942
00.0000000269001345643005151942
00.0000000269001345643005151942
00.0000000269001345643005151942
00.0000000269001345643005151942
00.0000000269001345643005151942
00.0000000269001345643005151942
00.0000000269001345643005151942
00.0000000269001345643005151942
00.0000000269001345643005151942
00.0000000269001345643005151942
00.0000000269001345643005151942
00.0000000269001345643005151942
00.0000000269001345643005151942
00.0000000269001345643005151942
00.0000000269001345643005151942
00.0000000269001345643005151942
00.0000000269001345643005151942
00.0000000269001345643005151942
00.0000000269001345643005151942
00.0000000269001345643005151942
00.0000000269001345643005151942
00.0000000269001345643005151942
00.0000000269001345643005151942
00.0000000269001345643005151942
00.0000000269001345643005151942
00.0000000269001345643005151942
00.0000000269001345643005151942
00.0000000269001345643005151942
00.0000000269001345643005151942
00.0000000269001345643005151942
00.0000000269001345643005151942
00.0000000269001345643005151942
00.0000000269001345643005151942
00.0000000269001345643005151942
00.0000000269001345643005151942
00.0000000269001345643005151942
00.0000000269001345643005151942
00.0000000269001345643005151942
00.0000000269001345643005151942
00.0000000269001345643005151942
00.0000000269001345643005151942
00.0000000269001345643005151942
00.0000000269001345643005151942
00.0000000269001345643005151942
00.0000000269001345643005151942
00.0000000269001345643005151942
00.0000000269001345643005151942
00.0000000269001345643005151942
00.0000000269001345643005151942
00.0000000269001345643005151942
00.0000000269001345643005151942
00.0000000269001345643005151942
00.0000000269001345643005151942
00.0000000269001345643005151942
00.0000000269001345643005151942
00.0000000269001345643005151942
00.0000000269001345643005151942
00.0000000269001345643005151942
00.0000000269001345643005151942
00.0000000269001345643005151942
00.0000000269001345643005151942
00.0000000269001345643005151942
00.0000000269001345643005151942
00.0000000269001345643005151942
00.0000000269001345643005151942
00.0000000269001345643005151942
00.0000000269001345643005151942
00.0000000269001345643005151942
00.0000000269001345643005151942
00.0000000269001345643005151942
00.0000000269001345643005151942
00.0000000269001345643005151942
00.0000000269001345643005151942
00.0000000269001345643005151942
00.0000000269001345643005151942
00.0000000269001345643005151942
00.0000000269001345643005151942
00.0000000269001345643005151942
00.0000000269001345643005151942
00.0000000269001345643005151942
00.0000000269001345643005151942
00.0000000269001345643005151942
00.0000000269001345643005151942
00.0000000269001345643005151942
00.0000000269001345643005151942
00.0000000269001345643005151942
00.0000000269001345643005151942
00.0000000269001345643005151942
00.0000000269001345643005151942
00.0000000269001345643005151942
00.0000000269001345643005151942
00.0000000269001345643005151942
00.0000000269001345643005151942
00.0000000269001345643005151942
00.0000000269001345643005151942
00.0000000269001345643005151942
00.0000000269001345643005151942
00.0000000269001345643005151942
00.0000000269001345643005151942
00.0000000269001345643005151942
00.0000000269001345643005151942
00.0000000269001345643005151942
00.0000000269001345643005151942
00.0000000269001345643005151942
00.0000000269001345643005151942
00.0000000269001345643005151942
00.0000000269001345643005151942
00.0000000269001345643005151942
00.0000000269001345643005151942
00.0000000269001345643005151942
00.0000000269001345643005151942
00.0000000269001345643005151942
00.0000000269001345643005151942
00.0000000269001345643005151942
00.0000000269001345643005151942
00.0000000269001345643005151942
00.0000000269001345643005151942
00.0000000269001345643005151942
00.0000000269001345643005151942
00.0000000269001345643005151942
00.0000000269001345643005151942
00.0000000269001345643005151942
00.0000000269001345643005151942
00.0000000269001345643005151942
00.0000000269001345643005151942
00.0000000269001345643005151942
00.0000000269001345643005151942
00.0000000269001345643005151942
00.0000000269001345643005151942
00.0000000269001345643005151942
00.0000000269001345643005151942
00.0000000269001345643005151942
00.0000000269001345643005151942
00.0000000269001345643005151942
00.0000000269001345643005151942
00.0000000269001345643005151942
00.0000000269001345643005151942
00.0000000269001345643005151942
00.0000000269001345643005151942
00.0000000269001345643005151942
00.0000000269001345643005151942
00.0000000269001345643005151942
00.0000000269001345643005151942
00.0000000269001345643005151942
00.0000000269001345643005151942
00.0000000269001345643005151942
00.0000000269001345643005151942
00.0000000269001345643005151942
00.0000000269001345643005151942
00.0000000269001345643005151942
00.0000000269001345643005151942
00.0000000269001345643005151942
00.0000000269001345643005151942
00.0000000269001345643005151942
00.0000000269001345643005151942
00.0000000269001345643005151942
00.0000000269001345643005151942
00.0000000269001345643005151942
00.0000000269001345643005151942
00.0000000269001345643005151942
00.0000000269001345643005151942
00.0000000269001345643005151942
00.0000000269001345643005151942
00.0000000269001345643005151942
00.0000000269001345643005151942
00.0000000269001345643005151942
00.0000000269001345643005151942
00.0000000269001345643005151942
00.0000000269001345643005151942
00.0000000269001345643005151942
00.0000000269001345643005151942
00.0000000269001345643005151942
00.0000000269001345643005151942
00.0000000269001345643005151942
00.0000000269001345643005151942
00.0000000269001345643005151942
00.0000000269001345643005151942
00.0000000269001345643005151942
00.0000000269001345643005151942
00.0000000269001345643005151942
00.0000000269001345643005151942
00.0000000269001345643005151942
00.0000000269001345643005151942
00.0000000269001345643005151942
00.0000000269001345643005151942
00.0000000269001345643005151942
00.0000000269001345643005151942
00.0000000269001345643005151942
00.0000000269001345643005151942
00.0000000269001345643005151942
00.0000000269001345643005151942
00.0000000269001345643005151942
00.0000000269001345643005151942
00.0000000269001345643005151942
00.0000000269001345643005151942
00.0000000269001345643005151942
00.0000000269001345643005151942
00.0000000269001345643005151942
00.0000000269001345643005151942
00.0000000269001345643005151942
00.0000000269001345643005151942
00.0000000269001345643005151942
00.0000000269001345643005151942
00.0000000269001345643005151942
00.0000000269001345643005151942
00.0000000269001345643005151942
00.0000000269001345643005151942
00.0000000269001345643005151942
00.0000000269001345643005151942
00.0000000269001345643005151942
00.0000000269001345643005151942
00.0000000269001345643005151942
00.0000000269001345643005151942
00.0000000269001345643005151942
00.0000000269001345643005151942
00.0000000269001345643005151942
00.0000000269001345643005151942
00.0000000269001345643005151942
00.0000000269001345643005151942
00.0000000269001345643005151942
00.0000000269001345643005151942
00.0000000269001345643005151942
00.0000000269001345643005151942
00.0000000269001345643005151942
00.0000000269001345643005151942
00.0000000269001345643005151942
00.0000000269001345643005151942
00.0000000269001345643005151942
00.0000000269001345643005151942
00.0000000269001345643005151942
00.0000000269001345643005151942
00.0000000269001345643005151942
00.0000000269001345643005151942
00.0000000269001345643005151942
00.0000000269001345643005151942
00.0000000269001345643005151942
00.0000000269001345643005151942
00.0000000269001345643005151942
00.0000000269001345643005151942
00.0000000269001345643005151942
00.0000000269001345643005151942
00.0000000269001345643005151942
00.0000000269001345643005151942
00.0000000269001345643005151942
00.0000000269001345643005151942
00.0000000269001345643005151942
00.0000000269001345643005151942
00.0000000269001345643005151942
00.0000000269001345643005151942
00.0000000269001345643005151942
00.0000000269001345643005151942
00.0000000269001345643005151942
00.0000000269001345643005151942
00.0000000269001345643005151942
00.0000000269001345643005151942
00.0000000269001345643005151942
00.0000000269001345643005151942
00.0000000269001345643005151942
00.0000000269001345643005151942
00.0000000269001345643005151942
00.0000000269001345643005151942
00.0000000269001345643005151942
00.0000000269001345643005151942
00.0000000269001345643005151942
00.0000000269001345643005151942
00.0000000269001345643005151942
00.0000000269001345643005151942
00.0000000269001345643005151942
00.0000000269001345643005151942
00.0000000269001345643005151942
00.0000000269001345643005151942
00.0000000269001345643005151942
00.0000000269001345643005151942
00.0000000269001345643005151942
00.0000000269001345643005151942
00.0000000269001345643005151942
00.0000000269001345643005151942
00.0000000269001345643005151942
00.0000000269001345643005151942
00.0000000269001345643005151942
00.0000000269001345643005151942
00.0000000269001345643005151942
00.0000000269001345643005151942
00.0000000269001345643005151942
00.0000000269001345643005151942
00.0000000269001345643005151942
00.0000000269001345643005151942
00.0000000269001345643005151942
00.0000000269001345643005151942
00.0000000269001345643005151942
00.0000000269001345643005151942
00.0000000269001345643005151942
00.0000000269001345643005151942
00.0000000269001345643005151942
00.0000000269001345643005151942
00.0000000269001345643005151942
00.0000000269001345643005151942
00.0000000269001345643005151942
00.0000000269001345643005151942
00.0000000269001345643005151942
00.0000000269001345643005151942
00.0000000269001345643005151942
00.0000000269001345643005151942
00.0000000269001345643005151942
00.0000000269001345643005151942
00.0000000269001345643005151942
00.0000000269001345643005151942
00.0000000269001345643005151942
00.0000000269001345643005151942
00.0000000269001345643005151942
00.0000000269001345643005151942
00.0000000269001345643005151942
00.0000000269001345643005151942
00.0000000269001345643005151942
00.0000000269001345643005151942
00.0000000269001345643005151942
00.0000000269001345643005151942
00.0000000269001345643005151942
00.0000000269001345643005151942
00.0000000269001345643005151942
00.0000000269001345643005151942
00.0000000269001345643005151942
00.0000000269001345643005151942
00.0000000269001345643005151942
00.0000000269001345643005151942
00.0000000269001345643005151942
00.0000000269001345643005151942
00.0000000269001345643005151942
00.0000000269001345643005151942
00.0000000269001345643005151942
00.0000000269001345643005151942
00.0000000269001345643005151942
00.0000000269001345643005151942
00.0000000269001345643005151942
00.0000000269001345643005151942
00.0000000269001345643005151942
00.0000000269001345643005151942
00.0000000269001345643005151942
00.0000000269001345643005151942
00.0000000269001345643005151942
00.0000000269001345643005151942
00.0000000269001345643005151942
00.0000000269001345643005151942
00.0000000269001345643005151942
00.0000000269001345643005151942
00.0000000269001345643005151942
00.0000000269001345643005151942
00.0000000269001345643005151942
00.0000000269001345643005151942
00.0000000269001345643005151942
00.0000000269001345643005151942
00.0000000269001345643005151942
00.0000000269001345643005151942
00.0000000269001345643005151942
00.0000000269001345643005151942
00.0000000269001345643005151942
00.0000000269001345643005151942
00.0000000269001345643005151942
00.0000000269001345643005151942
00.0000000269001345643005151942
00.0000000269001345643005151942
00.0000000269001345643005151942
00.0000000269001345643005151942
00.0000000269001345643005151942
00.0000000269001345643005151942
00.0000000269001345643005151942
00.0000000269001345643005151942
00.0000000269001345643005151942
00.0000000269001345643005151942
00.0000000269001345643005151942
00.0000000269001345643005151942
00.0000000269001345643005151942
00.0000000269001345643005151942
00.0000000269001345643005151942
00.0000000269001345643005151942
00.0000000269001345643005151942
00.0000000269001345643005151942
00.0000000269001345643005151942
00.0000000269001345643005151942
00.0000000269001345643005151942
00.0000000269001345643005151942
00.0000000269001345643005151942
00.0000000269001345643005151942
00.0000000269001345643005151942
00.0000000269001345643005151942
00.0000000269001345643005151942
00.0000000269001345643005151942
00.0000000269001345643005151942
00.0000000269001345643005151942
00.0000000269001345643005151942
00.0000000269001345643005151942
00.0000000269001345643005151942
00.0000000269001345643005151942
00.0000000269001345643005151942
00.0000000269001345643005151942
00.0000000269001345643005151942
00.0000000269001345643005151942
00.0000000269001345643005151942
00.0000000269001345643005151942
00.0000000269001345643005151942
00.0000000269001345643005151942
00.0000000269001345643005151942
00.0000000269001345643005151942
00.0000000269001345643005151942
00.0000000269001345643005151942
00.0000000269001345643005151942
00.0000000269001345643005151942
00.0000000269001345643005151942
00.0000000269001345643005151942
00.0000000269001345643005151942
00.0000000269001345643005151942
00.0000000269001345643005151942
00.0000000269001345643005151942
00.0000000269001345643005151942
00.0000000269001345643005151942
00.0000000269001345643005151942
00.0000000269001345643005151942
00.0000000269001345643005151942
00.0000000269001345643005151942
00.0000000269001345643005151942
00.0000000269001345643005151942
00.0000000269001345643005151942
00.0000000269001345643005151942
00.0000000269001345643005151942
00.0000000269001345643005151942
00.0000000269001345643005151942
00.0000000269001345643005151942
00.0000000269001345643005151942
00.0000000269001345643005151942
00.0000000269001345643005151942
00.0000000269001345643005151942
00.0000000269001345643005151942
00.0000000269001345643005151942
00.0000000269001345643005151942
00.0000000269001345643005151942
00.0000000269001345643005151942
00.0000000269001345643005151942
00.0000000269001345643005151942
00.0000000269001345643005151942
00.0000000269001345643005151942
00.0000000269001345643005151942
00.0000000269001345643005151942
00.0000000269001345643005151942
00.0000000269001345643005151942
00.0000000269001345643005151942
00.0000000269001345643005151942
00.0000000269001345643005151942
00.0000000269001345643005151942
00.0000000269001345643005151942
00.0000000269001345643005151942
00.0000000269001345643005151942
00.0000000269001345643005151942
00.0000000269001345643005151942
00.0000000269001345643005151942
00.0000000269001345643005151942
00.0000000269001345643005151942
00.0000000269001345643005151942
00.0000000269001345643005151942
00.0000000269001345643005151942
00.0000000269001345643005151942
00.0000000269001345643005151942
00.0000000269001345643005151942
00.0000000269001345643005151942
00.0000000269001345643005151942
00.0000000269001345643005151942
00.0000000269001345643005151942
00.0000000269001345643005151942
00.0000000269001345643005151942
00.0000000269001345643005151942
00.0000000269001345643005151942
00.0000000269001345643005151942
00.0000000269001345643005151942
00.0000000269001345643005151942
00.0000000269001345643005151942
00.0000000269001345643005151942
00.0000000269001345643005151942
00.0000000269001345643005151942
00.0000000269001345643005151942
00.0000000269001345643005151942
00.0000000269001345643005151942
00.0000000269001345643005151942
00.0000000269001345643005151942
00.0000000269001345643005151942
00.0000000269001345643005151942
00.0000000269001345643005151942
00.0000000269001345643005151942
00.0000000269001345643005151942
00.0000000269001345643005151942
00.0000000269001345643005151942
00.0000000269001345643005151942
00.0000000269001345643005151942
00.0000000269001345643005151942
00.0000000269001345643005151942
00.0000000269001345643005151942
00.0000000269001345643005151942
00.0000000269001345643005151942
00.0000000269001345643005151942
00.0000000269001345643005151942
00.0000000269001345643005151942
00.0000000269001345643005151942
00.0000000269001345643005151942
00.0000000269001345643005151942
00.0000000269001345643005151942
00.0000000269001345643005151942
00.0000000269001345643005151942
00.0000000269001345643005151942
00.0000000269001345643005151942
00.0000000269001345643005151942
00.0000000269001345643005151942
00.0000000269001345643005151942
00.0000000269001345643005151942
00.0000000269001345643005151942
00.0000000269001345643005151942
00.0000000269001345643005151942
00.0000000269001345643005151942
00.0000000269001345643005151942
00.0000000269001345643005151942
00.0000000269001345643005151942
00.0000000269001345643005151942
00.0000000269001345643005151942
00.0000000269001345643005151942
00.0000000269001345643005151942
00.0000000269001345643005151942
00.0000000269001345643005151942
00.0000000269001345643005151942
00.0000000269001345643005151942
00.0000000269001345643005151942
00.0000000269001345643005151942
00.0000000269001345643005151942
00.0000000269001345643005151942
00.0000000269001345643005151942
00.0000000269001345643005151942
00.0000000269001345643005151942
00.0000000269001345643005151942
00.0000000269001345643005151942
00.0000000269001345643005151942
00.0000000269001345643005151942
00.0000000269001345643005151942
00.0000000269001345643005151942
00.0000000269001345643005151942
00.0000000269001345643005151942
00.0000000269001345643005151942
00.0000000269001345643005151942
00.0000000269001345643005151942
00.0000000269001345643005151942
00.0000000269001345643005151942
00.0000000269001345643005151942
00.0000000269001345643005151942
00.0000000269001345643005151942
00.0000000269001345643005151942
00.0000000269001345643005151942
00.0000000269001345643005151942
00.0000000269001345643005151942
00.0000000269001345643005151942
00.0000000269001345643005151942
00.0000000269001345643005151942
00.0000000269001345643005151942
00.0000000269001345643005151942
00.0000000269001345643005151942
00.0000000269001345643005151942
00.0000000269001345643005151942
00.0000000269001345643005151942
00.0000000269001345643005151942
00.0000000269001345643005151942
00.0000000269001345643005151942
00.0000000269001345643005151942
00.0000000269001345643005151942
00.0000000269001345643005151942
00.0000000269001345643005151942
00.0000000269001345643005151942
00.0000000269001345643005151942
00.0000000269001345643005151942
00.0000000269001345643005151942
00.0000000269001345643005151942
00.0000000269001345643005151942
00.0000000269001345643005151942
00.0000000269001345643005151942
00.0000000269001345643005151942
00.0000000269001345643005151942
00.0000000269001345643005151942
00.0000000269001345643005151942
00.0000000269001345643005151942
00.0000000269001345643005151942
00.0000000269001345643005151942
00.0000000269001345643005151942
00.0000000269001345643005151942
00.0000000269001345643005151942
00.0000000269001345643005151942
00.0000000269001345643005151942
00.0000000269001345643005151942
00.0000000269001345643005151942
00.0000000269001345643005151942
00.0000000269001345643005151942
00.0000000269001345643005151942
00.0000000269001345643005151942
00.0000000269001345643005151942
00.0000000269001345643005151942
00.0000000269001345643005151942
00.0000000269001345643005151942
00.0000000269001345643005151942
00.0000000269001345643005151942
00.0000000269001345643005151942
00.0000000269001345643005151942
00.0000000269001345643005151942
00.0000000269001345643005151942
00.0000000269001345643005151942
00.0000000269001345643005151942
00.0000000269001345643005151942
00.0000000269001345643005151942
00.0000000269001345643005151942
00.0000000269001345643005151942
00.0000000269001345643005151942
00.0000000269001345643005151942
00.0000000269001345643005151942
00.0000000269001345643005151942
00.0000000269001345643005151942
00.0000000269001345643005151942
00.0000000269001345643005151942
00.0000000269001345643005151942
00.0000000269001345643005151942
00.0000000269001345643005151942
00.0000000269001345643005151942
00.0000000269001345643005151942
00.0000000269001345643005151942
00.0000000269001345643005151942
00.0000000269001345643005151942
00.0000000269001345643005151942
00.0000000269001345643005151942
00.0000000269001345643005151942
00.0000000269001345643005151942
00.0000000269001345643005151942
00.0000000269001345643005151942
00.0000000269001345643005151942
00.0000000269001345643005151942
00.0000000269001345643005151942
00.0000000269001345643005151942
00.0000000269001345643005151942
00.0000000269001345643005151942
00.0000000269001345643005151942
00.0000000269001345643005151942
00.0000000269001345643005151942
00.0000000269001345643005151942
00.0000000269001345643005151942
00.0000000269001345643005151942
00.0000000269001345643005151942
00.0000000269001345643005151942
00.0000000269001345643005151942
00.0000000269001345643005151942
00.0000000269001345643005151942
00.0000000269001345643005151942
00.0000000269001345643005151942
00.0000000269001345643005151942
00.0000000269001345643005151942
00.0000000269001345643005151942
00.0000000269001345643005151942
00.0000000269001345643005151942
00.0000000269001345643005151942
00.0000000269001345643005151942
00.0000000269001345643005151942
00.0000000269001345643005151942
00.0000000269001345643005151942
00.0000000269001345643005151942
00.0000000269001345643005151942
00.0000000269001345643005151942
00.0000000269001345643005151942
00.0000000269001345643005151942
00.0000000269001345643005151942
00.0000000269001345643005151942
00.0000000269001345643005151942
00.0000000269001345643005151942
00.0000000269001345643005151942
00.0000000269001345643005151942
00.0000000269001345643005151942
00.0000000269001345643005151942
00.0000000269001345643005151942
00.0000000269001345643005151942
00.0000000269001345643005151942
00.0000000269001345643005151942
00.0000000269001345643005151942
00.0000000269001345643005151942
00.0000000269001345643005151942
00.0000000269001345643005151942
00.0000000269001345643005151942
00.0000000269001345643005151942
00.0000000335062667611296660652
00.0000000335062667611296660652
00.0000000335062667611296660652
00.0000000335062667611296660652
00.0000000335062667611296660652
00.0000000335062667611296660652
00.0000000335062667611296660652
00.0000000335062667611296660652
00.0000000335062667611296660652
00.0000000335062667611296660652
00.0000000335062667611296660652
00.0000000335062667611296660652
00.0000000335062667611296660652
00.0000000335062667611296660652
00.0000000335062667611296660652
00.0000000335062667611296660652
00.0000000335062667611296660652
00.0000000335062667611296660652
00.0000000335062667611296660652
00.0000000335062667611296660652
00.0000000335062667611296660652
00.0000000335062667611296660652
00.0000000335062667611296660652
00.0000000335062667611296660652
00.0000000335062667611296660652
00.0000000335062667611296660652
00.0000000335062667611296660652
00.0000000335062667611296660652
00.0000000335062667611296660652
00.0000000335062667611296660652
00.0000000335062667611296660652
00.0000000335062667611296660652
00.0000000335062667611296660652
00.0000000335062667611296660652
00.0000000335062667611296660652
00.0000000335062667611296660652
00.0000000335062667611296660652
00.0000000335062667611296660652
00.0000000335062667611296660652
00.0000000335062667611296660652
00.0000000335062667611296660652
00.0000000335062667611296660652
00.0000000335062667611296660652
00.0000000335062667611296660652
00.0000000335062667611296660652
00.0000000335062667611296660652
00.0000000335062667611296660652
00.0000000335062667611296660652
00.0000000335062667611296660652
00.0000000335062667611296660652
00.0000000335062667611296660652
00.0000000335062667611296660652
00.0000000335062667611296660652
00.0000000335062667611296660652
00.0000000335062667611296660652
00.0000000335062667611296660652
00.0000000335062667611296660652
00.0000000335062667611296660652
00.0000000335062667611296660652
00.0000000335062667611296660652
00.0000000335062667611296660652
00.0000000335062667611296660652
00.0000000335062667611296660652
00.0000000335062667611296660652
00.0000000335062667611296660652
00.0000000335062667611296660652
00.0000000335062667611296660652
00.0000000335062667611296660652
00.0000000335062667611296660652
00.0000000335062667611296660652
00.0000000335062667611296660652
00.0000000335062667611296660652
00.0000000335062667611296660652
00.0000000335062667611296660652
00.0000000335062667611296660652
00.0000000335062667611296660652
00.0000000335062667611296660652
00.0000000335062667611296660652
00.0000000335062667611296660652
00.0000000335062667611296660652
00.0000000335062667611296660652
00.0000000335062667611296660652
00.0000000335062667611296660652
00.0000000335062667611296660652
00.0000000335062667611296660652
00.0000000335062667611296660652
00.0000000335062667611296660652
00.0000000335062667611296660652
00.0000000335062667611296660652
00.0000000335062667611296660652
00.0000000335062667611296660652
00.0000000335062667611296660652
00.0000000335062667611296660652
00.0000000335062667611296660652
00.0000000335062667611296660652
00.0000000335062667611296660652
00.0000000335062667611296660652
00.0000000335062667611296660652
00.0000000335062667611296660652
00.0000000335062667611296660652
00.0000000335062667611296660652
00.0000000335062667611296660652
00.0000000335062667611296660652
00.0000000335062667611296660652
00.0000000335062667611296660652
00.0000000335062667611296660652
00.0000000335062667611296660652
00.0000000335062667611296660652
00.0000000335062667611296660652
00.0000000335062667611296660652
00.0000000335062667611296660652
00.0000000335062667611296660652
00.0000000335062667611296660652
00.0000000335062667611296660652
00.0000000335062667611296660652
00.0000000335062667611296660652
00.0000000335062667611296660652
00.0000000335062667611296660652
00.0000000335062667611296660652
00.0000000335062667611296660652
00.0000000335062667611296660652
00.0000000335062667611296660652
00.0000000335062667611296660652
00.0000000335062667611296660652
00.0000000335062667611296660652
00.0000000335062667611296660652
00.0000000335062667611296660652
00.0000000335062667611296660652
00.0000000335062667611296660652
00.0000000335062667611296660652
00.0000000335062667611296660652
00.0000000335062667611296660652
00.0000000335062667611296660652
00.0000000335062667611296660652
00.0000000335062667611296660652
00.0000000335062667611296660652
00.0000000335062667611296660652
00.0000000335062667611296660652
00.0000000335062667611296660652
00.0000000335062667611296660652
00.0000000335062667611296660652
00.0000000335062667611296660652
00.0000000335062667611296660652
00.0000000335062667611296660652
00.0000000335062667611296660652
00.0000000335062667611296660652
00.0000000335062667611296660652
00.0000000335062667611296660652
00.0000000335062667611296660652
00.0000000335062667611296660652
00.0000000335062667611296660652
00.0000000335062667611296660652
00.0000000335062667611296660652
00.0000000335062667611296660652
00.0000000335062667611296660652
00.0000000335062667611296660652
00.0000000335062667611296660652
00.0000000335062667611296660652
00.0000000335062667611296660652
00.0000000335062667611296660652
00.0000000335062667611296660652
00.0000000335062667611296660652
00.0000000335062667611296660652
00.0000000335062667611296660652
00.0000000335062667611296660652
00.0000000335062667611296660652
00.0000000335062667611296660652
00.0000000335062667611296660652
00.0000000335062667611296660652
00.0000000335062667611296660652
00.0000000335062667611296660652
00.0000000335062667611296660652
00.0000000335062667611296660652
00.0000000335062667611296660652
00.0000000335062667611296660652
00.0000000335062667611296660652
00.0000000335062667611296660652
00.0000000335062667611296660652
00.0000000335062667611296660652
00.0000000335062667611296660652
00.0000000335062667611296660652
00.0000000335062667611296660652
00.0000000335062667611296660652
00.0000000335062667611296660652
00.0000000335062667611296660652
00.0000000335062667611296660652
00.0000000335062667611296660652
00.0000000335062667611296660652
00.0000000335062667611296660652
00.0000000335062667611296660652
00.0000000335062667611296660652
00.0000000335062667611296660652
00.0000000335062667611296660652
00.0000000335062667611296660652
00.0000000335062667611296660652
00.0000000335062667611296660652
00.0000000335062667611296660652
00.0000000335062667611296660652
00.0000000335062667611296660652
00.0000000335062667611296660652
00.0000000335062667611296660652
00.0000000335062667611296660652
00.0000000335062667611296660652
00.0000000335062667611296660652
00.0000000335062667611296660652
00.0000000335062667611296660652
00.0000000335062667611296660652
00.0000000335062667611296660652
00.0000000335062667611296660652
00.0000000335062667611296660652
00.0000000335062667611296660652
00.0000000335062667611296660652
00.0000000335062667611296660652
00.0000000335062667611296660652
00.0000000335062667611296660652
00.0000000335062667611296660652
00.0000000335062667611296660652
00.0000000335062667611296660652
00.0000000335062667611296660652
00.0000000335062667611296660652
00.0000000335062667611296660652
00.0000000335062667611296660652
00.0000000335062667611296660652
00.0000000335062667611296660652
00.0000000335062667611296660652
00.0000000335062667611296660652
00.0000000335062667611296660652
00.0000000335062667611296660652
00.0000000335062667611296660652
00.0000000335062667611296660652
00.0000000335062667611296660652
00.0000000335062667611296660652
00.0000000335062667611296660652
00.0000000335062667611296660652
00.0000000335062667611296660652
00.0000000335062667611296660652
00.0000000335062667611296660652
00.0000000335062667611296660652
00.0000000335062667611296660652
00.0000000335062667611296660652
00.0000000335062667611296660652
00.0000000335062667611296660652
00.0000000335062667611296660652
00.0000000335062667611296660652
00.0000000335062667611296660652
00.0000000335062667611296660652
00.0000000335062667611296660652
00.0000000335062667611296660652
00.0000000335062667611296660652
00.0000000335062667611296660652
00.0000000335062667611296660652
00.0000000335062667611296660652
00.0000000335062667611296660652
00.0000000335062667611296660652
00.0000000335062667611296660652
00.0000000335062667611296660652
00.0000000335062667611296660652
00.0000000335062667611296660652
00.0000000335062667611296660652
00.0000000335062667611296660652
00.0000000335062667611296660652
00.0000000335062667611296660652
00.0000000335062667611296660652
00.0000000335062667611296660652
00.0000000335062667611296660652
00.0000000335062667611296660652
00.0000000335062667611296660652
00.0000000335062667611296660652
00.0000000335062667611296660652
00.0000000335062667611296660652
00.0000000335062667611296660652
00.0000000335062667611296660652
00.0000000335062667611296660652
00.0000000335062667611296660652
00.0000000335062667611296660652
00.0000000335062667611296660652
00.0000000335062667611296660652
00.0000000335062667611296660652
00.0000000335062667611296660652
00.0000000335062667611296660652
00.0000000335062667611296660652
00.0000000335062667611296660652
00.0000000335062667611296660652
00.0000000335062667611296660652
00.0000000335062667611296660652
00.0000000335062667611296660652
00.0000000335062667611296660652
00.0000000335062667611296660652
00.0000000335062667611296660652
00.0000000335062667611296660652
00.0000000335062667611296660652
00.0000000335062667611296660652
00.0000000335062667611296660652
00.0000000335062667611296660652
00.0000000335062667611296660652
00.0000000335062667611296660652
00.0000000335062667611296660652
00.0000000335062667611296660652
00.0000000335062667611296660652
00.0000000335062667611296660652
00.0000000335062667611296660652
00.0000000335062667611296660652
00.0000000335062667611296660652
00.0000000335062667611296660652
00.0000000335062667611296660652
00.0000000335062667611296660652
00.0000000335062667611296660652
00.0000000335062667611296660652
00.0000000335062667611296660652
00.0000000335062667611296660652
00.0000000335062667611296660652
00.0000000335062667611296660652
00.0000000335062667611296660652
00.0000000335062667611296660652
00.0000000335062667611296660652
00.0000000335062667611296660652
00.0000000335062667611296660652
00.0000000335062667611296660652
00.0000000335062667611296660652
00.0000000335062667611296660652
00.0000000335062667611296660652
00.0000000335062667611296660652
00.0000000335062667611296660652
00.0000000335062667611296660652
00.0000000335062667611296660652
00.0000000335062667611296660652
00.0000000335062667611296660652
00.0000000335062667611296660652
00.0000000335062667611296660652
00.0000000335062667611296660652
00.0000000335062667611296660652
00.0000000335062667611296660652
00.0000000335062667611296660652
00.0000000335062667611296660652
00.0000000335062667611296660652
00.0000000335062667611296660652
00.0000000335062667611296660652
00.0000000335062667611296660652
00.0000000335062667611296660652
00.0000000335062667611296660652
00.0000000335062667611296660652
00.0000000335062667611296660652
00.0000000335062667611296660652
00.0000000335062667611296660652
00.0000000335062667611296660652
00.0000000335062667611296660652
00.0000000335062667611296660652
00.0000000335062667611296660652
00.0000000335062667611296660652
00.0000000335062667611296660652
00.0000000335062667611296660652
00.0000000335062667611296660652
00.0000000335062667611296660652
00.0000000335062667611296660652
00.0000000335062667611296660652
00.0000000335062667611296660652
00.0000000335062667611296660652
00.0000000335062667611296660652
00.0000000335062667611296660652
00.0000000335062667611296660652
00.0000000335062667611296660652
00.0000000335062667611296660652
00.0000000335062667611296660652
00.0000000335062667611296660652
00.0000000335062667611296660652
00.0000000335062667611296660652
00.0000000335062667611296660652
00.0000000335062667611296660652
00.0000000335062667611296660652
00.0000000335062667611296660652
00.0000000335062667611296660652
00.0000000335062667611296660652
00.0000000335062667611296660652
00.0000000335062667611296660652
00.0000000335062667611296660652
00.0000000335062667611296660652
00.0000000335062667611296660652
00.0000000335062667611296660652
00.0000000335062667611296660652
00.0000000335062667611296660652
00.0000000335062667611296660652
00.0000000335062667611296660652
00.0000000335062667611296660652
00.0000000335062667611296660652
00.0000000335062667611296660652
00.0000000335062667611296660652
00.0000000335062667611296660652
00.0000000335062667611296660652
00.0000000335062667611296660652
00.0000000335062667611296660652
00.0000000335062667611296660652
00.0000000335062667611296660652
00.0000000335062667611296660652
00.0000000335062667611296660652
00.0000000335062667611296660652
00.0000000335062667611296660652
00.0000000335062667611296660652
00.0000000335062667611296660652
00.0000000335062667611296660652
00.0000000335062667611296660652
00.0000000335062667611296660652
00.0000000335062667611296660652
00.0000000335062667611296660652
00.0000000335062667611296660652
00.0000000335062667611296660652
00.0000000335062667611296660652
00.0000000335062667611296660652
00.0000000335062667611296660652
00.0000000335062667611296660652
00.0000000335062667611296660652
00.0000000335062667611296660652
00.0000000335062667611296660652
00.0000000335062667611296660652
00.0000000335062667611296660652
00.0000000335062667611296660652
00.0000000335062667611296660652
00.0000000335062667611296660652
00.0000000335062667611296660652
00.0000000335062667611296660652
00.0000000335062667611296660652
00.0000000335062667611296660652
00.0000000335062667611296660652
00.0000000335062667611296660652
00.0000000335062667611296660652
00.0000000335062667611296660652
00.0000000335062667611296660652
00.0000000335062667611296660652
00.0000000335062667611296660652
00.0000000335062667611296660652
00.0000000335062667611296660652
00.0000000335062667611296660652
00.0000000335062667611296660652
00.0000000335062667611296660652
00.0000000335062667611296660652
00.0000000335062667611296660652
00.0000000335062667611296660652
00.0000000335062667611296660652
00.0000000335062667611296660652
00.0000000335062667611296660652
00.0000000335062667611296660652
00.0000000335062667611296660652
00.0000000335062667611296660652
00.0000000335062667611296660652
00.0000000335062667611296660652
00.0000000335062667611296660652
00.0000000335062667611296660652
00.0000000335062667611296660652
00.0000000335062667611296660652
00.0000000335062667611296660652
00.0000000335062667611296660652
00.0000000335062667611296660652
00.0000000335062667611296660652
00.0000000335062667611296660652
00.0000000335062667611296660652
00.0000000335062667611296660652
00.0000000335062667611296660652
00.0000000335062667611296660652
00.0000000335062667611296660652
00.0000000335062667611296660652
00.0000000335062667611296660652
00.0000000335062667611296660652
00.0000000335062667611296660652
00.0000000335062667611296660652
00.0000000335062667611296660652
00.0000000335062667611296660652
00.0000000335062667611296660652
00.0000000335062667611296660652
00.0000000335062667611296660652
00.0000000335062667611296660652
00.0000000335062667611296660652
00.0000000335062667611296660652
00.0000000335062667611296660652
00.0000000335062667611296660652
00.0000000335062667611296660652
00.0000000335062667611296660652
00.0000000335062667611296660652
00.0000000335062667611296660652
00.0000000335062667611296660652
00.0000000335062667611296660652
00.0000000335062667611296660652
00.0000000335062667611296660652
00.0000000335062667611296660652
00.0000000335062667611296660652
00.0000000335062667611296660652
00.0000000335062667611296660652
00.0000000335062667611296660652
00.0000000335062667611296660652
00.0000000335062667611296660652
00.0000000335062667611296660652
00.0000000335062667611296660652
00.0000000335062667611296660652
00.0000000335062667611296660652
00.0000000335062667611296660652
00.0000000335062667611296660652
00.0000000335062667611296660652
00.0000000335062667611296660652
00.0000000335062667611296660652
00.0000000335062667611296660652
00.0000000335062667611296660652
00.0000000335062667611296660652
00.0000000335062667611296660652
00.0000000335062667611296660652
00.0000000335062667611296660652
00.0000000335062667611296660652
00.0000000335062667611296660652
00.0000000335062667611296660652
00.0000000335062667611296660652
00.0000000335062667611296660652
00.0000000335062667611296660652
00.0000000335062667611296660652
00.0000000335062667611296660652
00.0000000335062667611296660652
00.0000000335062667611296660652
00.0000000335062667611296660652
00.0000000335062667611296660652
00.0000000335062667611296660652
00.0000000335062667611296660652
00.0000000335062667611296660652
00.0000000335062667611296660652
00.0000000335062667611296660652
00.0000000335062667611296660652
00.0000000335062667611296660652
00.0000000335062667611296660652
00.0000000335062667611296660652
00.0000000335062667611296660652
00.0000000335062667611296660652
00.0000000335062667611296660652
00.0000000335062667611296660652
00.0000000335062667611296660652
00.0000000335062667611296660652
00.0000000335062667611296660652
00.0000000335062667611296660652
00.0000000335062667611296660652
00.0000000335062667611296660652
00.0000000335062667611296660652
00.0000000335062667611296660652
00.0000000335062667611296660652
00.0000000335062667611296660652
00.0000000335062667611296660652
00.0000000335062667611296660652
00.0000000335062667611296660652
00.0000000335062667611296660652
00.0000000335062667611296660652
00.0000000335062667611296660652
00.0000000335062667611296660652
00.0000000335062667611296660652
00.0000000335062667611296660652
00.0000000335062667611296660652
00.0000000335062667611296660652
00.0000000335062667611296660652
00.0000000335062667611296660652
00.0000000335062667611296660652
00.0000000335062667611296660652
00.0000000335062667611296660652
00.0000000335062667611296660652
00.0000000335062667611296660652
00.0000000335062667611296660652
00.0000000335062667611296660652
00.0000000335062667611296660652
00.0000000335062667611296660652
00.0000000335062667611296660652
00.0000000335062667611296660652
00.0000000335062667611296660652
00.0000000335062667611296660652
00.0000000335062667611296660652
00.0000000335062667611296660652
00.0000000335062667611296660652
00.0000000335062667611296660652
00.0000000335062667611296660652
00.0000000335062667611296660652
00.0000000335062667611296660652
00.0000000335062667611296660652
00.0000000335062667611296660652
00.0000000335062667611296660652
00.0000000335062667611296660652
00.0000000335062667611296660652
00.0000000335062667611296660652
00.0000000335062667611296660652
00.0000000335062667611296660652
00.0000000335062667611296660652
00.0000000335062667611296660652
00.0000000335062667611296660652
00.0000000335062667611296660652
00.0000000335062667611296660652
00.0000000335062667611296660652
00.0000000335062667611296660652
00.0000000335062667611296660652
00.0000000335062667611296660652
00.0000000335062667611296660652
00.0000000335062667611296660652
00.0000000335062667611296660652
00.0000000335062667611296660652
00.0000000335062667611296660652
00.0000000335062667611296660652
00.0000000335062667611296660652
00.0000000335062667611296660652
00.0000000335062667611296660652
00.0000000335062667611296660652
00.0000000335062667611296660652
00.0000000335062667611296660652
00.0000000335062667611296660652
00.0000000335062667611296660652
00.0000000335062667611296660652
00.0000000335062667611296660652
00.0000000335062667611296660652
00.0000000335062667611296660652
00.0000000335062667611296660652
00.0000000335062667611296660652
00.0000000335062667611296660652
00.0000000335062667611296660652
00.0000000335062667611296660652
00.0000000335062667611296660652
00.0000000335062667611296660652
00.0000000335062667611296660652
00.0000000335062667611296660652
00.0000000335062667611296660652
00.0000000335062667611296660652
00.0000000335062667611296660652
00.0000000335062667611296660652
00.0000000335062667611296660652
00.0000000335062667611296660652
00.0000000335062667611296660652
00.0000000335062667611296660652
00.0000000335062667611296660652
00.0000000335062667611296660652
00.0000000335062667611296660652
00.0000000335062667611296660652
00.0000000335062667611296660652
00.0000000335062667611296660652
00.0000000335062667611296660652
00.0000000335062667611296660652
00.0000000335062667611296660652
00.0000000335062667611296660652
00.0000000335062667611296660652
00.0000000335062667611296660652
00.0000000335062667611296660652
00.0000000335062667611296660652
00.0000000335062667611296660652
00.0000000335062667611296660652
00.0000000335062667611296660652
00.0000000335062667611296660652
00.0000000335062667611296660652
00.0000000335062667611296660652
00.0000000335062667611296660652
00.0000000335062667611296660652
00.0000000335062667611296660652
00.0000000335062667611296660652
00.0000000335062667611296660652
00.0000000335062667611296660652
00.0000000335062667611296660652
00.0000000335062667611296660652
00.0000000335062667611296660652
00.0000000335062667611296660652
00.0000000335062667611296660652
00.0000000335062667611296660652
00.0000000335062667611296660652
00.0000000335062667611296660652
00.0000000335062667611296660652
00.0000000335062667611296660652
00.0000000335062667611296660652
00.0000000335062667611296660652
00.0000000335062667611296660652
00.0000000335062667611296660652
00.0000000335062667611296660652
00.0000000335062667611296660652
00.0000000335062667611296660652
00.0000000335062667611296660652
00.0000000335062667611296660652
00.0000000335062667611296660652
00.0000000335062667611296660652
00.0000000335062667611296660652
00.0000000335062667611296660652
00.0000000335062667611296660652
00.0000000335062667611296660652
00.0000000335062667611296660652
00.0000000335062667611296660652
00.0000000335062667611296660652
00.0000000335062667611296660652
00.0000000335062667611296660652
00.0000000335062667611296660652
00.0000000335062667611296660652
00.0000000335062667611296660652
00.0000000335062667611296660652
00.0000000335062667611296660652
00.0000000335062667611296660652
00.0000000335062667611296660652
00.0000000335062667611296660652
00.0000000335062667611296660652
00.0000000335062667611296660652
00.0000000335062667611296660652
00.0000000335062667611296660652
00.0000000335062667611296660652
00.0000000335062667611296660652
00.0000000335062667611296660652
00.0000000335062667611296660652
00.0000000335062667611296660652
00.0000000335062667611296660652
00.0000000335062667611296660652
00.0000000335062667611296660652
00.0000000335062667611296660652
00.0000000335062667611296660652
00.0000000335062667611296660652
00.0000000335062667611296660652
00.0000000335062667611296660652
00.0000000335062667611296660652
00.0000000335062667611296660652
00.0000000335062667611296660652
00.0000000335062667611296660652
00.0000000335062667611296660652
00.0000000335062667611296660652
00.0000000335062667611296660652
00.0000000335062667611296660652
00.0000000335062667611296660652
00.0000000335062667611296660652
00.0000000335062667611296660652
00.0000000335062667611296660652
00.0000000335062667611296660652
00.0000000335062667611296660652
00.0000000335062667611296660652
00.0000000335062667611296660652
00.0000000335062667611296660652
00.0000000335062667611296660652
00.0000000335062667611296660652
00.0000000335062667611296660652
00.0000000335062667611296660652
00.0000000335062667611296660652
00.0000000335062667611296660652
00.0000000335062667611296660652
00.0000000335062667611296660652
00.0000000335062667611296660652
00.0000000335062667611296660652
00.0000000335062667611296660652
00.0000000335062667611296660652
00.0000000335062667611296660652
00.0000000335062667611296660652
00.0000000335062667611296660652
00.0000000335062667611296660652
00.0000000335062667611296660652
00.0000000335062667611296660652
00.0000000335062667611296660652
00.0000000335062667611296660652
00.0000000335062667611296660652
00.0000000335062667611296660652
00.0000000335062667611296660652
00.0000000335062667611296660652
00.0000000335062667611296660652
00.0000000335062667611296660652
00.0000000335062667611296660652
00.0000000335062667611296660652
00.0000000335062667611296660652
00.0000000335062667611296660652
00.0000000335062667611296660652
00.0000000335062667611296660652
00.0000000335062667611296660652
00.0000000335062667611296660652
00.0000000335062667611296660652
00.0000000335062667611296660652
00.0000000335062667611296660652
00.0000000335062667611296660652
00.0000000335062667611296660652
00.0000000335062667611296660652
00.0000000335062667611296660652
00.0000000335062667611296660652
00.0000000335062667611296660652
00.0000000335062667611296660652
00.0000000335062667611296660652
00.0000000335062667611296660652
00.0000000335062667611296660652
00.0000000335062667611296660652
00.0000000335062667611296660652
00.0000000335062667611296660652
00.0000000335062667611296660652
00.0000000335062667611296660652
00.0000000335062667611296660652
00.0000000335062667611296660652
00.0000000335062667611296660652
00.0000000335062667611296660652
00.0000000335062667611296660652
00.0000000335062667611296660652
00.0000000335062667611296660652
00.0000000335062667611296660652
00.0000000335062667611296660652
00.0000000335062667611296660652
00.0000000335062667611296660652
00.0000000335062667611296660652
00.0000000335062667611296660652
00.0000000335062667611296660652
00.0000000335062667611296660652
00.0000000335062667611296660652
00.0000000335062667611296660652
00.0000000335062667611296660652
00.0000000335062667611296660652
00.0000000335062667611296660652
00.0000000335062667611296660652
00.0000000335062667611296660652
00.0000000335062667611296660652
00.0000000335062667611296660652
00.0000000335062667611296660652
00.0000000335062667611296660652
00.0000000335062667611296660652
00.0000000335062667611296660652
00.0000000335062667611296660652
00.0000000335062667611296660652
00.0000000335062667611296660652
00.0000000335062667611296660652
00.0000000335062667611296660652
00.0000000335062667611296660652
00.0000000335062667611296660652
00.0000000335062667611296660652
00.0000000335062667611296660652
00.0000000335062667611296660652
00.0000000335062667611296660652
00.0000000335062667611296660652
00.0000000335062667611296660652
00.0000000335062667611296660652
00.0000000335062667611296660652
00.0000000335062667611296660652
00.0000000335062667611296660652
00.0000000335062667611296660652
00.0000000335062667611296660652
00.0000000335062667611296660652
00.0000000335062667611296660652
00.0000000335062667611296660652
00.0000000335062667611296660652
00.0000000335062667611296660652
00.0000000335062667611296660652
00.0000000335062667611296660652
00.0000000335062667611296660652
00.0000000335062667611296660652
00.0000000335062667611296660652
00.0000000335062667611296660652
00.0000000335062667611296660652
00.0000000335062667611296660652
00.0000000335062667611296660652
00.0000000335062667611296660652
00.0000000335062667611296660652
00.0000000335062667611296660652
00.0000000335062667611296660652
00.0000000335062667611296660652
00.0000000335062667611296660652
00.0000000335062667611296660652
00.0000000335062667611296660652
00.0000000335062667611296660652
00.0000000335062667611296660652
00.0000000335062667611296660652
00.0000000335062667611296660652
00.0000000335062667611296660652
00.0000000335062667611296660652
00.0000000335062667611296660652
00.0000000335062667611296660652
00.0000000335062667611296660652
00.0000000335062667611296660652
00.0000000335062667611296660652
00.0000000335062667611296660652
00.0000000335062667611296660652
00.0000000335062667611296660652
00.0000000335062667611296660652
00.0000000335062667611296660652
00.0000000335062667611296660652
00.0000000335062667611296660652
00.0000000335062667611296660652
00.0000000335062667611296660652
00.0000000335062667611296660652
00.0000000335062667611296660652
00.0000000335062667611296660652
00.0000000335062667611296660652
00.0000000335062667611296660652
00.0000000335062667611296660652
00.0000000335062667611296660652
00.0000000335062667611296660652
00.0000000335062667611296660652
00.0000000335062667611296660652
00.0000000335062667611296660652
00.0000000335062667611296660652
00.0000000335062667611296660652
00.0000000335062667611296660652
00.0000000335062667611296660652
00.0000000335062667611296660652
00.0000000335062667611296660652
00.0000000335062667611296660652
00.0000000335062667611296660652
00.0000000335062667611296660652
00.0000000335062667611296660652
00.0000000335062667611296660652
00.0000000335062667611296660652
00.0000000335062667611296660652
00.0000000335062667611296660652
00.0000000335062667611296660652
00.0000000335062667611296660652
00.0000000335062667611296660652
00.0000000335062667611296660652
00.0000000335062667611296660652
00.0000000335062667611296660652
00.0000000335062667611296660652
00.0000000335062667611296660652
00.0000000335062667611296660652
00.0000000335062667611296660652
00.0000000335062667611296660652
00.0000000335062667611296660652
00.0000000335062667611296660652
00.0000000335062667611296660652
00.0000000335062667611296660652
00.0000000335062667611296660652
00.0000000335062667611296660652
00.0000000335062667611296660652
00.0000000335062667611296660652
00.0000000335062667611296660652
00.0000000335062667611296660652
00.0000000335062667611296660652
00.0000000335062667611296660652
00.0000000335062667611296660652
00.0000000335062667611296660652
00.0000000335062667611296660652
00.0000000335062667611296660652
00.0000000335062667611296660652
00.0000000335062667611296660652
00.0000000335062667611296660652
00.0000000335062667611296660652
00.0000000335062667611296660652
00.0000000335062667611296660652
00.0000000335062667611296660652
00.0000000335062667611296660652
00.0000000335062667611296660652
00.0000000335062667611296660652
00.0000000335062667611296660652
00.0000000335062667611296660652
00.0000000335062667611296660652
00.0000000335062667611296660652
00.0000000335062667611296660652
00.0000000335062667611296660652
00.0000000335062667611296660652
00.0000000335062667611296660652
00.0000000335062667611296660652
00.0000000335062667611296660652
00.0000000335062667611296660652
00.0000000335062667611296660652
00.0000000335062667611296660652
00.0000000335062667611296660652
00.0000000335062667611296660652
00.0000000335062667611296660652
00.0000000335062667611296660652
00.0000000335062667611296660652
00.0000000335062667611296660652
00.0000000335062667611296660652
00.0000000335062667611296660652
00.0000000335062667611296660652
00.0000000335062667611296660652
00.0000000335062667611296660652
00.0000000335062667611296660652
00.0000000335062667611296660652
00.0000000335062667611296660652
00.0000000335062667611296660652
00.0000000335062667611296660652
00.0000000335062667611296660652
00.0000000335062667611296660652
00.0000000335062667611296660652
00.0000000335062667611296660652
00.0000000335062667611296660652
00.0000000335062667611296660652
00.0000000335062667611296660652
00.0000000335062667611296660652
00.0000000335062667611296660652
00.0000000335062667611296660652
00.0000000335062667611296660652
00.0000000335062667611296660652
00.0000000335062667611296660652
00.0000000335062667611296660652
00.0000000335062667611296660652
00.0000000335062667611296660652
00.0000000335062667611296660652
00.0000000335062667611296660652
00.0000000335062667611296660652
00.0000000335062667611296660652
00.0000000335062667611296660652
00.0000000335062667611296660652
00.0000000335062667611296660652
00.0000000335062667611296660652
00.0000000335062667611296660652
00.0000000335062667611296660652
00.0000000335062667611296660652
00.0000000335062667611296660652
00.0000000335062667611296660652
00.0000000335062667611296660652
00.0000000335062667611296660652
00.0000000335062667611296660652
00.0000000335062667611296660652
00.0000000335062667611296660652
00.0000000335062667611296660652
00.0000000335062667611296660652
00.0000000335062667611296660652
00.0000000335062667611296660652
00.0000000335062667611296660652
00.0000000335062667611296660652
00.0000000335062667611296660652
00.0000000335062667611296660652
00.0000000335062667611296660652
00.0000000335062667611296660652
00.0000000335062667611296660652
00.0000000335062667611296660652
00.0000000335062667611296660652
00.0000000344362648396767667691
00.0000000344362648396767667691
00.0000000344362648396767667691
00.0000000344362648396767667691
00.0000000344362648396767667691
00.0000000344362648396767667691
00.0000000344362648396767667691
00.0000000344362648396767667691
00.0000000344362648396767667691
00.0000000344362648396767667691
00.0000000344362648396767667691
00.0000000344362648396767667691
00.0000000344362648396767667691
00.0000000344362648396767667691
00.0000000344362648396767667691
00.0000000344362648396767667691
00.0000000344362648396767667691
00.0000000344362648396767667691
00.0000000344362648396767667691
00.0000000344362648396767667691
00.0000000344362648396767667691
00.0000000344362648396767667691
00.0000000344362648396767667691
00.0000000344362648396767667691
00.0000000344362648396767667691
00.0000000344362648396767667691
00.0000000344362648396767667691
00.0000000344362648396767667691
00.0000000344362648396767667691
00.0000000344362648396767667691
00.0000000344362648396767667691
00.0000000344362648396767667691
00.0000000344362648396767667691
00.0000000344362648396767667691
00.0000000344362648396767667691
00.0000000344362648396767667691
00.0000000344362648396767667691
00.0000000344362648396767667691
00.0000000344362648396767667691
00.0000000344362648396767667691
00.0000000344362648396767667691
00.0000000344362648396767667691
00.0000000344362648396767667691
00.0000000344362648396767667691
00.0000000344362648396767667691
00.0000000344362648396767667691
00.0000000344362648396767667691
00.0000000344362648396767667691
00.0000000344362648396767667691
00.0000000344362648396767667691
00.0000000344362648396767667691
00.0000000344362648396767667691
00.0000000344362648396767667691
00.0000000344362648396767667691
00.0000000344362648396767667691
00.0000000344362648396767667691
00.0000000344362648396767667691
00.0000000344362648396767667691
00.0000000344362648396767667691
00.0000000344362648396767667691
00.0000000344362648396767667691
00.0000000344362648396767667691
00.0000000344362648396767667691
00.0000000344362648396767667691
00.0000000344362648396767667691
00.0000000344362648396767667691
00.0000000344362648396767667691
00.0000000344362648396767667691
00.0000000344362648396767667691
00.0000000344362648396767667691
00.0000000344362648396767667691
00.0000000344362648396767667691
00.0000000344362648396767667691
00.0000000344362648396767667691
00.0000000344362648396767667691
00.0000000344362648396767667691
00.0000000344362648396767667691
00.0000000344362648396767667691
00.0000000344362648396767667691
00.0000000344362648396767667691
00.0000000344362648396767667691
00.0000000344362648396767667691
00.0000000344362648396767667691
00.0000000344362648396767667691
00.0000000344362648396767667691
00.0000000344362648396767667691
00.0000000344362648396767667691
00.0000000344362648396767667691
00.0000000344362648396767667691
00.0000000344362648396767667691
00.0000000344362648396767667691
00.0000000344362648396767667691
00.0000000344362648396767667691
00.0000000344362648396767667691
00.0000000344362648396767667691
00.0000000344362648396767667691
00.0000000344362648396767667691
00.0000000344362648396767667691
00.0000000344362648396767667691
00.0000000344362648396767667691
00.0000000344362648396767667691
00.0000000344362648396767667691
00.0000000344362648396767667691
00.0000000344362648396767667691
00.0000000344362648396767667691
00.0000000344362648396767667691
00.0000000344362648396767667691
00.0000000344362648396767667691
00.0000000344362648396767667691
00.0000000344362648396767667691
00.0000000344362648396767667691
00.0000000344362648396767667691
00.0000000344362648396767667691
00.0000000344362648396767667691
00.0000000344362648396767667691
00.0000000344362648396767667691
00.0000000344362648396767667691
00.0000000344362648396767667691
00.0000000344362648396767667691
00.0000000344362648396767667691
00.0000000344362648396767667691
00.0000000344362648396767667691
00.0000000344362648396767667691
00.0000000344362648396767667691
00.0000000344362648396767667691
00.0000000344362648396767667691
00.0000000344362648396767667691
00.0000000344362648396767667691
00.0000000344362648396767667691
00.0000000344362648396767667691
00.0000000344362648396767667691
00.0000000344362648396767667691
00.0000000344362648396767667691
00.0000000344362648396767667691
00.0000000344362648396767667691
00.0000000344362648396767667691
00.0000000344362648396767667691
00.0000000344362648396767667691
00.0000000344362648396767667691
00.0000000344362648396767667691
00.0000000344362648396767667691
00.0000000344362648396767667691
00.0000000344362648396767667691
00.0000000344362648396767667691
00.0000000344362648396767667691
00.0000000344362648396767667691
00.0000000344362648396767667691
00.0000000344362648396767667691
00.0000000344362648396767667691
00.0000000344362648396767667691
00.0000000344362648396767667691
00.0000000344362648396767667691
00.0000000344362648396767667691
00.0000000344362648396767667691
00.0000000344362648396767667691
00.0000000344362648396767667691
00.0000000344362648396767667691
00.0000000344362648396767667691
00.0000000344362648396767667691
00.0000000344362648396767667691
00.0000000344362648396767667691
00.0000000344362648396767667691
00.0000000344362648396767667691
00.0000000344362648396767667691
00.0000000344362648396767667691
00.0000000344362648396767667691
00.0000000344362648396767667691
00.0000000344362648396767667691
00.0000000344362648396767667691
00.0000000344362648396767667691
00.0000000344362648396767667691
00.0000000344362648396767667691
00.0000000344362648396767667691
00.0000000344362648396767667691
00.0000000344362648396767667691
00.0000000344362648396767667691
00.0000000344362648396767667691
00.0000000344362648396767667691
00.0000000344362648396767667691
00.0000000344362648396767667691
00.0000000344362648396767667691
00.0000000344362648396767667691
00.0000000344362648396767667691
00.0000000344362648396767667691
00.0000000344362648396767667691
00.0000000344362648396767667691
00.0000000344362648396767667691
00.0000000344362648396767667691
00.0000000344362648396767667691
00.0000000344362648396767667691
00.0000000344362648396767667691
00.0000000344362648396767667691
00.0000000344362648396767667691
00.0000000344362648396767667691
00.0000000344362648396767667691
00.0000000344362648396767667691
00.0000000344362648396767667691
00.0000000344362648396767667691
00.0000000344362648396767667691
00.0000000344362648396767667691
00.0000000344362648396767667691
00.0000000344362648396767667691
00.0000000344362648396767667691
00.0000000344362648396767667691
00.0000000344362648396767667691
00.0000000344362648396767667691
00.0000000344362648396767667691
00.0000000344362648396767667691
00.0000000344362648396767667691
00.0000000344362648396767667691
00.0000000344362648396767667691
00.0000000344362648396767667691
00.0000000344362648396767667691
00.0000000344362648396767667691
00.0000000344362648396767667691
00.0000000344362648396767667691
00.0000000344362648396767667691
00.0000000344362648396767667691
00.0000000344362648396767667691
00.0000000344362648396767667691
00.0000000344362648396767667691
00.0000000344362648396767667691
00.0000000344362648396767667691
00.0000000344362648396767667691
00.0000000344362648396767667691
00.0000000344362648396767667691
00.0000000344362648396767667691
00.0000000344362648396767667691
00.0000000344362648396767667691
00.0000000344362648396767667691
00.0000000344362648396767667691
00.0000000344362648396767667691
00.0000000344362648396767667691
00.0000000344362648396767667691
00.0000000344362648396767667691
00.0000000344362648396767667691
00.0000000344362648396767667691
00.0000000344362648396767667691
00.0000000344362648396767667691
00.0000000344362648396767667691
00.0000000344362648396767667691
00.0000000344362648396767667691
00.0000000344362648396767667691
00.0000000344362648396767667691
00.0000000344362648396767667691
00.0000000344362648396767667691
00.0000000344362648396767667691
00.0000000344362648396767667691
00.0000000344362648396767667691
00.0000000344362648396767667691
00.0000000344362648396767667691
00.0000000344362648396767667691
00.0000000344362648396767667691
00.0000000344362648396767667691
00.0000000344362648396767667691
00.0000000344362648396767667691
00.0000000344362648396767667691
00.0000000344362648396767667691
00.0000000344362648396767667691
00.0000000344362648396767667691
00.0000000344362648396767667691
00.0000000344362648396767667691
00.0000000344362648396767667691
00.0000000344362648396767667691
00.0000000344362648396767667691
00.0000000344362648396767667691
00.0000000344362648396767667691
00.0000000344362648396767667691
00.0000000344362648396767667691
00.0000000344362648396767667691
00.0000000344362648396767667691
00.0000000344362648396767667691
00.0000000344362648396767667691
00.0000000344362648396767667691
00.0000000344362648396767667691
00.0000000344362648396767667691
00.0000000344362648396767667691
00.0000000344362648396767667691
00.0000000344362648396767667691
00.0000000344362648396767667691
00.0000000344362648396767667691
00.0000000344362648396767667691
00.0000000344362648396767667691
00.0000000344362648396767667691
00.0000000344362648396767667691
00.0000000344362648396767667691
00.0000000344362648396767667691
00.0000000344362648396767667691
00.0000000344362648396767667691
00.0000000344362648396767667691
00.0000000344362648396767667691
00.0000000344362648396767667691
00.0000000344362648396767667691
00.0000000344362648396767667691
00.0000000344362648396767667691
00.0000000344362648396767667691
00.0000000344362648396767667691
00.0000000344362648396767667691
00.0000000344362648396767667691
00.0000000344362648396767667691
00.0000000344362648396767667691
00.0000000344362648396767667691
00.0000000344362648396767667691
00.0000000344362648396767667691
00.0000000344362648396767667691
00.0000000344362648396767667691
00.0000000344362648396767667691
00.0000000344362648396767667691
00.0000000344362648396767667691
00.0000000344362648396767667691
00.0000000344362648396767667691
00.0000000344362648396767667691
00.0000000344362648396767667691
00.0000000344362648396767667691
00.0000000344362648396767667691
00.0000000344362648396767667691
00.0000000344362648396767667691
00.0000000344362648396767667691
00.0000000344362648396767667691
00.0000000344362648396767667691
00.0000000344362648396767667691
00.0000000344362648396767667691
00.0000000344362648396767667691
00.0000000344362648396767667691
00.0000000344362648396767667691
00.0000000344362648396767667691
00.0000000344362648396767667691
00.0000000344362648396767667691
00.0000000344362648396767667691
00.0000000344362648396767667691
00.0000000344362648396767667691
00.0000000344362648396767667691
00.0000000344362648396767667691
00.0000000344362648396767667691
00.0000000344362648396767667691
00.0000000344362648396767667691
00.0000000344362648396767667691
00.0000000344362648396767667691
00.0000000344362648396767667691
00.0000000344362648396767667691
00.0000000344362648396767667691
00.0000000344362648396767667691
00.0000000344362648396767667691
00.0000000344362648396767667691
00.0000000344362648396767667691
00.0000000344362648396767667691
00.0000000344362648396767667691
00.0000000344362648396767667691
00.0000000344362648396767667691
00.0000000344362648396767667691
00.0000000344362648396767667691
00.0000000344362648396767667691
00.0000000344362648396767667691
00.0000000344362648396767667691
00.0000000344362648396767667691
00.0000000344362648396767667691
00.0000000344362648396767667691
00.0000000344362648396767667691
00.0000000344362648396767667691
00.0000000344362648396767667691
00.0000000344362648396767667691
00.0000000344362648396767667691
00.0000000344362648396767667691
00.0000000344362648396767667691
00.0000000344362648396767667691
00.0000000344362648396767667691
00.0000000344362648396767667691
00.0000000344362648396767667691
00.0000000344362648396767667691
00.0000000344362648396767667691
00.0000000344362648396767667691
00.0000000344362648396767667691
00.0000000344362648396767667691
00.0000000344362648396767667691
00.0000000344362648396767667691
00.0000000344362648396767667691
00.0000000344362648396767667691
00.0000000344362648396767667691
00.0000000344362648396767667691
00.0000000344362648396767667691
00.0000000344362648396767667691
00.0000000344362648396767667691
00.0000000344362648396767667691
00.0000000344362648396767667691
00.0000000344362648396767667691
00.0000000344362648396767667691
00.0000000344362648396767667691
00.0000000344362648396767667691
00.0000000344362648396767667691
00.0000000344362648396767667691
00.0000000344362648396767667691
00.0000000344362648396767667691
00.0000000344362648396767667691
00.0000000344362648396767667691
00.0000000344362648396767667691
00.0000000344362648396767667691
00.0000000344362648396767667691
00.0000000344362648396767667691
00.0000000344362648396767667691
00.0000000344362648396767667691
00.0000000344362648396767667691
00.0000000344362648396767667691
00.0000000344362648396767667691
00.0000000344362648396767667691
00.0000000344362648396767667691
00.0000000344362648396767667691
00.0000000344362648396767667691
00.0000000344362648396767667691
00.0000000344362648396767667691
00.0000000344362648396767667691
00.0000000344362648396767667691
00.0000000344362648396767667691
00.0000000344362648396767667691
00.0000000344362648396767667691
00.0000000344362648396767667691
00.0000000344362648396767667691
00.0000000344362648396767667691
00.0000000344362648396767667691
00.0000000344362648396767667691
00.0000000344362648396767667691
00.0000000344362648396767667691
00.0000000344362648396767667691
00.0000000344362648396767667691
00.0000000344362648396767667691
00.0000000344362648396767667691
00.0000000344362648396767667691
00.0000000344362648396767667691
00.0000000344362648396767667691
00.0000000344362648396767667691
00.0000000344362648396767667691
00.0000000344362648396767667691
00.0000000344362648396767667691
00.0000000344362648396767667691
00.0000000344362648396767667691
00.0000000344362648396767667691
00.0000000344362648396767667691
00.0000000344362648396767667691
00.0000000344362648396767667691
00.0000000344362648396767667691
00.0000000344362648396767667691
00.0000000344362648396767667691
00.0000000344362648396767667691
00.0000000344362648396767667691
00.0000000344362648396767667691
00.0000000344362648396767667691
00.0000000344362648396767667691
00.0000000344362648396767667691
00.0000000344362648396767667691
00.0000000344362648396767667691
00.0000000344362648396767667691
00.0000000344362648396767667691
00.0000000344362648396767667691
00.0000000344362648396767667691
00.0000000344362648396767667691
00.0000000344362648396767667691
00.0000000344362648396767667691
00.0000000344362648396767667691
00.0000000344362648396767667691
00.0000000344362648396767667691
00.0000000344362648396767667691
00.0000000344362648396767667691
00.0000000344362648396767667691
00.0000000344362648396767667691
00.0000000344362648396767667691
00.0000000344362648396767667691
00.0000000344362648396767667691
00.0000000344362648396767667691
00.0000000344362648396767667691
00.0000000344362648396767667691
00.0000000344362648396767667691
00.0000000344362648396767667691
00.0000000344362648396767667691
00.0000000344362648396767667691
00.0000000344362648396767667691
00.0000000344362648396767667691
00.0000000344362648396767667691
00.0000000344362648396767667691
00.0000000344362648396767667691
00.0000000344362648396767667691
00.0000000344362648396767667691
00.0000000344362648396767667691
00.0000000344362648396767667691
00.0000000344362648396767667691
00.0000000344362648396767667691
00.0000000344362648396767667691
00.0000000344362648396767667691
00.0000000344362648396767667691
00.0000000344362648396767667691
00.0000000344362648396767667691
00.0000000344362648396767667691
00.0000000344362648396767667691
00.0000000344362648396767667691
00.0000000344362648396767667691
00.0000000344362648396767667691
00.0000000344362648396767667691
00.0000000344362648396767667691
00.0000000344362648396767667691
00.0000000344362648396767667691
00.0000000344362648396767667691
00.0000000344362648396767667691
00.0000000344362648396767667691
00.0000000344362648396767667691
00.0000000344362648396767667691
00.0000000344362648396767667691
00.0000000344362648396767667691
00.0000000344362648396767667691
00.0000000344362648396767667691
00.0000000344362648396767667691
00.0000000344362648396767667691
00.0000000344362648396767667691
00.0000000344362648396767667691
00.0000000344362648396767667691
00.0000000344362648396767667691
00.0000000344362648396767667691
00.0000000344362648396767667691
00.0000000344362648396767667691
00.0000000344362648396767667691
00.0000000344362648396767667691
00.0000000344362648396767667691
00.0000000344362648396767667691
00.0000000344362648396767667691
00.0000000344362648396767667691
00.0000000344362648396767667691
00.0000000344362648396767667691
00.0000000344362648396767667691
00.0000000344362648396767667691
00.0000000344362648396767667691
00.0000000344362648396767667691
00.0000000344362648396767667691
00.0000000344362648396767667691
00.0000000344362648396767667691
00.0000000344362648396767667691
00.0000000344362648396767667691
00.0000000344362648396767667691
00.0000000344362648396767667691
00.0000000344362648396767667691
00.0000000344362648396767667691
00.0000000344362648396767667691
00.0000000344362648396767667691
00.0000000344362648396767667691
00.0000000344362648396767667691
00.0000000344362648396767667691
00.0000000344362648396767667691
00.0000000344362648396767667691
00.0000000344362648396767667691
00.0000000344362648396767667691
00.0000000344362648396767667691
00.0000000344362648396767667691
00.0000000344362648396767667691
00.0000000344362648396767667691
00.0000000344362648396767667691
00.0000000344362648396767667691
00.0000000344362648396767667691
00.0000000344362648396767667691
00.0000000344362648396767667691
00.0000000344362648396767667691
00.0000000344362648396767667691
00.0000000344362648396767667691
00.0000000344362648396767667691
00.0000000344362648396767667691
00.0000000344362648396767667691
00.0000000344362648396767667691
00.0000000344362648396767667691
00.0000000344362648396767667691
00.0000000344362648396767667691
00.0000000344362648396767667691
00.0000000344362648396767667691
00.0000000344362648396767667691
00.0000000344362648396767667691
00.0000000344362648396767667691
00.0000000344362648396767667691
00.0000000344362648396767667691
00.0000000344362648396767667691
00.0000000344362648396767667691
00.0000000344362648396767667691
00.0000000344362648396767667691
00.0000000344362648396767667691
00.0000000344362648396767667691
00.0000000344362648396767667691
00.0000000344362648396767667691
00.0000000344362648396767667691
00.0000000344362648396767667691
00.0000000344362648396767667691
00.0000000344362648396767667691
00.0000000344362648396767667691
00.0000000344362648396767667691
00.0000000344362648396767667691
00.0000000344362648396767667691
00.0000000344362648396767667691
00.0000000344362648396767667691
00.0000000344362648396767667691
00.0000000344362648396767667691
00.0000000344362648396767667691
00.0000000344362648396767667691
00.0000000344362648396767667691
00.0000000344362648396767667691
00.0000000344362648396767667691
00.0000000344362648396767667691
00.0000000344362648396767667691
00.0000000344362648396767667691
00.0000000344362648396767667691
00.0000000344362648396767667691
00.0000000344362648396767667691
00.0000000344362648396767667691
00.0000000344362648396767667691
00.0000000344362648396767667691
00.0000000344362648396767667691
00.0000000344362648396767667691
00.0000000344362648396767667691
00.0000000344362648396767667691
00.0000000344362648396767667691
00.0000000344362648396767667691
00.0000000344362648396767667691
00.0000000344362648396767667691
00.0000000344362648396767667691
00.0000000344362648396767667691
00.0000000344362648396767667691
00.0000000344362648396767667691
00.0000000344362648396767667691
00.0000000344362648396767667691
00.0000000344362648396767667691
00.0000000344362648396767667691
00.0000000344362648396767667691
00.0000000344362648396767667691
00.0000000344362648396767667691
00.0000000344362648396767667691
00.0000000344362648396767667691
00.0000000344362648396767667691
00.0000000344362648396767667691
00.0000000344362648396767667691
00.0000000344362648396767667691
00.0000000344362648396767667691
00.0000000344362648396767667691
00.0000000344362648396767667691
00.0000000344362648396767667691
00.0000000344362648396767667691
00.0000000344362648396767667691
00.0000000344362648396767667691
00.0000000344362648396767667691
00.0000000344362648396767667691
00.0000000344362648396767667691
00.0000000344362648396767667691
00.0000000344362648396767667691
00.0000000344362648396767667691
00.0000000344362648396767667691
00.0000000344362648396767667691
00.0000000344362648396767667691
00.0000000344362648396767667691
00.0000000344362648396767667691
00.0000000344362648396767667691
00.0000000344362648396767667691
00.0000000344362648396767667691
00.0000000344362648396767667691
00.0000000344362648396767667691
00.0000000344362648396767667691
00.0000000344362648396767667691
00.0000000344362648396767667691
00.0000000344362648396767667691
00.0000000344362648396767667691
00.0000000344362648396767667691
00.0000000344362648396767667691
00.0000000344362648396767667691
00.0000000344362648396767667691
00.0000000344362648396767667691
00.0000000344362648396767667691
00.0000000344362648396767667691
00.0000000344362648396767667691
00.0000000344362648396767667691
00.0000000344362648396767667691
00.0000000344362648396767667691
00.0000000344362648396767667691
00.0000000344362648396767667691
00.0000000344362648396767667691
00.0000000344362648396767667691
00.0000000344362648396767667691
00.0000000344362648396767667691
00.0000000344362648396767667691
00.0000000344362648396767667691
00.0000000344362648396767667691
00.0000000344362648396767667691
00.0000000344362648396767667691
00.0000000344362648396767667691
00.0000000344362648396767667691
00.0000000344362648396767667691
00.0000000344362648396767667691
00.0000000344362648396767667691
00.0000000344362648396767667691
00.0000000344362648396767667691
00.0000000344362648396767667691
00.0000000344362648396767667691
00.0000000344362648396767667691
00.0000000344362648396767667691
00.0000000344362648396767667691
00.0000000344362648396767667691
00.0000000344362648396767667691
00.0000000344362648396767667691
00.0000000344362648396767667691
00.0000000344362648396767667691
00.0000000344362648396767667691
00.0000000344362648396767667691
00.0000000344362648396767667691
00.0000000344362648396767667691
00.0000000344362648396767667691
00.0000000344362648396767667691
00.0000000344362648396767667691
00.0000000344362648396767667691
00.0000000344362648396767667691
00.0000000344362648396767667691
00.0000000344362648396767667691
00.0000000344362648396767667691
00.0000000344362648396767667691
00.0000000344362648396767667691
00.0000000344362648396767667691
00.0000000344362648396767667691
00.0000000344362648396767667691
00.0000000344362648396767667691
00.0000000344362648396767667691
00.0000000344362648396767667691
00.0000000344362648396767667691
00.0000000344362648396767667691
00.0000000344362648396767667691
00.0000000344362648396767667691
00.0000000344362648396767667691
00.0000000344362648396767667691
00.0000000344362648396767667691
00.0000000344362648396767667691
00.0000000344362648396767667691
00.0000000344362648396767667691
00.0000000344362648396767667691
00.0000000344362648396767667691
00.0000000344362648396767667691
00.0000000344362648396767667691
00.0000000344362648396767667691
00.0000000344362648396767667691
00.0000000344362648396767667691
00.0000000344362648396767667691
00.0000000344362648396767667691
00.0000000344362648396767667691
00.0000000344362648396767667691
00.0000000344362648396767667691
00.0000000344362648396767667691
00.0000000344362648396767667691
00.0000000344362648396767667691
00.0000000344362648396767667691
00.0000000344362648396767667691
00.0000000344362648396767667691
00.0000000344362648396767667691
00.0000000344362648396767667691
00.0000000344362648396767667691
00.0000000344362648396767667691
00.0000000344362648396767667691
00.0000000344362648396767667691
00.0000000344362648396767667691
00.0000000344362648396767667691
00.0000000344362648396767667691
00.0000000344362648396767667691
00.0000000344362648396767667691
00.0000000344362648396767667691
00.0000000344362648396767667691
00.0000000344362648396767667691
00.0000000344362648396767667691
00.0000000344362648396767667691
00.0000000344362648396767667691
00.0000000344362648396767667691
00.0000000344362648396767667691
00.0000000344362648396767667691
00.0000000344362648396767667691
00.0000000344362648396767667691
00.0000000344362648396767667691
00.0000000344362648396767667691
00.0000000344362648396767667691
00.0000000344362648396767667691
00.0000000344362648396767667691
00.0000000344362648396767667691
00.0000000344362648396767667691
00.0000000344362648396767667691
00.0000000344362648396767667691
00.0000000344362648396767667691
00.0000000344362648396767667691
00.0000000344362648396767667691
00.0000000344362648396767667691
00.0000000344362648396767667691
00.0000000344362648396767667691
00.0000000344362648396767667691
00.0000000344362648396767667691
00.0000000344362648396767667691
00.0000000344362648396767667691
00.0000000344362648396767667691
00.0000000344362648396767667691
00.0000000344362648396767667691
00.0000000344362648396767667691
00.0000000344362648396767667691
00.0000000344362648396767667691
00.0000000344362648396767667691
00.0000000344362648396767667691
00.0000000344362648396767667691
00.0000000344362648396767667691
00.0000000344362648396767667691
00.0000000344362648396767667691
00.0000000344362648396767667691
00.0000000344362648396767667691
00.0000000344362648396767667691
00.0000000344362648396767667691
00.0000000344362648396767667691
00.0000000344362648396767667691
00.0000000344362648396767667691
00.0000000344362648396767667691
00.0000000344362648396767667691
00.0000000344362648396767667691
00.0000000344362648396767667691
00.0000000344362648396767667691
00.0000000344362648396767667691
00.0000000344362648396767667691
00.0000000344362648396767667691
00.0000000344362648396767667691
00.0000000344362648396767667691
00.0000000344362648396767667691
00.0000000344362648396767667691
00.0000000344362648396767667691
00.0000000344362648396767667691
00.0000000344362648396767667691
00.0000000344362648396767667691
00.0000000344362648396767667691
00.0000000344362648396767667691
00.0000000344362648396767667691
00.0000000344362648396767667691
00.0000000344362648396767667691
00.0000000344362648396767667691
00.0000000344362648396767667691
00.0000000344362648396767667691
00.0000000344362648396767667691
00.0000000344362648396767667691
00.0000000344362648396767667691
00.0000000344362648396767667691
00.0000000344362648396767667691
00.0000000344362648396767667691
00.0000000344362648396767667691
00.0000000344362648396767667691
00.0000000344362648396767667691
00.0000000344362648396767667691
00.0000000344362648396767667691
00.0000000344362648396767667691
00.0000000344362648396767667691
00.0000000344362648396767667691
00.0000000344362648396767667691
00.0000000344362648396767667691
00.0000000344362648396767667691
00.0000000344362648396767667691
00.0000000344362648396767667691
00.0000000344362648396767667691
00.0000000344362648396767667691
00.0000000344362648396767667691
00.0000000344362648396767667691
00.0000000344362648396767667691
00.0000000344362648396767667691
00.0000000344362648396767667691
00.0000000344362648396767667691
00.0000000344362648396767667691
00.0000000344362648396767667691
00.0000000344362648396767667691
00.0000000344362648396767667691
00.0000000344362648396767667691
00.0000000344362648396767667691
00.0000000344362648396767667691
00.0000000344362648396767667691
00.0000000344362648396767667691
00.0000000344362648396767667691
00.0000000344362648396767667691
00.0000000344362648396767667691
00.0000000344362648396767667691
00.0000000344362648396767667691
00.0000000344362648396767667691
00.0000000344362648396767667691
00.0000000344362648396767667691
00.0000000344362648396767667691
00.0000000344362648396767667691
00.0000000344362648396767667691
00.0000000344362648396767667691
00.0000000344362648396767667691
00.0000000344362648396767667691
00.0000000344362648396767667691
00.0000000344362648396767667691
00.0000000344362648396767667691
00.0000000344362648396767667691
00.0000000344362648396767667691
00.0000000344362648396767667691
00.0000000344362648396767667691
00.0000000344362648396767667691
00.0000000344362648396767667691
00.0000000344362648396767667691
00.0000000344362648396767667691
00.0000000344362648396767667691
00.0000000344362648396767667691
00.0000000344362648396767667691
00.0000000344362648396767667691
00.0000000344362648396767667691
00.0000000344362648396767667691
00.0000000344362648396767667691
00.0000000344362648396767667691
00.0000000344362648396767667691
00.0000000344362648396767667691
00.0000000344362648396767667691
00.0000000344362648396767667691
00.0000000344362648396767667691
00.0000000344362648396767667691
00.0000000344362648396767667691
00.0000000344362648396767667691
00.0000000344362648396767667691
00.0000000344362648396767667691
00.0000000344362648396767667691
00.0000000344362648396767667691
00.0000000344362648396767667691
00.0000000344362648396767667691
00.0000000344362648396767667691
00.0000000344362648396767667691
00.0000000344362648396767667691
00.0000000344362648396767667691
00.0000000344362648396767667691
00.0000000344362648396767667691
00.0000000344362648396767667691
00.0000000344362648396767667691
00.0000000344362648396767667691
00.0000000344362648396767667691
00.0000000344362648396767667691
00.0000000344362648396767667691
00.0000000344362648396767667691
00.0000000344362648396767667691
00.0000000344362648396767667691
00.0000000344362648396767667691
00.0000000344362648396767667691
00.0000000344362648396767667691
00.0000000344362648396767667691
00.0000000344362648396767667691
00.0000000344362648396767667691
00.0000000344362648396767667691
00.0000000344362648396767667691
00.0000000344362648396767667691
00.0000000344362648396767667691
00.0000000344362648396767667691
00.0000000344362648396767667691
00.0000000344362648396767667691
00.0000000344362648396767667691
00.0000000344362648396767667691
00.0000000344362648396767667691
00.0000000344362648396767667691
00.0000000344362648396767667691
00.0000000344362648396767667691
00.0000000344362648396767667691
00.0000000344362648396767667691
00.0000000344362648396767667691
00.0000000344362648396767667691
00.0000000344362648396767667691
00.0000000344362648396767667691
00.0000000344362648396767667691
00.0000000344362648396767667691
00.0000000344362648396767667691
00.0000000344362648396767667691
00.0000000344362648396767667691
00.0000000344362648396767667691
00.0000000344362648396767667691
00.0000000344362648396767667691
00.0000000344362648396767667691
00.0000000344362648396767667691
00.0000000344362648396767667691
00.0000000344362648396767667691
00.0000000344362648396767667691
00.0000000344362648396767667691
00.0000000344362648396767667691
00.0000000344362648396767667691
00.0000000344362648396767667691
00.0000000344362648396767667691
00.0000000344362648396767667691
00.0000000344362648396767667691
00.0000000344362648396767667691
00.0000000344362648396767667691
00.0000000344362648396767667691
00.0000000344362648396767667691
00.0000000344362648396767667691
00.0000000344362648396767667691
00.0000000344362648396767667691
00.0000000344362648396767667691
00.0000000344362648396767667691
00.0000000344362648396767667691
00.0000000344362648396767667691
00.0000000344362648396767667691
00.0000000344362648396767667691
00.0000000344362648396767667691
00.0000000344362648396767667691
00.0000000344362648396767667691
00.0000000344362648396767667691
00.0000000344362648396767667691
00.0000000344362648396767667691
00.0000000344362648396767667691
00.0000000344362648396767667691
00.0000000344362648396767667691
00.0000000344362648396767667691
00.0000000344362648396767667691
00.0000000344362648396767667691
00.0000000344362648396767667691
00.0000000344362648396767667691
00.0000000344362648396767667691
00.0000000344362648396767667691
00.0000000344362648396767667691
00.0000000344362648396767667691
00.0000000344362648396767667691
00.0000000344362648396767667691
00.0000000344362648396767667691
00.0000000344362648396767667691
00.0000000344362648396767667691
00.0000000344362648396767667691
00.0000000344362648396767667691
00.0000000344362648396767667691
00.0000000344362648396767667691
00.0000000344362648396767667691
00.0000000344362648396767667691
00.0000000344362648396767667691
00.0000000344362648396767667691
00.0000000344362648396767667691
00.0000000344362648396767667691
00.0000000344362648396767667691
00.0000000344362648396767667691
00.0000000344362648396767667691
00.0000000344362648396767667691
00.0000000344362648396767667691
00.0000000344362648396767667691
00.0000000344362648396767667691
00.0000000344362648396767667691
00.0000000344362648396767667691
00.0000000344362648396767667691
00.0000000344362648396767667691
00.0000000344362648396767667691
00.0000000344362648396767667691
00.0000000344362648396767667691
00.0000000344362648396767667691
00.0000000344362648396767667691
00.0000000344362648396767667691
00.0000000344362648396767667691
00.0000000344362648396767667691
00.0000000344362648396767667691
00.0000000344362648396767667691
00.0000000344362648396767667691
00.0000000344362648396767667691
00.0000000344362648396767667691
00.0000000344362648396767667691
00.0000000344362648396767667691
00.0000000344362648396767667691
00.0000000344362648396767667691
00.0000000344362648396767667691
00.0000000344362648396767667691
00.0000000344362648396767667691
00.0000000344362648396767667691
00.0000000344362648396767667691
00.0000000344362648396767667691
00.0000000344362648396767667691
00.0000000344362648396767667691
00.0000000344362648396767667691
00.0000000344362648396767667691
00.0000000344362648396767667691
00.0000000344362648396767667691
00.0000000344362648396767667691
00.0000000344362648396767667691
00.0000000344362648396767667691
00.0000000344362648396767667691
00.0000000344362648396767667691
00.0000000344362648396767667691
00.0000000344362648396767667691
00.0000000344362648396767667691
00.0000000344362648396767667691
00.0000000344362648396767667691
00.0000000344362648396767667691
00.0000000344362648396767667691
00.0000000344362648396767667691
00.0000000344362648396767667691
00.0000000344362648396767667691
00.0000000344362648396767667691
00.0000000344362648396767667691
00.0000000344362648396767667691
00.0000000344362648396767667691
00.0000000344362648396767667691
00.0000000344362648396767667691
00.0000000344362648396767667691
00.0000000344362648396767667691
00.0000000344362648396767667691
00.0000000344362648396767667691
00.0000000344362648396767667691
00.0000000344362648396767667691
00.0000000344362648396767667691
00.0000000344362648396767667691
00.0000000344362648396767667691
00.0000000344362648396767667691
00.0000000344362648396767667691
00.0000000344362648396767667691
00.0000000344362648396767667691
00.0000000344362648396767667691
00.0000000344362648396767667691
00.0000000344362648396767667691
00.0000000344362648396767667691
00.0000000344362648396767667691
00.0000000344362648396767667691
00.0000000344362648396767667691
00.0000000344362648396767667691
00.0000000344362648396767667691
00.0000000344362648396767667691
00.0000000344362648396767667691
00.0000000344362648396767667691
00.0000000344362648396767667691
00.0000000344362648396767667691
00.0000000344362648396767667691
00.0000000344362648396767667691
00.0000000344362648396767667691
00.0000000344362648396767667691
00.0000000344362648396767667691
00.0000000344362648396767667691
00.0000000344362648396767667691
00.0000000344362648396767667691
00.0000000344362648396767667691
00.0000000344362648396767667691
00.0000000344362648396767667691
00.0000000344362648396767667691
00.0000000344362648396767667691
00.0000000344362648396767667691
00.0000000344362648396767667691
00.0000000344362648396767667691
00.0000000344362648396767667691
00.0000000344362648396767667691
00.0000000344362648396767667691
00.0000000344362648396767667691
00.0000000344362648396767667691
00.0000000344362648396767667691
00.0000000344362648396767667691
00.0000000344362648396767667691
00.0000000344362648396767667691
00.0000000344362648396767667691
00.0000000344362648396767667691
00.0000000344362648396767667691
00.0000000344362648396767667691
00.0000000344362648396767667691
00.0000000344362648396767667691
00.0000000344362648396767667691
00.0000000344362648396767667691
00.0000000344362648396767667691
00.0000000344362648396767667691
00.0000000344362648396767667691
00.0000000344362648396767667691
00.0000000344362648396767667691
00.0000000344362648396767667691
00.0000000344362648396767667691
00.0000000344362648396767667691
00.0000000344362648396767667691
00.0000000344362648396767667691
00.0000000344362648396767667691
00.0000000344362648396767667691
00.0000000344362648396767667691
00.0000000344362648396767667691
00.0000000344362648396767667691
00.0000000344362648396767667691
00.0000000344362648396767667691
00.0000000344362648396767667691
00.0000000344362648396767667691
00.0000000344362648396767667691
00.0000000344362648396767667691
00.0000000344362648396767667691
00.0000000344362648396767667691
00.0000000344362648396767667691
00.0000000344362648396767667691
00.0000000344362648396767667691
00.0000000344362648396767667691
00.0000000344362648396767667691
00.0000000344362648396767667691
00.0000000344362648396767667691
00.0000000344362648396767667691
00.0000000344362648396767667691
00.0000000344362648396767667691
00.0000000344362648396767667691
00.0000000344362648396767667691
00.0000000344362648396767667691
00.0000000344362648396767667691
00.0000000344362648396767667691
00.0000000344362648396767667691
00.0000000344362648396767667691
00.0000000344362648396767667691
00.0000000344362648396767667691
00.0000000344362648396767667691
00.0000000344362648396767667691
00.0000000344362648396767667691
00.0000000344362648396767667691
00.0000000344362648396767667691
00.0000000344362648396767667691
00.0000000344362648396767667691
00.0000000344362648396767667691
00.0000000344362648396767667691
00.0000000344362648396767667691
00.0000000344362648396767667691
00.0000000344362648396767667691
00.0000000344362648396767667691
00.0000000344362648396767667691
00.0000000344362648396767667691
00.0000000344362648396767667691
00.0000000344362648396767667691
00.0000000344362648396767667691
00.0000000344362648396767667691
00.0000000344362648396767667691
00.0000000344362648396767667691
00.0000000344362648396767667691
00.0000000344362648396767667691
00.0000000344362648396767667691
00.0000000344362648396767667691
00.0000000344362648396767667691
00.0000000344362648396767667691
00.0000000344362648396767667691
00.0000000344362648396767667691
00.0000000344362648396767667691
00.0000000344362648396767667691
00.0000000344362648396767667691
00.0000000344362648396767667691
00.0000000344362648396767667691
00.0000000344362648396767667691
00.0000000344362648396767667691
00.0000000344362648396767667691
00.0000000344362648396767667691
00.0000000344362648396767667691
00.0000000344362648396767667691
00.0000000344362648396767667691
00.0000000344362648396767667691
00.0000000344362648396767667691
00.0000000344362648396767667691
00.0000000344362648396767667691
00.0000000344362648396767667691
00.0000000344362648396767667691
00.0000000344362648396767667691
00.0000000344362648396767667691
00.0000000344362648396767667691
00.0000000344362648396767667691
00.0000000344362648396767667691
00.0000000344362648396767667691
00.0000000344362648396767667691
00.0000000344362648396767667691
00.0000000344362648396767667691
00.0000000344362648396767667691
00.0000000344362648396767667691
00.0000000344362648396767667691
00.0000000344362648396767667691
00.0000000344362648396767667691
00.0000000344362648396767667691
00.0000000344362648396767667691
00.0000000344362648396767667691
00.0000000344362648396767667691
00.0000000344362648396767667691
00.0000000344362648396767667691
00.0000000344362648396767667691
00.0000000344362648396767667691
00.0000000344362648396767667691
00.0000000344362648396767667691
00.0000000344362648396767667691
00.0000000344362648396767667691
00.0000000344362648396767667691
00.0000000344362648396767667691
00.0000000344362648396767667691
00.0000000344362648396767667691
00.0000000344362648396767667691
00.0000000344362648396767667691
00.0000000344362648396767667691
00.0000000344362648396767667691
00.0000000344362648396767667691
00.0000000344362648396767667691
00.0000000344362648396767667691
00.0000000344362648396767667691
00.0000000344362648396767667691
00.0000000344362648396767667691
00.0000000344362648396767667691
00.0000000344362648396767667691
00.0000000344362648396767667691
00.0000000344362648396767667691
00.0000000344362648396767667691
00.0000000344362648396767667691
00.0000000344362648396767667691
00.0000000344362648396767667691
00.0000000344362648396767667691
00.0000000344362648396767667691
00.0000000344362648396767667691
00.0000000344362648396767667691
00.0000000344362648396767667691
00.0000000344362648396767667691
00.0000000344362648396767667691
00.0000000344362648396767667691
00.0000000344362648396767667691
00.0000000344362648396767667691
00.0000000344362648396767667691
00.0000000344362648396767667691
00.0000000344362648396767667691
00.0000000344362648396767667691
00.0000000344362648396767667691
00.0000000344362648396767667691
00.0000000344362648396767667691
00.0000000344362648396767667691
00.0000000344362648396767667691
00.0000000344362648396767667691
00.0000000344362648396767667691
00.0000000344362648396767667691
00.0000000344362648396767667691
00.0000000344362648396767667691
00.0000000344362648396767667691
00.0000000344362648396767667691
00.0000000344362648396767667691
00.0000000344362648396767667691
00.0000000344362648396767667691
00.0000000344362648396767667691
00.0000000344362648396767667691
00.0000000344362648396767667691
00.0000000344362648396767667691
00.0000000344362648396767667691
00.0000000344362648396767667691
00.0000000344362648396767667691
00.0000000344362648396767667691
00.0000000344362648396767667691
00.0000000344362648396767667691
00.0000000344362648396767667691
00.0000000344362648396767667691
00.0000000344362648396767667691
00.0000000344362648396767667691
00.0000000344362648396767667691
00.0000000344362648396767667691
00.0000000344362648396767667691
00.0000000344362648396767667691
00.0000000344362648396767667691
00.0000000344362648396767667691
00.0000000344362648396767667691
00.0000000344362648396767667691
00.0000000344362648396767667691
00.0000000344362648396767667691
00.0000000344362648396767667691
00.0000000344362648396767667691
00.0000000344362648396767667691
00.0000000344362648396767667691
00.0000000344362648396767667691
00.0000000344362648396767667691
00.0000000344362648396767667691
00.0000000344362648396767667691
00.0000000344362648396767667691
00.0000000344362648396767667691
00.0000000344362648396767667691
00.0000000344362648396767667691
00.0000000344362648396767667691
00.0000000344362648396767667691
00.0000000344362648396767667691
00.0000000344362648396767667691
00.0000000344362648396767667691
00.0000000344362648396767667691
00.0000000344362648396767667691
00.0000000344362648396767667691
00.0000000344362648396767667691
00.0000000344362648396767667691
00.0000000344362648396767667691
00.0000000344362648396767667691
00.0000000344362648396767667691
00.0000000344362648396767667691
00.0000000344362648396767667691
00.0000000344362648396767667691
00.0000000344362648396767667691
00.0000000344362648396767667691
00.0000000344362648396767667691
00.0000000344362648396767667691
00.0000000344362648396767667691
00.0000000344362648396767667691
00.0000000344362648396767667691
00.0000000344362648396767667691
00.0000000344362648396767667691
00.0000000344362648396767667691
00.0000000344362648396767667691
00.0000000344362648396767667691
00.0000000344362648396767667691
00.0000000344362648396767667691
00.0000000344362648396767667691
00.0000000344362648396767667691
00.0000000344362648396767667691
00.0000000344362648396767667691
00.0000000344362648396767667691
00.0000000344362648396767667691
00.0000000344362648396767667691
00.0000000344362648396767667691
00.0000000344362648396767667691
00.0000000344362648396767667691
00.0000000344362648396767667691
00.0000000344362648396767667691
00.0000000344362648396767667691
00.0000000344362648396767667691
00.0000000344362648396767667691
00.0000000344362648396767667691
00.0000000344362648396767667691
00.0000000344362648396767667691
00.0000000344362648396767667691
00.0000000344362648396767667691
00.0000000344362648396767667691
00.0000000344362648396767667691
00.0000000344362648396767667691
00.0000000344362648396767667691
00.0000000344362648396767667691
00.0000000344362648396767667691
00.0000000344362648396767667691
00.0000000344362648396767667691
00.0000000344362648396767667691
00.0000000344362648396767667691
00.0000000344362648396767667691
00.0000000344362648396767667691
00.0000000344362648396767667691
00.0000000344362648396767667691
00.0000000344362648396767667691
00.0000000344362648396767667691
00.0000000344362648396767667691
00.0000000344362648396767667691
00.0000000344362648396767667691
00.0000000344362648396767667691
00.0000000344362648396767667691
00.0000000344362648396767667691
00.0000000344362648396767667691
00.0000000344362648396767667691
00.0000000344362648396767667691
00.0000000344362648396767667691
00.0000000344362648396767667691
00.0000000344362648396767667691
00.0000000344362648396767667691
00.0000000344362648396767667691
00.0000000344362648396767667691
00.0000000344362648396767667691
00.0000000344362648396767667691
00.0000000344362648396767667691
00.0000000344362648396767667691
00.0000000344362648396767667691
00.0000000344362648396767667691
00.0000000344362648396767667691
00.0000000344362648396767667691
00.0000000344362648396767667691
00.0000000344362648396767667691
00.0000000344362648396767667691
00.0000000344362648396767667691
00.0000000344362648396767667691
00.0000000344362648396767667691
00.0000000344362648396767667691
00.0000000344362648396767667691
00.0000000344362648396767667691
00.0000000344362648396767667691
00.0000000344362648396767667691
00.0000000344362648396767667691
00.0000000344362648396767667691
00.0000000344362648396767667691
00.0000000344362648396767667691
00.0000000344362648396767667691
00.0000000344362648396767667691
00.0000000344362648396767667691
00.0000000344362648396767667691
00.0000000344362648396767667691
00.0000000344362648396767667691
00.0000000344362648396767667691
00.0000000344362648396767667691
00.0000000344362648396767667691
00.0000000344362648396767667691
00.0000000344362648396767667691
00.0000000344362648396767667691
00.0000000344362648396767667691
00.0000000344362648396767667691
00.0000000344362648396767667691
00.0000000344362648396767667691
00.0000000344362648396767667691
00.0000000344362648396767667691
00.0000000344362648396767667691
00.0000000344362648396767667691
00.0000000344362648396767667691
00.0000000344362648396767667691
00.0000000344362648396767667691
00.0000000344362648396767667691
00.0000000344362648396767667691
00.0000000344362648396767667691
00.0000000344362648396767667691
00.0000000344362648396767667691
00.0000000344362648396767667691
00.0000000344362648396767667691
00.0000000344362648396767667691
00.0000000344362648396767667691
00.0000000344362648396767667691
00.0000000344362648396767667691
00.0000000344362648396767667691
00.0000000344362648396767667691
00.0000000344362648396767667691
00.0000000344362648396767667691
00.0000000344362648396767667691
00.0000000344362648396767667691
00.0000000344362648396767667691
00.0000000344362648396767667691
00.0000000344362648396767667691
00.0000000344362648396767667691
00.0000000344362648396767667691
00.0000000344362648396767667691
00.0000000344362648396767667691
00.0000000344362648396767667691
00.0000000344362648396767667691
00.0000000344362648396767667691
00.0000000344362648396767667691
00.0000000344362648396767667691
00.0000000344362648396767667691
00.0000000344362648396767667691
00.0000000344362648396767667691
00.0000000344362648396767667691
00.0000000344362648396767667691
00.0000000344362648396767667691
00.0000000344362648396767667691
00.0000000344362648396767667691
00.0000000344362648396767667691
00.0000000344362648396767667691
00.0000000344362648396767667691
00.0000000344362648396767667691
00.0000000344362648396767667691
00.0000000344362648396767667691
00.0000000344362648396767667691
00.0000000344362648396767667691
00.0000000344362648396767667691
00.0000000344362648396767667691
00.0000000344362648396767667691
00.0000000344362648396767667691
00.0000000344362648396767667691
00.0000000344362648396767667691
00.0000000344362648396767667691
00.0000000344362648396767667691
00.0000000344362648396767667691
00.0000000344362648396767667691
00.0000000344362648396767667691
00.0000000344362648396767667691
00.0000000344362648396767667691
00.0000000344362648396767667691
00.0000000344362648396767667691
00.0000000344362648396767667691
00.0000000344362648396767667691
00.0000000344362648396767667691
00.0000000344362648396767667691
00.0000000344362648396767667691
00.0000000344362648396767667691
00.0000000344362648396767667691
00.0000000344362648396767667691
00.0000000344362648396767667691
00.0000000344362648396767667691
00.0000000344362648396767667691
00.0000000344362648396767667691
00.0000000344362648396767667691
00.0000000344362648396767667691
00.0000000344362648396767667691
00.0000000344362648396767667691
00.0000000344362648396767667691
00.0000000344362648396767667691
00.0000000344362648396767667691
00.0000000344362648396767667691
00.0000000344362648396767667691
00.0000000344362648396767667691
00.0000000344362648396767667691
00.0000000344362648396767667691
00.0000000344362648396767667691
00.0000000344362648396767667691
00.0000000344362648396767667691
00.0000000344362648396767667691
00.0000000344362648396767667691
00.0000000344362648396767667691
00.0000000344362648396767667691
00.0000000344362648396767667691
00.0000000344362648396767667691
00.0000000344362648396767667691
00.0000000344362648396767667691
00.0000000344362648396767667691
00.0000000344362648396767667691
00.0000000344362648396767667691
00.0000000344362648396767667691
00.0000000344362648396767667691
00.0000000344362648396767667691
00.0000000344362648396767667691
00.0000000344362648396767667691
00.0000000344362648396767667691
00.0000000344362648396767667691
00.0000000344362648396767667691
00.0000000344362648396767667691
00.0000000344362648396767667691
00.0000000344362648396767667691
00.0000000344362648396767667691
00.0000000344362648396767667691
00.0000000344362648396767667691
00.0000000344362648396767667691
00.0000000344362648396767667691
00.0000000344362648396767667691
00.0000000344362648396767667691
00.0000000344362648396767667691
00.0000000344362648396767667691
00.0000000344362648396767667691
00.0000000344362648396767667691
00.0000000344362648396767667691
00.0000000344362648396767667691
00.0000000344362648396767667691
00.0000000344362648396767667691
00.0000000344362648396767667691
00.0000000344362648396767667691
00.0000000344362648396767667691
00.0000000344362648396767667691
00.0000000344362648396767667691
00.0000000344362648396767667691
00.0000000344362648396767667691
00.0000000344362648396767667691
00.0000000344362648396767667691
00.0000000344362648396767667691
00.0000000344362648396767667691
00.0000000344362648396767667691
00.0000000344362648396767667691
00.0000000344362648396767667691
00.0000000344362648396767667691
00.0000000344362648396767667691
00.0000000344362648396767667691
00.0000000344362648396767667691
00.0000000344362648396767667691
00.0000000344362648396767667691
00.0000000344362648396767667691
00.0000000344362648396767667691
00.0000000344362648396767667691
00.0000000344362648396767667691
00.0000000344362648396767667691
00.0000000344362648396767667691
00.0000000344362648396767667691
00.0000000344362648396767667691
00.0000000344362648396767667691
00.0000000344362648396767667691
00.0000000344362648396767667691
00.0000000344362648396767667691
00.0000000344362648396767667691
00.0000000344362648396767667691
00.0000000344362648396767667691
00.0000000344362648396767667691
00.0000000344362648396767667691
00.0000000344362648396767667691
00.0000000344362648396767667691
00.0000000344362648396767667691
00.0000000344362648396767667691
00.0000000344362648396767667691
00.0000000344362648396767667691
00.0000000344362648396767667691
00.0000000344362648396767667691
00.0000000344362648396767667691
00.0000000344362648396767667691
00.0000000344362648396767667691
00.0000000344362648396767667691
00.0000000344362648396767667691
00.0000000344362648396767667691
00.0000000344362648396767667691
00.0000000344362648396767667691
00.0000000344362648396767667691
00.0000000344362648396767667691
00.0000000344362648396767667691
00.0000000344362648396767667691
00.0000000344362648396767667691
00.0000000344362648396767667691
00.0000000344362648396767667691
00.0000000344362648396767667691
00.0000000344362648396767667691
00.0000000344362648396767667691
00.0000000344362648396767667691
00.0000000344362648396767667691
00.0000000344362648396767667691
00.0000000344362648396767667691
00.0000000344362648396767667691
00.0000000344362648396767667691
00.0000000344362648396767667691
00.0000000344362648396767667691
00.0000000344362648396767667691
00.0000000344362648396767667691
00.0000000344362648396767667691
00.0000000344362648396767667691
00.0000000344362648396767667691
00.0000000344362648396767667691
00.0000000344362648396767667691
00.0000000344362648396767667691
00.0000000344362648396767667691
00.0000000344362648396767667691
00.0000000344362648396767667691
00.0000000344362648396767667691
00.0000000344362648396767667691
00.0000000344362648396767667691
00.0000000344362648396767667691
00.0000000344362648396767667691
00.0000000344362648396767667691
00.0000000344362648396767667691
00.0000000344362648396767667691
00.0000000344362648396767667691
00.0000000344362648396767667691
00.0000000344362648396767667691
00.0000000344362648396767667691
00.0000000344362648396767667691
00.0000000344362648396767667691
00.0000000344362648396767667691
00.0000000344362648396767667691
00.0000000344362648396767667691
00.0000000344362648396767667691
00.0000000344362648396767667691
00.0000000344362648396767667691
00.0000000344362648396767667691
00.0000000344362648396767667691
00.0000000344362648396767667691
00.0000000344362648396767667691
00.0000000344362648396767667691
00.0000000344362648396767667691
00.0000000344362648396767667691
00.0000000344362648396767667691
00.0000000344362648396767667691
00.0000000344362648396767667691
00.0000000344362648396767667691
00.0000000344362648396767667691
00.0000000344362648396767667691
00.0000000344362648396767667691
00.0000000344362648396767667691
00.0000000344362648396767667691
00.0000000344362648396767667691
00.0000000344362648396767667691
00.0000000344362648396767667691
00.0000000344362648396767667691
00.0000000344362648396767667691
00.0000000344362648396767667691
00.0000000344362648396767667691
00.0000000344362648396767667691
00.0000000344362648396767667691
00.0000000344362648396767667691
00.0000000344362648396767667691
00.0000000344362648396767667691
00.0000000344362648396767667691
00.0000000344362648396767667691
00.0000000344362648396767667691
00.0000000344362648396767667691
00.0000000344362648396767667691
00.0000000344362648396767667691
00.0000000344362648396767667691
00.0000000344362648396767667691
00.0000000344362648396767667691
00.0000000344362648396767667691
00.0000000344362648396767667691
00.0000000344362648396767667691
00.0000000344362648396767667691
00.0000000344362648396767667691
00.0000000344362648396767667691
00.0000000344362648396767667691
00.0000000344362648396767667691
00.0000000344362648396767667691
00.0000000344362648396767667691
00.0000000344362648396767667691
00.0000000344362648396767667691
00.0000000344362648396767667691
00.0000000344362648396767667691
00.0000000344362648396767667691
00.0000000344362648396767667691
00.0000000344362648396767667691
00.0000000344362648396767667691
00.0000000344362648396767667691
00.0000000344362648396767667691
00.0000000344362648396767667691
00.0000000344362648396767667691
00.0000000344362648396767667691
00.0000000344362648396767667691
00.0000000344362648396767667691
00.0000000344362648396767667691
00.0000000344362648396767667691
00.0000000344362648396767667691
00.0000000344362648396767667691
00.0000000344362648396767667691
00.0000000344362648396767667691
00.0000000344362648396767667691
00.0000000344362648396767667691
00.0000000344362648396767667691
00.0000000344362648396767667691
00.0000000344362648396767667691
00.0000000344362648396767667691
00.0000000344362648396767667691
00.0000000344362648396767667691
00.0000000344362648396767667691
00.0000000344362648396767667691
00.0000000344362648396767667691
00.0000000344362648396767667691
00.0000000344362648396767667691
00.0000000344362648396767667691
00.0000000344362648396767667691
00.0000000344362648396767667691
00.0000000344362648396767667691
00.0000000344362648396767667691
00.0000000344362648396767667691
00.0000000344362648396767667691
00.0000000344362648396767667691
00.0000000344362648396767667691
00.0000000344362648396767667691
00.0000000344362648396767667691
00.0000000344362648396767667691
00.0000000344362648396767667691
00.0000000344362648396767667691
00.0000000344362648396767667691
00.0000000344362648396767667691
00.0000000344362648396767667691
00.0000000344362648396767667691
00.0000000344362648396767667691
00.0000000344362648396767667691
00.0000000344362648396767667691
00.0000000344362648396767667691
00.0000000344362648396767667691
00.0000000344362648396767667691
00.0000000344362648396767667691
00.0000000344362648396767667691
00.0000000344362648396767667691
00.0000000344362648396767667691
00.0000000344362648396767667691
00.0000000344362648396767667691
00.0000000344362648396767667691
00.0000000344362648396767667691
00.0000000344362648396767667691
00.0000000344362648396767667691
00.0000000344362648396767667691
00.0000000344362648396767667691
00.0000000344362648396767667691
00.0000000344362648396767667691
00.0000000344362648396767667691
00.0000000344362648396767667691
00.0000000344362648396767667691
00.0000000344362648396767667691
00.0000000344362648396767667691
00.0000000344362648396767667691
00.0000000344362648396767667691
00.0000000344362648396767667691
00.0000000344362648396767667691
00.0000000344362648396767667691
00.0000000344362648396767667691
00.0000000344362648396767667691
00.0000000344362648396767667691
00.0000000344362648396767667691
00.0000000344362648396767667691
00.0000000344362648396767667691
00.0000000344362648396767667691
00.0000000344362648396767667691
00.0000000344362648396767667691
00.0000000344362648396767667691
00.0000000344362648396767667691
00.0000000344362648396767667691
00.0000000344362648396767667691
00.0000000344362648396767667691
00.0000000344362648396767667691
00.0000000344362648396767667691
00.0000000344362648396767667691
00.0000000344362648396767667691
00.0000000344362648396767667691
00.0000000344362648396767667691
00.0000000344362648396767667691
00.0000000344362648396767667691
00.0000000344362648396767667691
00.0000000344362648396767667691
00.0000000344362648396767667691
00.0000000344362648396767667691
00.0000000344362648396767667691
00.0000000344362648396767667691
00.0000000344362648396767667691
00.0000000344362648396767667691
00.0000000344362648396767667691
00.0000000344362648396767667691
00.0000000344362648396767667691
00.0000000344362648396767667691
00.0000000344362648396767667691
00.0000000344362648396767667691
00.0000000344362648396767667691
00.0000000344362648396767667691
00.0000000344362648396767667691
00.0000000344362648396767667691
00.0000000344362648396767667691
00.0000000344362648396767667691
00.0000000344362648396767667691
00.0000000344362648396767667691
00.0000000344362648396767667691
00.0000000344362648396767667691
00.0000000344362648396767667691
00.0000000344362648396767667691
00.0000000344362648396767667691
00.0000000344362648396767667691
00.0000000344362648396767667691
00.0000000344362648396767667691
00.0000000344362648396767667691
00.0000000344362648396767667691
00.0000000344362648396767667691
00.0000000344362648396767667691
00.0000000344362648396767667691
00.0000000344362648396767667691
00.0000000344362648396767667691
00.0000000344362648396767667691
00.0000000344362648396767667691
00.0000000344362648396767667691
00.0000000344362648396767667691
00.0000000344362648396767667691
00.0000000344362648396767667691
00.0000000344362648396767667691
00.0000000344362648396767667691
00.0000000344362648396767667691
00.0000000344362648396767667691
00.0000000344362648396767667691
00.0000000344362648396767667691
00.0000000344362648396767667691
00.0000000344362648396767667691
00.0000000344362648396767667691
00.0000000344362648396767667691
00.0000000344362648396767667691
00.0000000344362648396767667691
00.0000000344362648396767667691
00.0000000344362648396767667691
00.0000000344362648396767667691
00.0000000344362648396767667691
00.0000000344362648396767667691
00.0000000344362648396767667691
00.0000000344362648396767667691
00.0000000344362648396767667691
00.0000000344362648396767667691
00.0000000344362648396767667691
00.0000000344362648396767667691
00.0000000344362648396767667691
00.0000000344362648396767667691
00.0000000344362648396767667691
00.0000000344362648396767667691
00.0000000344362648396767667691
00.0000000344362648396767667691
00.0000000344362648396767667691
00.0000000344362648396767667691
00.0000000344362648396767667691
00.0000000344362648396767667691
00.0000000344362648396767667691
00.0000000344362648396767667691
00.0000000344362648396767667691
00.0000000344362648396767667691
00.0000000344362648396767667691
00.0000000344362648396767667691
00.0000000344362648396767667691
00.0000000344362648396767667691
00.0000000344362648396767667691
00.0000000344362648396767667691
00.0000000344362648396767667691
00.0000000344362648396767667691
00.0000000344362648396767667691
00.0000000344362648396767667691
00.0000000344362648396767667691
00.0000000344362648396767667691
00.0000000344362648396767667691
00.0000000344362648396767667691
00.0000000344362648396767667691
00.0000000344362648396767667691
00.0000000344362648396767667691
00.0000000344362648396767667691
00.0000000344362648396767667691
00.0000000344362648396767667691
00.0000000344362648396767667691
00.0000000344362648396767667691
00.0000000344362648396767667691
00.0000000344362648396767667691
00.0000000344362648396767667691
00.0000000344362648396767667691
00.0000000344362648396767667691
00.0000000344362648396767667691
00.0000000344362648396767667691
00.0000000344362648396767667691
00.0000000344362648396767667691
00.0000000344362648396767667691
00.0000000344362648396767667691
00.0000000344362648396767667691
00.0000000344362648396767667691
00.0000000344362648396767667691
00.0000000344362648396767667691
00.0000000344362648396767667691
00.0000000344362648396767667691
00.0000000344362648396767667691
00.0000000344362648396767667691
00.0000000344362648396767667691
00.0000000344362648396767667691
00.0000000344362648396767667691
00.0000000344362648396767667691
00.0000000344362648396767667691
00.0000000344362648396767667691
00.0000000344362648396767667691
00.0000000344362648396767667691
00.0000000344362648396767667691
00.0000000344362648396767667691
00.0000000344362648396767667691
00.0000000344362648396767667691
00.0000000344362648396767667691
00.0000000344362648396767667691
00.0000000344362648396767667691
00.0000000344362648396767667691
00.0000000344362648396767667691
00.0000000344362648396767667691
00.0000000344362648396767667691
00.0000000344362648396767667691
00.0000000344362648396767667691
00.0000000344362648396767667691
00.0000000344362648396767667691
00.0000000344362648396767667691
00.0000000344362648396767667691
00.0000000344362648396767667691
00.0000000344362648396767667691
00.0000000344362648396767667691
00.0000000344362648396767667691
00.0000000344362648396767667691
00.0000000344362648396767667691
00.0000000344362648396767667691
00.0000000344362648396767667691
00.0000000384154996702079643001
00.0000000384154996702079643001
00.0000000384154996702079643001
00.0000000384154996702079643001
00.0000000384154996702079643001
00.0000000384154996702079643001
00.0000000384154996702079643001
00.0000000384154996702079643001
00.0000000384154996702079643001
00.0000000384154996702079643001
00.0000000384154996702079643001
00.0000000384154996702079643001
00.0000000384154996702079643001
00.0000000384154996702079643001
00.0000000384154996702079643001
00.0000000384154996702079643001
00.0000000384154996702079643001
00.0000000384154996702079643001
00.0000000384154996702079643001
00.0000000384154996702079643001
00.0000000384154996702079643001
00.0000000384154996702079643001
00.0000000384154996702079643001
00.0000000384154996702079643001
00.0000000384154996702079643001
00.0000000384154996702079643001
00.0000000384154996702079643001
00.0000000384154996702079643001
00.0000000384154996702079643001
00.0000000384154996702079643001
00.0000000384154996702079643001
00.0000000384154996702079643001
00.0000000384154996702079643001
00.0000000384154996702079643001
00.0000000384154996702079643001
00.0000000384154996702079643001
00.0000000384154996702079643001
00.0000000384154996702079643001
00.0000000384154996702079643001
00.0000000384154996702079643001
00.0000000384154996702079643001
00.0000000384154996702079643001
00.0000000384154996702079643001
00.0000000384154996702079643001
00.0000000384154996702079643001
00.0000000384154996702079643001
00.0000000384154996702079643001
00.0000000384154996702079643001
00.0000000384154996702079643001
00.0000000384154996702079643001
00.0000000384154996702079643001
00.0000000384154996702079643001
00.0000000384154996702079643001
00.0000000384154996702079643001
00.0000000384154996702079643001
00.0000000384154996702079643001
00.0000000384154996702079643001
00.0000000384154996702079643001
00.0000000384154996702079643001
00.0000000384154996702079643001
00.0000000384154996702079643001
00.0000000384154996702079643001
00.0000000384154996702079643001
00.0000000384154996702079643001
00.0000000384154996702079643001
00.0000000384154996702079643001
00.0000000384154996702079643001
00.0000000384154996702079643001
00.0000000384154996702079643001
00.0000000384154996702079643001
00.0000000384154996702079643001
00.0000000384154996702079643001
00.0000000384154996702079643001
00.0000000384154996702079643001
00.0000000384154996702079643001
00.0000000384154996702079643001
00.0000000384154996702079643001
00.0000000384154996702079643001
00.0000000384154996702079643001
00.0000000384154996702079643001
00.0000000384154996702079643001
00.0000000384154996702079643001
00.0000000384154996702079643001
00.0000000384154996702079643001
00.0000000384154996702079643001
00.0000000384154996702079643001
00.0000000384154996702079643001
00.0000000384154996702079643001
00.0000000384154996702079643001
00.0000000384154996702079643001
00.0000000384154996702079643001
00.0000000384154996702079643001
00.0000000384154996702079643001
00.0000000384154996702079643001
00.0000000384154996702079643001
00.0000000384154996702079643001
00.0000000384154996702079643001
00.0000000384154996702079643001
00.0000000384154996702079643001
00.0000000384154996702079643001
00.0000000384154996702079643001
00.0000000384154996702079643001
00.0000000384154996702079643001
00.0000000384154996702079643001
00.0000000384154996702079643001
00.0000000384154996702079643001
00.0000000384154996702079643001
00.0000000384154996702079643001
00.0000000384154996702079643001
00.0000000384154996702079643001
00.0000000384154996702079643001
00.0000000384154996702079643001
00.0000000384154996702079643001
00.0000000384154996702079643001
00.0000000384154996702079643001
00.0000000384154996702079643001
00.0000000384154996702079643001
00.0000000384154996702079643001
00.0000000384154996702079643001
00.0000000384154996702079643001
00.0000000384154996702079643001
00.0000000384154996702079643001
00.0000000384154996702079643001
00.0000000384154996702079643001
00.0000000384154996702079643001
00.0000000384154996702079643001
00.0000000384154996702079643001
00.0000000384154996702079643001
00.0000000384154996702079643001
00.0000000384154996702079643001
00.0000000384154996702079643001
00.0000000384154996702079643001
00.0000000384154996702079643001
00.0000000384154996702079643001
00.0000000384154996702079643001
00.0000000384154996702079643001
00.0000000384154996702079643001
00.0000000384154996702079643001
00.0000000384154996702079643001
00.0000000384154996702079643001
00.0000000384154996702079643001
00.0000000384154996702079643001
00.0000000384154996702079643001
00.0000000384154996702079643001
00.0000000384154996702079643001
00.0000000384154996702079643001
00.0000000384154996702079643001
00.0000000384154996702079643001
00.0000000384154996702079643001
00.0000000384154996702079643001
00.0000000384154996702079643001
00.0000000384154996702079643001
00.0000000384154996702079643001
00.0000000384154996702079643001
00.0000000384154996702079643001
00.0000000384154996702079643001
00.0000000384154996702079643001
00.0000000384154996702079643001
00.0000000384154996702079643001
00.0000000384154996702079643001
00.0000000384154996702079643001
00.0000000384154996702079643001
00.0000000384154996702079643001
00.0000000384154996702079643001
00.0000000384154996702079643001
00.0000000384154996702079643001
00.0000000384154996702079643001
00.0000000384154996702079643001
00.0000000384154996702079643001
00.0000000384154996702079643001
00.0000000384154996702079643001
00.0000000384154996702079643001
00.0000000384154996702079643001
00.0000000384154996702079643001
00.0000000384154996702079643001
00.0000000384154996702079643001
00.0000000384154996702079643001
00.0000000384154996702079643001
00.0000000384154996702079643001
00.0000000384154996702079643001
00.0000000384154996702079643001
00.0000000384154996702079643001
00.0000000384154996702079643001
00.0000000384154996702079643001
00.0000000384154996702079643001
00.0000000384154996702079643001
00.0000000384154996702079643001
00.0000000384154996702079643001
00.0000000384154996702079643001
00.0000000384154996702079643001
00.0000000384154996702079643001
00.0000000384154996702079643001
00.0000000384154996702079643001
00.0000000384154996702079643001
00.0000000384154996702079643001
00.0000000384154996702079643001
00.0000000384154996702079643001
00.0000000384154996702079643001
00.0000000384154996702079643001
00.0000000384154996702079643001
00.0000000384154996702079643001
00.0000000384154996702079643001
00.0000000384154996702079643001
00.0000000384154996702079643001
00.0000000384154996702079643001
00.0000000384154996702079643001
00.0000000384154996702079643001
00.0000000384154996702079643001
00.0000000384154996702079643001
00.0000000384154996702079643001
00.0000000384154996702079643001
00.0000000384154996702079643001
00.0000000384154996702079643001
00.0000000384154996702079643001
00.0000000384154996702079643001
00.0000000384154996702079643001
00.0000000384154996702079643001
00.0000000384154996702079643001
00.0000000384154996702079643001
00.0000000384154996702079643001
00.0000000384154996702079643001
00.0000000384154996702079643001
00.0000000384154996702079643001
00.0000000384154996702079643001
00.0000000384154996702079643001
00.0000000384154996702079643001
00.0000000384154996702079643001
00.0000000384154996702079643001
00.0000000384154996702079643001
00.0000000384154996702079643001
00.0000000384154996702079643001
00.0000000384154996702079643001
00.0000000384154996702079643001
00.0000000384154996702079643001
00.0000000384154996702079643001
00.0000000384154996702079643001
00.0000000384154996702079643001
00.0000000384154996702079643001
00.0000000384154996702079643001
00.0000000384154996702079643001
00.0000000384154996702079643001
00.0000000384154996702079643001
00.0000000384154996702079643001
00.0000000384154996702079643001
00.0000000384154996702079643001
00.0000000384154996702079643001
00.0000000384154996702079643001
00.0000000384154996702079643001
00.0000000384154996702079643001
00.0000000384154996702079643001
00.0000000384154996702079643001
00.0000000384154996702079643001
00.0000000384154996702079643001
00.0000000384154996702079643001
00.0000000384154996702079643001
00.0000000384154996702079643001
00.0000000384154996702079643001
00.0000000384154996702079643001
00.0000000384154996702079643001
00.0000000384154996702079643001
00.0000000384154996702079643001
00.0000000384154996702079643001
00.0000000384154996702079643001
00.0000000384154996702079643001
00.0000000384154996702079643001
00.0000000384154996702079643001
00.0000000384154996702079643001
00.0000000384154996702079643001
00.0000000384154996702079643001
00.0000000384154996702079643001
00.0000000384154996702079643001
00.0000000384154996702079643001
00.0000000384154996702079643001
00.0000000384154996702079643001
00.0000000384154996702079643001
00.0000000384154996702079643001
00.0000000384154996702079643001
00.0000000384154996702079643001
00.0000000384154996702079643001
00.0000000384154996702079643001
00.0000000384154996702079643001
00.0000000384154996702079643001
00.0000000384154996702079643001
00.0000000384154996702079643001
00.0000000384154996702079643001
00.0000000384154996702079643001
00.0000000384154996702079643001
00.0000000384154996702079643001
00.0000000384154996702079643001
00.0000000384154996702079643001
00.0000000384154996702079643001
00.0000000384154996702079643001
00.0000000384154996702079643001
00.0000000384154996702079643001
00.0000000384154996702079643001
00.0000000384154996702079643001
00.0000000384154996702079643001
00.0000000384154996702079643001
00.0000000384154996702079643001
00.0000000384154996702079643001
00.0000000384154996702079643001
00.0000000384154996702079643001
00.0000000384154996702079643001
00.0000000384154996702079643001
00.0000000384154996702079643001
00.0000000384154996702079643001
00.0000000384154996702079643001
00.0000000384154996702079643001
00.0000000384154996702079643001
00.0000000384154996702079643001
00.0000000384154996702079643001
00.0000000384154996702079643001
00.0000000384154996702079643001
00.0000000384154996702079643001
00.0000000384154996702079643001
00.0000000384154996702079643001
00.0000000384154996702079643001
00.0000000384154996702079643001
00.0000000384154996702079643001
00.0000000384154996702079643001
00.0000000384154996702079643001
00.0000000384154996702079643001
00.0000000384154996702079643001
00.0000000384154996702079643001
00.0000000384154996702079643001
00.0000000384154996702079643001
00.0000000384154996702079643001
00.0000000384154996702079643001
00.0000000384154996702079643001
00.0000000384154996702079643001
00.0000000384154996702079643001
00.0000000384154996702079643001
00.0000000384154996702079643001
00.0000000384154996702079643001
00.0000000384154996702079643001
00.0000000384154996702079643001
00.0000000384154996702079643001
00.0000000384154996702079643001
00.0000000384154996702079643001
00.0000000384154996702079643001
00.0000000384154996702079643001
00.0000000384154996702079643001
00.0000000384154996702079643001
00.0000000384154996702079643001
00.0000000384154996702079643001
00.0000000384154996702079643001
00.0000000384154996702079643001
00.0000000384154996702079643001
00.0000000384154996702079643001
00.0000000384154996702079643001
00.0000000384154996702079643001
00.0000000384154996702079643001
00.0000000384154996702079643001
00.0000000384154996702079643001
00.0000000384154996702079643001
00.0000000384154996702079643001
00.0000000384154996702079643001
00.0000000384154996702079643001
00.0000000384154996702079643001
00.0000000384154996702079643001
00.0000000384154996702079643001
00.0000000384154996702079643001
00.0000000384154996702079643001
00.0000000384154996702079643001
00.0000000384154996702079643001
00.0000000384154996702079643001
00.0000000384154996702079643001
00.0000000384154996702079643001
00.0000000384154996702079643001
00.0000000384154996702079643001
00.0000000384154996702079643001
00.0000000384154996702079643001
00.0000000384154996702079643001
00.0000000384154996702079643001
00.0000000384154996702079643001
00.0000000384154996702079643001
00.0000000384154996702079643001
00.0000000384154996702079643001
00.0000000384154996702079643001
00.0000000384154996702079643001
00.0000000384154996702079643001
00.0000000384154996702079643001
00.0000000384154996702079643001
00.0000000384154996702079643001
00.0000000384154996702079643001
00.0000000384154996702079643001
00.0000000384154996702079643001
00.0000000384154996702079643001
00.0000000384154996702079643001
00.0000000384154996702079643001
00.0000000384154996702079643001
00.0000000384154996702079643001
00.0000000384154996702079643001
00.0000000384154996702079643001
00.0000000384154996702079643001
00.0000000384154996702079643001
00.0000000384154996702079643001
00.0000000384154996702079643001
00.0000000384154996702079643001
00.0000000384154996702079643001
00.0000000384154996702079643001
00.0000000384154996702079643001
00.0000000384154996702079643001
00.0000000384154996702079643001
00.0000000384154996702079643001
00.0000000384154996702079643001
00.0000000384154996702079643001
00.0000000384154996702079643001
00.0000000384154996702079643001
00.0000000384154996702079643001
00.0000000384154996702079643001
00.0000000384154996702079643001
00.0000000384154996702079643001
00.0000000384154996702079643001
00.0000000384154996702079643001
00.0000000384154996702079643001
00.0000000384154996702079643001
00.0000000384154996702079643001
00.0000000384154996702079643001
00.0000000384154996702079643001
00.0000000384154996702079643001
00.0000000384154996702079643001
00.0000000384154996702079643001
00.0000000384154996702079643001
00.0000000384154996702079643001
00.0000000384154996702079643001
00.0000000384154996702079643001
00.0000000384154996702079643001
00.0000000384154996702079643001
00.0000000384154996702079643001
00.0000000384154996702079643001
00.0000000384154996702079643001
00.0000000384154996702079643001
00.0000000384154996702079643001
00.0000000384154996702079643001
00.0000000384154996702079643001
00.0000000384154996702079643001
00.0000000384154996702079643001
00.0000000384154996702079643001
00.0000000384154996702079643001
00.0000000384154996702079643001
00.0000000384154996702079643001
00.0000000384154996702079643001
00.0000000384154996702079643001
00.0000000384154996702079643001
00.0000000384154996702079643001
00.0000000384154996702079643001
00.0000000384154996702079643001
00.0000000384154996702079643001
00.0000000384154996702079643001
00.0000000384154996702079643001
00.0000000384154996702079643001
00.0000000384154996702079643001
00.0000000384154996702079643001
00.0000000384154996702079643001
00.0000000384154996702079643001
00.0000000384154996702079643001
00.0000000384154996702079643001
00.0000000384154996702079643001
00.0000000384154996702079643001
00.0000000384154996702079643001
00.0000000384154996702079643001
00.0000000384154996702079643001
00.0000000384154996702079643001
00.0000000384154996702079643001
00.0000000384154996702079643001
00.0000000384154996702079643001
00.0000000384154996702079643001
00.0000000384154996702079643001
00.0000000384154996702079643001
00.0000000384154996702079643001
00.0000000384154996702079643001
00.0000000384154996702079643001
00.0000000384154996702079643001
00.0000000384154996702079643001
00.0000000384154996702079643001
00.0000000384154996702079643001
00.0000000384154996702079643001
00.0000000384154996702079643001
00.0000000384154996702079643001
00.0000000384154996702079643001
00.0000000384154996702079643001
00.0000000384154996702079643001
00.0000000384154996702079643001
00.0000000384154996702079643001
00.0000000384154996702079643001
00.0000000384154996702079643001
00.0000000384154996702079643001
00.0000000384154996702079643001
00.0000000384154996702079643001
00.0000000384154996702079643001
00.0000000384154996702079643001
00.0000000384154996702079643001
00.0000000384154996702079643001
00.0000000384154996702079643001
00.0000000384154996702079643001
00.0000000384154996702079643001
00.0000000384154996702079643001
00.0000000384154996702079643001
00.0000000384154996702079643001
00.0000000384154996702079643001
00.0000000384154996702079643001
00.0000000384154996702079643001
00.0000000384154996702079643001
00.0000000384154996702079643001
00.0000000384154996702079643001
00.0000000384154996702079643001
00.0000000384154996702079643001
00.0000000384154996702079643001
00.0000000384154996702079643001
00.0000000384154996702079643001
00.0000000384154996702079643001
00.0000000384154996702079643001
00.0000000384154996702079643001
00.0000000384154996702079643001
00.0000000384154996702079643001
00.0000000384154996702079643001
00.0000000384154996702079643001
00.0000000384154996702079643001
00.0000000384154996702079643001
00.0000000384154996702079643001
00.0000000384154996702079643001
00.0000000384154996702079643001
00.0000000384154996702079643001
00.0000000384154996702079643001
00.0000000384154996702079643001
00.0000000384154996702079643001
00.0000000384154996702079643001
00.0000000384154996702079643001
00.0000000384154996702079643001
00.0000000384154996702079643001
00.0000000384154996702079643001
00.0000000384154996702079643001
00.0000000384154996702079643001
00.0000000384154996702079643001
00.0000000384154996702079643001
00.0000000384154996702079643001
00.0000000384154996702079643001
00.0000000384154996702079643001
00.0000000384154996702079643001
00.0000000384154996702079643001
00.0000000384154996702079643001
00.0000000384154996702079643001
00.0000000384154996702079643001
00.0000000384154996702079643001
00.0000000384154996702079643001
00.0000000384154996702079643001
00.0000000384154996702079643001
00.0000000384154996702079643001
00.0000000384154996702079643001
00.0000000384154996702079643001
00.0000000384154996702079643001
00.0000000384154996702079643001
00.0000000384154996702079643001
00.0000000384154996702079643001
00.0000000384154996702079643001
00.0000000384154996702079643001
00.0000000384154996702079643001
00.0000000384154996702079643001
00.0000000384154996702079643001
00.0000000384154996702079643001
00.0000000384154996702079643001
00.0000000384154996702079643001
00.0000000384154996702079643001
00.0000000384154996702079643001
00.0000000384154996702079643001
00.0000000384154996702079643001
00.0000000384154996702079643001
00.0000000384154996702079643001
00.0000000384154996702079643001
00.0000000384154996702079643001
00.0000000384154996702079643001
00.0000000384154996702079643001
00.0000000384154996702079643001
00.0000000384154996702079643001
00.0000000384154996702079643001
00.0000000384154996702079643001
00.0000000384154996702079643001
00.0000000384154996702079643001
00.0000000384154996702079643001
00.0000000384154996702079643001
00.0000000384154996702079643001
00.0000000384154996702079643001
00.0000000384154996702079643001
00.0000000384154996702079643001
00.0000000384154996702079643001
00.0000000384154996702079643001
00.0000000384154996702079643001
00.0000000384154996702079643001
00.0000000384154996702079643001
00.0000000384154996702079643001
00.0000000384154996702079643001
00.0000000384154996702079643001
00.0000000384154996702079643001
00.0000000384154996702079643001
00.0000000384154996702079643001
00.0000000384154996702079643001
00.0000000384154996702079643001
00.0000000384154996702079643001
00.0000000384154996702079643001
00.0000000384154996702079643001
00.0000000384154996702079643001
00.0000000384154996702079643001
00.0000000384154996702079643001
00.0000000384154996702079643001
00.0000000384154996702079643001
00.0000000384154996702079643001
00.0000000384154996702079643001
00.0000000384154996702079643001
00.0000000384154996702079643001
00.0000000384154996702079643001
00.0000000384154996702079643001
00.0000000384154996702079643001
00.0000000384154996702079643001
00.0000000384154996702079643001
00.0000000384154996702079643001
00.0000000384154996702079643001
00.0000000384154996702079643001
00.0000000384154996702079643001
00.0000000384154996702079643001
00.0000000384154996702079643001
00.0000000384154996702079643001
00.0000000384154996702079643001
00.0000000384154996702079643001
00.0000000384154996702079643001
00.0000000384154996702079643001
00.0000000384154996702079643001
00.0000000384154996702079643001
00.0000000384154996702079643001
00.0000000384154996702079643001
00.0000000384154996702079643001
00.0000000384154996702079643001
00.0000000384154996702079643001
00.0000000384154996702079643001
00.0000000384154996702079643001
00.0000000384154996702079643001
00.0000000384154996702079643001
00.0000000384154996702079643001
00.0000000384154996702079643001
00.0000000384154996702079643001
00.0000000384154996702079643001
00.0000000384154996702079643001
00.0000000384154996702079643001
00.0000000384154996702079643001
00.0000000384154996702079643001
00.0000000384154996702079643001
00.0000000384154996702079643001
00.0000000384154996702079643001
00.0000000384154996702079643001
00.0000000384154996702079643001
00.0000000384154996702079643001
00.0000000384154996702079643001
00.0000000384154996702079643001
00.0000000384154996702079643001
00.0000000384154996702079643001
00.0000000384154996702079643001
00.0000000384154996702079643001
00.0000000384154996702079643001
00.0000000384154996702079643001
00.0000000384154996702079643001
00.0000000384154996702079643001
00.0000000384154996702079643001
00.0000000384154996702079643001
00.0000000384154996702079643001
00.0000000384154996702079643001
00.0000000384154996702079643001
00.0000000384154996702079643001
00.0000000384154996702079643001
00.0000000384154996702079643001
00.0000000384154996702079643001
00.0000000384154996702079643001
00.0000000384154996702079643001
00.0000000384154996702079643001
00.0000000384154996702079643001
00.0000000384154996702079643001
00.0000000384154996702079643001
00.0000000384154996702079643001
00.0000000384154996702079643001
00.0000000384154996702079643001
00.0000000384154996702079643001
00.0000000384154996702079643001
00.0000000384154996702079643001
00.0000000384154996702079643001
00.0000000384154996702079643001
00.0000000384154996702079643001
00.0000000384154996702079643001
00.0000000384154996702079643001
00.0000000384154996702079643001
00.0000000384154996702079643001
00.0000000384154996702079643001
00.0000000384154996702079643001
00.0000000384154996702079643001
00.0000000384154996702079643001
00.0000000384154996702079643001
00.0000000384154996702079643001
00.0000000384154996702079643001
00.0000000384154996702079643001
00.0000000384154996702079643001
00.0000000384154996702079643001
00.0000000384154996702079643001
00.0000000384154996702079643001
00.0000000384154996702079643001
00.0000000384154996702079643001
00.0000000384154996702079643001
00.0000000384154996702079643001
00.0000000384154996702079643001
00.0000000384154996702079643001
00.0000000384154996702079643001
00.0000000384154996702079643001
00.0000000384154996702079643001
00.0000000384154996702079643001
00.0000000384154996702079643001
00.0000000384154996702079643001
00.0000000384154996702079643001
00.0000000384154996702079643001
00.0000000384154996702079643001
00.0000000384154996702079643001
00.0000000384154996702079643001
00.0000000384154996702079643001
00.0000000384154996702079643001
00.0000000384154996702079643001
00.0000000384154996702079643001
00.0000000384154996702079643001
00.0000000384154996702079643001
00.0000000384154996702079643001
00.0000000384154996702079643001
00.0000000384154996702079643001
00.0000000384154996702079643001
00.0000000384154996702079643001
00.0000000384154996702079643001
00.0000000384154996702079643001
00.0000000384154996702079643001
00.0000000384154996702079643001
00.0000000384154996702079643001
00.0000000384154996702079643001
00.0000000384154996702079643001
00.0000000384154996702079643001
00.0000000384154996702079643001
00.0000000384154996702079643001
00.0000000384154996702079643001
00.0000000384154996702079643001
00.0000000384154996702079643001
00.0000000384154996702079643001
00.0000000384154996702079643001
00.0000000384154996702079643001
00.0000000384154996702079643001
00.0000000384154996702079643001
00.0000000384154996702079643001
00.0000000384154996702079643001
00.0000000384154996702079643001
00.0000000384154996702079643001
00.0000000384154996702079643001
00.0000000384154996702079643001
00.0000000384154996702079643001
00.0000000384154996702079643001
00.0000000384154996702079643001
00.0000000384154996702079643001
00.0000000384154996702079643001
00.0000000384154996702079643001
00.0000000384154996702079643001
00.0000000384154996702079643001
00.0000000384154996702079643001
00.0000000384154996702079643001
00.0000000384154996702079643001
00.0000000384154996702079643001
00.0000000384154996702079643001
00.0000000384154996702079643001
00.0000000384154996702079643001
00.0000000384154996702079643001
00.0000000384154996702079643001
00.0000000384154996702079643001
00.0000000384154996702079643001
00.0000000384154996702079643001
00.0000000384154996702079643001
00.0000000384154996702079643001
00.0000000384154996702079643001
00.0000000384154996702079643001
00.0000000384154996702079643001
00.0000000384154996702079643001
00.0000000384154996702079643001
00.0000000384154996702079643001
00.0000000384154996702079643001
00.0000000384154996702079643001
00.0000000384154996702079643001
00.0000000384154996702079643001
00.0000000384154996702079643001
00.0000000384154996702079643001
00.0000000384154996702079643001
00.0000000384154996702079643001
00.0000000384154996702079643001
00.0000000384154996702079643001
00.0000000384154996702079643001
00.0000000384154996702079643001
00.0000000384154996702079643001
00.0000000384154996702079643001
00.0000000384154996702079643001
00.0000000384154996702079643001
00.0000000384154996702079643001
00.0000000384154996702079643001
00.0000000384154996702079643001
00.0000000384154996702079643001
00.0000000384154996702079643001
00.0000000384154996702079643001
00.0000000384154996702079643001
00.0000000384154996702079643001
00.0000000384154996702079643001
00.0000000384154996702079643001
00.0000000384154996702079643001
00.0000000384154996702079643001
00.0000000384154996702079643001
00.0000000384154996702079643001
00.0000000384154996702079643001
00.0000000384154996702079643001
00.0000000384154996702079643001
00.0000000384154996702079643001
00.0000000384154996702079643001
00.0000000384154996702079643001
00.0000000384154996702079643001
00.0000000384154996702079643001
00.0000000384154996702079643001
00.0000000384154996702079643001
00.0000000384154996702079643001
00.0000000384154996702079643001
00.0000000384154996702079643001
00.0000000384154996702079643001
00.0000000384154996702079643001
00.0000000384154996702079643001
00.0000000384154996702079643001
00.0000000384154996702079643001
00.0000000384154996702079643001
00.0000000384154996702079643001
00.0000000384154996702079643001
00.0000000384154996702079643001
00.0000000384154996702079643001
00.0000000384154996702079643001
00.0000000384154996702079643001
00.0000000384154996702079643001
00.0000000384154996702079643001
00.0000000384154996702079643001
00.0000000384154996702079643001
00.0000000384154996702079643001
00.0000000384154996702079643001
00.0000000384154996702079643001
00.0000000384154996702079643001
00.0000000384154996702079643001
00.0000000384154996702079643001
00.0000000384154996702079643001
00.0000000384154996702079643001
00.0000000384154996702079643001
00.0000000384154996702079643001
00.0000000384154996702079643001
00.0000000384154996702079643001
00.0000000384154996702079643001
00.0000000384154996702079643001
00.0000000384154996702079643001
00.0000000384154996702079643001
00.0000000384154996702079643001
00.0000000384154996702079643001
00.0000000384154996702079643001
00.0000000384154996702079643001
00.0000000384154996702079643001
00.0000000384154996702079643001
00.0000000384154996702079643001
00.0000000384154996702079643001
00.0000000384154996702079643001
00.0000000384154996702079643001
00.0000000384154996702079643001
00.0000000384154996702079643001
00.0000000384154996702079643001
00.0000000384154996702079643001
00.0000000384154996702079643001
00.0000000384154996702079643001
00.0000000384154996702079643001
00.0000000384154996702079643001
00.0000000384154996702079643001
00.0000000384154996702079643001
00.0000000384154996702079643001
00.0000000384154996702079643001
00.0000000384154996702079643001
00.0000000384154996702079643001
00.0000000384154996702079643001
00.0000000384154996702079643001
00.0000000384154996702079643001
00.0000000384154996702079643001
00.0000000384154996702079643001
00.0000000384154996702079643001
00.0000000384154996702079643001
00.0000000384154996702079643001
00.0000000384154996702079643001
00.0000000384154996702079643001
00.0000000384154996702079643001
00.0000000384154996702079643001
00.0000000384154996702079643001
00.0000000384154996702079643001
00.0000000384154996702079643001
00.0000000384154996702079643001
00.0000000384154996702079643001
00.0000000384154996702079643001
00.0000000384154996702079643001
00.0000000384154996702079643001
00.0000000384154996702079643001
00.0000000384154996702079643001
00.0000000384154996702079643001
00.0000000384154996702079643001
00.0000000384154996702079643001
00.0000000384154996702079643001
00.0000000384154996702079643001
00.0000000384154996702079643001
00.0000000384154996702079643001
00.0000000384154996702079643001
00.0000000384154996702079643001
00.0000000384154996702079643001
00.0000000384154996702079643001
00.0000000384154996702079643001
00.0000000384154996702079643001
00.0000000384154996702079643001
00.0000000384154996702079643001
00.0000000384154996702079643001
00.0000000384154996702079643001
00.0000000384154996702079643001
00.0000000384154996702079643001
00.0000000384154996702079643001
00.0000000384154996702079643001
00.0000000384154996702079643001
00.0000000384154996702079643001
00.0000000384154996702079643001
00.0000000384154996702079643001
00.0000000384154996702079643001
00.0000000384154996702079643001
00.0000000384154996702079643001
00.0000000384154996702079643001
00.0000000384154996702079643001
00.0000000384154996702079643001
00.0000000384154996702079643001
00.0000000384154996702079643001
00.0000000384154996702079643001
00.0000000384154996702079643001
00.0000000384154996702079643001
00.0000000384154996702079643001
00.0000000384154996702079643001
00.0000000384154996702079643001
00.0000000384154996702079643001
00.0000000384154996702079643001
00.0000000384154996702079643001
00.0000000384154996702079643001
00.0000000384154996702079643001
00.0000000384154996702079643001
00.0000000384154996702079643001
00.0000000384154996702079643001
00.0000000384154996702079643001
00.0000000384154996702079643001
00.0000000384154996702079643001
00.0000000384154996702079643001
00.0000000384154996702079643001
00.0000000384154996702079643001
00.0000000384154996702079643001
00.0000000384154996702079643001
00.0000000384154996702079643001
00.0000000384154996702079643001
00.0000000384154996702079643001
00.0000000384154996702079643001
00.0000000384154996702079643001
00.0000000384154996702079643001
00.0000000384154996702079643001
00.0000000384154996702079643001
00.0000000384154996702079643001
00.0000000384154996702079643001
00.0000000384154996702079643001
00.0000000384154996702079643001
00.0000000384154996702079643001
00.0000000384154996702079643001
00.0000000384154996702079643001
00.0000000384154996702079643001
00.0000000384154996702079643001
00.0000000384154996702079643001
00.0000000384154996702079643001
00.0000000384154996702079643001
00.0000000384154996702079643001
00.0000000384154996702079643001
00.0000000384154996702079643001
00.0000000384154996702079643001
00.0000000384154996702079643001
00.0000000384154996702079643001
00.0000000384154996702079643001
00.0000000384154996702079643001
00.0000000384154996702079643001
00.0000000384154996702079643001
00.0000000384154996702079643001
00.0000000384154996702079643001
00.0000000384154996702079643001
00.0000000384154996702079643001
00.0000000384154996702079643001
00.0000000384154996702079643001
00.0000000384154996702079643001
00.0000000384154996702079643001
00.0000000384154996702079643001
00.0000000384154996702079643001
00.0000000384154996702079643001
00.0000000384154996702079643001
00.0000000384154996702079643001
00.0000000284210028844711359852
00.0000000284210028844711359852
00.0000000284210028844711359852
00.0000000284210028844711359852
00.0000000284210028844711359852
00.0000000284210028844711359852
00.0000000284210028844711359852
00.0000000284210028844711359852
00.0000000284210028844711359852
00.0000000284210028844711359852
00.0000000284210028844711359852
00.0000000284210028844711359852
00.0000000284210028844711359852
00.0000000284210028844711359852
00.0000000284210028844711359852
00.0000000284210028844711359852
00.0000000284210028844711359852
00.0000000284210028844711359852
00.0000000284210028844711359852
00.0000000284210028844711359852
00.0000000284210028844711359852
00.0000000284210028844711359852
00.0000000284210028844711359852
00.0000000284210028844711359852
00.0000000284210028844711359852
00.0000000284210028844711359852
00.0000000284210028844711359852
00.0000000284210028844711359852
00.0000000284210028844711359852
00.0000000284210028844711359852
00.0000000284210028844711359852
00.0000000284210028844711359852
00.0000000284210028844711359852
00.0000000284210028844711359852
00.0000000284210028844711359852
00.0000000284210028844711359852
00.0000000284210028844711359852
00.0000000284210028844711359852
00.0000000284210028844711359852
00.0000000284210028844711359852
00.0000000284210028844711359852
00.0000000284210028844711359852
00.0000000284210028844711359852
00.0000000284210028844711359852
00.0000000284210028844711359852
00.0000000284210028844711359852
00.0000000284210028844711359852
00.0000000284210028844711359852
00.0000000284210028844711359852
00.0000000284210028844711359852
00.0000000284210028844711359852
00.0000000284210028844711359852
00.0000000284210028844711359852
00.0000000284210028844711359852
00.0000000284210028844711359852
00.0000000284210028844711359852
00.0000000284210028844711359852
00.0000000284210028844711359852
00.0000000284210028844711359852
00.0000000284210028844711359852
00.0000000284210028844711359852
00.0000000284210028844711359852
00.0000000284210028844711359852
00.0000000284210028844711359852
00.0000000284210028844711359852
00.0000000284210028844711359852
00.0000000284210028844711359852
00.0000000284210028844711359852
00.0000000284210028844711359852
00.0000000284210028844711359852
00.0000000284210028844711359852
00.0000000284210028844711359852
00.0000000284210028844711359852
00.0000000284210028844711359852
00.0000000284210028844711359852
00.0000000284210028844711359852
00.0000000284210028844711359852
00.0000000284210028844711359852
00.0000000284210028844711359852
00.0000000284210028844711359852
00.0000000284210028844711359852
00.0000000284210028844711359852
00.0000000284210028844711359852
00.0000000284210028844711359852
00.0000000284210028844711359852
00.0000000284210028844711359852
00.0000000284210028844711359852
00.0000000284210028844711359852
00.0000000284210028844711359852
00.0000000284210028844711359852
00.0000000284210028844711359852
00.0000000284210028844711359852
00.0000000284210028844711359852
00.0000000284210028844711359852
00.0000000284210028844711359852
00.0000000284210028844711359852
00.0000000284210028844711359852
00.0000000284210028844711359852
00.0000000284210028844711359852
00.0000000284210028844711359852
00.0000000284210028844711359852
00.0000000284210028844711359852
00.0000000284210028844711359852
00.0000000284210028844711359852
00.0000000284210028844711359852
00.0000000284210028844711359852
00.0000000284210028844711359852
00.0000000284210028844711359852
00.0000000284210028844711359852
00.0000000284210028844711359852
00.0000000284210028844711359852
00.0000000284210028844711359852
00.0000000284210028844711359852
00.0000000284210028844711359852
00.0000000284210028844711359852
00.0000000284210028844711359852
00.0000000284210028844711359852
00.0000000284210028844711359852
00.0000000284210028844711359852
00.0000000284210028844711359852
00.0000000284210028844711359852
00.0000000284210028844711359852
00.0000000284210028844711359852
00.0000000284210028844711359852
00.0000000284210028844711359852
00.0000000284210028844711359852
00.0000000284210028844711359852
00.0000000284210028844711359852
00.0000000284210028844711359852
00.0000000284210028844711359852
00.0000000284210028844711359852
00.0000000284210028844711359852
00.0000000284210028844711359852
00.0000000284210028844711359852
00.0000000284210028844711359852
00.0000000284210028844711359852
00.0000000284210028844711359852
00.0000000284210028844711359852
00.0000000284210028844711359852
00.0000000284210028844711359852
00.0000000284210028844711359852
00.0000000284210028844711359852
00.0000000284210028844711359852
00.0000000284210028844711359852
00.0000000284210028844711359852
00.0000000284210028844711359852
00.0000000284210028844711359852
00.0000000284210028844711359852
00.0000000284210028844711359852
00.0000000284210028844711359852
00.0000000284210028844711359852
00.0000000284210028844711359852
00.0000000284210028844711359852
00.0000000284210028844711359852
00.0000000284210028844711359852
00.0000000284210028844711359852
00.0000000284210028844711359852
00.0000000284210028844711359852
00.0000000284210028844711359852
00.0000000284210028844711359852
00.0000000284210028844711359852
00.0000000284210028844711359852
00.0000000284210028844711359852
00.0000000284210028844711359852
00.0000000284210028844711359852
00.0000000284210028844711359852
00.0000000284210028844711359852
00.0000000284210028844711359852
00.0000000284210028844711359852
00.0000000284210028844711359852
00.0000000284210028844711359852
00.0000000284210028844711359852
00.0000000284210028844711359852
00.0000000284210028844711359852
00.0000000284210028844711359852
00.0000000284210028844711359852
00.0000000284210028844711359852
00.0000000284210028844711359852
00.0000000284210028844711359852
00.0000000284210028844711359852
00.0000000284210028844711359852
00.0000000284210028844711359852
00.0000000284210028844711359852
00.0000000284210028844711359852
00.0000000284210028844711359852
00.0000000284210028844711359852
00.0000000284210028844711359852
00.0000000284210028844711359852
00.0000000284210028844711359852
00.0000000284210028844711359852
00.0000000284210028844711359852
00.0000000284210028844711359852
00.0000000284210028844711359852
00.0000000284210028844711359852
00.0000000284210028844711359852
00.0000000284210028844711359852
00.0000000284210028844711359852
00.0000000284210028844711359852
00.0000000284210028844711359852
00.0000000284210028844711359852
00.0000000284210028844711359852
00.0000000284210028844711359852
00.0000000284210028844711359852
00.0000000284210028844711359852
00.0000000284210028844711359852
00.0000000284210028844711359852
00.0000000284210028844711359852
00.0000000284210028844711359852
00.0000000284210028844711359852
00.0000000284210028844711359852
00.0000000284210028844711359852
00.0000000284210028844711359852
00.0000000284210028844711359852
00.0000000284210028844711359852
00.0000000284210028844711359852
00.0000000284210028844711359852
00.0000000284210028844711359852
00.0000000284210028844711359852
00.0000000284210028844711359852
00.0000000284210028844711359852
00.0000000284210028844711359852
00.0000000284210028844711359852
00.0000000284210028844711359852
00.0000000284210028844711359852
00.0000000284210028844711359852
00.0000000284210028844711359852
00.0000000284210028844711359852
00.0000000284210028844711359852
00.0000000284210028844711359852
00.0000000284210028844711359852
00.0000000284210028844711359852
00.0000000284210028844711359852
00.0000000284210028844711359852
00.0000000284210028844711359852
00.0000000284210028844711359852
00.0000000284210028844711359852
00.0000000284210028844711359852
00.0000000284210028844711359852
00.0000000284210028844711359852
00.0000000284210028844711359852
00.0000000284210028844711359852
00.0000000284210028844711359852
00.0000000284210028844711359852
00.0000000284210028844711359852
00.0000000284210028844711359852
00.0000000284210028844711359852
00.0000000284210028844711359852
00.0000000284210028844711359852
00.0000000284210028844711359852
00.0000000284210028844711359852
00.0000000284210028844711359852
00.0000000284210028844711359852
00.0000000284210028844711359852
00.0000000284210028844711359852
00.0000000284210028844711359852
00.0000000284210028844711359852
00.0000000284210028844711359852
00.0000000284210028844711359852
00.0000000284210028844711359852
00.0000000284210028844711359852
00.0000000284210028844711359852
00.0000000284210028844711359852
00.0000000284210028844711359852
00.0000000284210028844711359852
00.0000000284210028844711359852
00.0000000284210028844711359852
00.0000000284210028844711359852
00.0000000284210028844711359852
00.0000000284210028844711359852
00.0000000284210028844711359852
00.0000000284210028844711359852
00.0000000284210028844711359852
00.0000000284210028844711359852
00.0000000284210028844711359852
00.0000000284210028844711359852
00.0000000284210028844711359852
00.0000000284210028844711359852
00.0000000284210028844711359852
00.0000000284210028844711359852
00.0000000284210028844711359852
00.0000000284210028844711359852
00.0000000284210028844711359852
00.0000000284210028844711359852
00.0000000284210028844711359852
00.0000000284210028844711359852
00.0000000284210028844711359852
00.0000000284210028844711359852
00.0000000284210028844711359852
00.0000000284210028844711359852
00.0000000284210028844711359852
00.0000000284210028844711359852
00.0000000284210028844711359852
00.0000000284210028844711359852
00.0000000284210028844711359852
00.0000000284210028844711359852
00.0000000284210028844711359852
00.0000000284210028844711359852
00.0000000284210028844711359852
00.0000000284210028844711359852
00.0000000284210028844711359852
00.0000000284210028844711359852
00.0000000284210028844711359852
00.0000000284210028844711359852
00.0000000284210028844711359852
00.0000000284210028844711359852
00.0000000284210028844711359852
00.0000000284210028844711359852
00.0000000284210028844711359852
00.0000000284210028844711359852
00.0000000284210028844711359852
00.0000000284210028844711359852
00.0000000284210028844711359852
00.0000000284210028844711359852
00.0000000284210028844711359852
00.0000000284210028844711359852
00.0000000284210028844711359852
00.0000000284210028844711359852
00.0000000284210028844711359852
00.0000000284210028844711359852
00.0000000284210028844711359852
00.0000000284210028844711359852
00.0000000284210028844711359852
00.0000000284210028844711359852
00.0000000284210028844711359852
00.0000000284210028844711359852
00.0000000284210028844711359852
00.0000000284210028844711359852
00.0000000284210028844711359852
00.0000000284210028844711359852
00.0000000284210028844711359852
00.0000000284210028844711359852
00.0000000284210028844711359852
00.0000000284210028844711359852
00.0000000284210028844711359852
00.0000000284210028844711359852
00.0000000284210028844711359852
00.0000000284210028844711359852
00.0000000284210028844711359852
00.0000000284210028844711359852
00.0000000284210028844711359852
00.0000000284210028844711359852
00.0000000284210028844711359852
00.0000000284210028844711359852
00.0000000284210028844711359852
00.0000000284210028844711359852
00.0000000284210028844711359852
00.0000000284210028844711359852
00.0000000284210028844711359852
00.0000000284210028844711359852
00.0000000284210028844711359852
00.0000000284210028844711359852
00.0000000284210028844711359852
00.0000000284210028844711359852
00.0000000284210028844711359852
00.0000000284210028844711359852
00.0000000284210028844711359852
00.0000000284210028844711359852
00.0000000284210028844711359852
00.0000000284210028844711359852
00.0000000284210028844711359852
00.0000000284210028844711359852
00.0000000284210028844711359852
00.0000000284210028844711359852
00.0000000284210028844711359852
00.0000000284210028844711359852
00.0000000284210028844711359852
00.0000000284210028844711359852
00.0000000284210028844711359852
00.0000000284210028844711359852
00.0000000284210028844711359852
00.0000000284210028844711359852
00.0000000284210028844711359852
00.0000000284210028844711359852
00.0000000284210028844711359852
00.0000000284210028844711359852
00.0000000284210028844711359852
00.0000000284210028844711359852
00.0000000284210028844711359852
00.0000000284210028844711359852
00.0000000284210028844711359852
00.0000000284210028844711359852
00.0000000284210028844711359852
00.0000000284210028844711359852
00.0000000284210028844711359852
00.0000000284210028844711359852
00.0000000284210028844711359852
00.0000000284210028844711359852
00.0000000284210028844711359852
00.0000000284210028844711359852
00.0000000284210028844711359852
00.0000000284210028844711359852
00.0000000284210028844711359852
00.0000000284210028844711359852
00.0000000284210028844711359852
00.0000000284210028844711359852
00.0000000284210028844711359852
00.0000000284210028844711359852
00.0000000284210028844711359852
00.0000000284210028844711359852
00.0000000284210028844711359852
00.0000000284210028844711359852
00.0000000284210028844711359852
00.0000000284210028844711359852
00.0000000284210028844711359852
00.0000000284210028844711359852
00.0000000284210028844711359852
00.0000000284210028844711359852
00.0000000284210028844711359852
00.0000000284210028844711359852
00.0000000284210028844711359852
00.0000000284210028844711359852
00.0000000284210028844711359852
00.0000000284210028844711359852
00.0000000284210028844711359852
00.0000000284210028844711359852
00.0000000284210028844711359852
00.0000000284210028844711359852
00.0000000284210028844711359852
00.0000000284210028844711359852
00.0000000284210028844711359852
00.0000000284210028844711359852
00.0000000284210028844711359852
00.0000000284210028844711359852
00.0000000284210028844711359852
00.0000000284210028844711359852
00.0000000284210028844711359852
00.0000000284210028844711359852
00.0000000284210028844711359852
00.0000000284210028844711359852
00.0000000284210028844711359852
00.0000000284210028844711359852
00.0000000284210028844711359852
00.0000000284210028844711359852
00.0000000284210028844711359852
00.0000000284210028844711359852
00.0000000284210028844711359852
00.0000000284210028844711359852
00.0000000284210028844711359852
00.0000000284210028844711359852
00.0000000284210028844711359852
00.0000000284210028844711359852
00.0000000284210028844711359852
00.0000000284210028844711359852
00.0000000284210028844711359852
00.0000000284210028844711359852
00.0000000284210028844711359852
00.0000000284210028844711359852
00.0000000284210028844711359852
00.0000000284210028844711359852
00.0000000284210028844711359852
00.0000000284210028844711359852
00.0000000284210028844711359852
00.0000000284210028844711359852
00.0000000284210028844711359852
00.0000000284210028844711359852
00.0000000284210028844711359852
00.0000000284210028844711359852
00.0000000284210028844711359852
00.0000000284210028844711359852
00.0000000284210028844711359852
00.0000000284210028844711359852
00.0000000284210028844711359852
00.0000000284210028844711359852
00.0000000284210028844711359852
00.0000000284210028844711359852
00.0000000284210028844711359852
00.0000000284210028844711359852
00.0000000284210028844711359852
00.0000000284210028844711359852
00.0000000284210028844711359852
00.0000000284210028844711359852
00.0000000284210028844711359852
00.0000000284210028844711359852
00.0000000284210028844711359852
00.0000000284210028844711359852
00.0000000284210028844711359852
00.0000000284210028844711359852
00.0000000284210028844711359852
00.0000000284210028844711359852
00.0000000284210028844711359852
00.0000000284210028844711359852
00.0000000284210028844711359852
00.0000000284210028844711359852
00.0000000284210028844711359852
00.0000000284210028844711359852
00.0000000284210028844711359852
00.0000000284210028844711359852
00.0000000284210028844711359852
00.0000000284210028844711359852
00.0000000284210028844711359852
00.0000000284210028844711359852
00.0000000284210028844711359852
00.0000000284210028844711359852
00.0000000284210028844711359852
00.0000000284210028844711359852
00.0000000284210028844711359852
00.0000000284210028844711359852
00.0000000284210028844711359852
00.0000000284210028844711359852
00.0000000284210028844711359852
00.0000000284210028844711359852
00.0000000284210028844711359852
00.0000000284210028844711359852
00.0000000284210028844711359852
00.0000000284210028844711359852
00.0000000284210028844711359852
00.0000000284210028844711359852
00.0000000284210028844711359852
00.0000000284210028844711359852
00.0000000284210028844711359852
00.0000000284210028844711359852
00.0000000284210028844711359852
00.0000000284210028844711359852
00.0000000284210028844711359852
00.0000000284210028844711359852
00.0000000284210028844711359852
00.0000000284210028844711359852
00.0000000284210028844711359852
00.0000000284210028844711359852
00.0000000284210028844711359852
00.0000000284210028844711359852
00.0000000284210028844711359852
00.0000000284210028844711359852
00.0000000284210028844711359852
00.0000000284210028844711359852
00.0000000284210028844711359852
00.0000000284210028844711359852
00.0000000284210028844711359852
00.0000000284210028844711359852
00.0000000284210028844711359852
00.0000000284210028844711359852
00.0000000284210028844711359852
00.0000000284210028844711359852
00.0000000284210028844711359852
00.0000000284210028844711359852
00.0000000284210028844711359852
00.0000000284210028844711359852
00.0000000284210028844711359852
00.0000000284210028844711359852
00.0000000284210028844711359852
00.0000000284210028844711359852
00.0000000284210028844711359852
00.0000000284210028844711359852
00.0000000284210028844711359852
00.0000000284210028844711359852
00.0000000284210028844711359852
00.0000000284210028844711359852
00.0000000284210028844711359852
00.0000000284210028844711359852
00.0000000284210028844711359852
00.0000000284210028844711359852
00.0000000284210028844711359852
00.0000000284210028844711359852
00.0000000284210028844711359852
00.0000000284210028844711359852
00.0000000284210028844711359852
00.0000000284210028844711359852
00.0000000284210028844711359852
00.0000000284210028844711359852
00.0000000284210028844711359852
00.0000000284210028844711359852
00.0000000284210028844711359852
00.0000000284210028844711359852
00.0000000284210028844711359852
00.0000000284210028844711359852
00.0000000284210028844711359852
00.0000000284210028844711359852
00.0000000284210028844711359852
00.0000000284210028844711359852
00.0000000284210028844711359852
00.0000000284210028844711359852
00.0000000284210028844711359852
00.0000000284210028844711359852
00.0000000284210028844711359852
00.0000000284210028844711359852
00.0000000284210028844711359852
00.0000000284210028844711359852
00.0000000284210028844711359852
00.0000000284210028844711359852
00.0000000284210028844711359852
00.0000000284210028844711359852
00.0000000284210028844711359852
00.0000000284210028844711359852
00.0000000284210028844711359852
00.0000000284210028844711359852
00.0000000284210028844711359852
00.0000000284210028844711359852
00.0000000284210028844711359852
00.0000000284210028844711359852
00.0000000284210028844711359852
00.0000000284210028844711359852
00.0000000284210028844711359852
00.0000000284210028844711359852
00.0000000284210028844711359852
00.0000000284210028844711359852
00.0000000284210028844711359852
00.0000000284210028844711359852
00.0000000284210028844711359852
00.0000000284210028844711359852
00.0000000284210028844711359852
00.0000000284210028844711359852
00.0000000284210028844711359852
00.0000000284210028844711359852
00.0000000284210028844711359852
00.0000000284210028844711359852
00.0000000284210028844711359852
00.0000000284210028844711359852
00.0000000284210028844711359852
00.0000000284210028844711359852
00.0000000284210028844711359852
00.0000000284210028844711359852
00.0000000284210028844711359852
00.0000000284210028844711359852
00.0000000284210028844711359852
00.0000000284210028844711359852
00.0000000284210028844711359852
00.0000000284210028844711359852
00.0000000284210028844711359852
00.0000000284210028844711359852
00.0000000284210028844711359852
00.0000000284210028844711359852
00.0000000284210028844711359852
00.0000000284210028844711359852
00.0000000284210028844711359852
00.0000000284210028844711359852
00.0000000284210028844711359852
00.0000000284210028844711359852
00.0000000284210028844711359852
00.0000000284210028844711359852
00.0000000284210028844711359852
00.0000000284210028844711359852
00.0000000284210028844711359852
00.0000000284210028844711359852
00.0000000284210028844711359852
00.0000000284210028844711359852
00.0000000284210028844711359852
00.0000000284210028844711359852
00.0000000284210028844711359852
00.0000000284210028844711359852
00.0000000284210028844711359852
00.0000000284210028844711359852
00.0000000284210028844711359852
00.0000000284210028844711359852
00.0000000284210028844711359852
00.0000000284210028844711359852
00.0000000284210028844711359852
00.0000000284210028844711359852
00.0000000284210028844711359852
00.0000000284210028844711359852
00.0000000284210028844711359852
00.0000000284210028844711359852
00.0000000284210028844711359852
00.0000000284210028844711359852
00.0000000284210028844711359852
00.0000000284210028844711359852
00.0000000284210028844711359852
00.0000000284210028844711359852
00.0000000284210028844711359852
00.0000000284210028844711359852
00.0000000284210028844711359852
00.0000000284210028844711359852
00.0000000284210028844711359852
00.0000000284210028844711359852
00.0000000284210028844711359852
00.0000000284210028844711359852
00.0000000284210028844711359852
00.0000000284210028844711359852
00.0000000284210028844711359852
00.0000000284210028844711359852
00.0000000284210028844711359852
00.0000000284210028844711359852
00.0000000284210028844711359852
00.0000000284210028844711359852
00.0000000284210028844711359852
00.0000000284210028844711359852
00.0000000284210028844711359852
00.0000000284210028844711359852
00.0000000284210028844711359852
00.0000000284210028844711359852
00.0000000284210028844711359852
00.0000000284210028844711359852
00.0000000284210028844711359852
00.0000000284210028844711359852
00.0000000284210028844711359852
00.0000000284210028844711359852
00.0000000284210028844711359852
00.0000000284210028844711359852
00.0000000284210028844711359852
00.0000000284210028844711359852
00.0000000284210028844711359852
00.0000000284210028844711359852
00.0000000284210028844711359852
00.0000000284210028844711359852
00.0000000284210028844711359852
00.0000000284210028844711359852
00.0000000284210028844711359852
00.0000000284210028844711359852
00.0000000284210028844711359852
00.0000000284210028844711359852
00.0000000284210028844711359852
00.0000000284210028844711359852
00.0000000284210028844711359852
00.0000000284210028844711359852
00.0000000284210028844711359852
00.0000000284210028844711359852
00.0000000284210028844711359852
00.0000000284210028844711359852
00.0000000284210028844711359852
00.0000000284210028844711359852
00.0000000284210028844711359852
00.0000000284210028844711359852
00.0000000284210028844711359852
00.0000000284210028844711359852
00.0000000284210028844711359852
00.0000000284210028844711359852
00.0000000284210028844711359852
00.0000000284210028844711359852
00.0000000284210028844711359852
00.0000000284210028844711359852
00.0000000284210028844711359852
00.0000000284210028844711359852
00.0000000284210028844711359852
00.0000000284210028844711359852
00.0000000284210028844711359852
00.0000000284210028844711359852
00.0000000284210028844711359852
00.0000000284210028844711359852
00.0000000284210028844711359852
00.0000000284210028844711359852
00.0000000284210028844711359852
00.0000000284210028844711359852
00.0000000284210028844711359852
00.0000000284210028844711359852
00.0000000284210028844711359852
00.0000000284210028844711359852
00.0000000284210028844711359852
00.0000000284210028844711359852
00.0000000284210028844711359852
00.0000000284210028844711359852
00.0000000284210028844711359852
00.0000000284210028844711359852
00.0000000284210028844711359852
00.0000000284210028844711359852
00.0000000284210028844711359852
00.0000000284210028844711359852
00.0000000284210028844711359852
00.0000000284210028844711359852
00.0000000284210028844711359852
00.0000000284210028844711359852
00.0000000284210028844711359852
00.0000000284210028844711359852
00.0000000284210028844711359852
00.0000000284210028844711359852
00.0000000284210028844711359852
00.0000000284210028844711359852
00.0000000284210028844711359852
00.0000000284210028844711359852
00.0000000284210028844711359852
00.0000000284210028844711359852
00.0000000284210028844711359852
00.0000000284210028844711359852
00.0000000284210028844711359852
00.0000000284210028844711359852
00.0000000284210028844711359852
00.0000000284210028844711359852
00.0000000284210028844711359852
00.0000000284210028844711359852
00.0000000284210028844711359852
00.0000000284210028844711359852
00.0000000284210028844711359852
00.0000000284210028844711359852
00.0000000284210028844711359852
00.0000000284210028844711359852
00.0000000284210028844711359852
00.0000000284210028844711359852
00.0000000284210028844711359852
00.0000000284210028844711359852
00.0000000284210028844711359852
00.0000000284210028844711359852
00.0000000284210028844711359852
00.0000000284210028844711359852
00.0000000284210028844711359852
00.0000000284210028844711359852
00.0000000284210028844711359852
00.0000000284210028844711359852
00.0000000284210028844711359852
00.0000000284210028844711359852
00.0000000284210028844711359852
00.0000000284210028844711359852
00.0000000284210028844711359852
00.0000000284210028844711359852
00.0000000284210028844711359852
00.0000000284210028844711359852
00.0000000284210028844711359852
00.0000000284210028844711359852
00.0000000284210028844711359852
00.0000000284210028844711359852
00.0000000284210028844711359852
00.0000000284210028844711359852
00.0000000284210028844711359852
00.0000000284210028844711359852
00.0000000284210028844711359852
00.0000000284210028844711359852
00.0000000284210028844711359852
00.0000000284210028844711359852
00.0000000284210028844711359852
00.0000000284210028844711359852
00.0000000284210028844711359852
00.0000000284210028844711359852
00.0000000284210028844711359852
00.0000000284210028844711359852
00.0000000284210028844711359852
00.0000000284210028844711359852
00.0000000284210028844711359852
00.0000000284210028844711359852
00.0000000284210028844711359852
00.0000000284210028844711359852
00.0000000284210028844711359852
00.0000000284210028844711359852
00.0000000284210028844711359852
00.0000000284210028844711359852
00.0000000284210028844711359852
00.0000000284210028844711359852
00.0000000284210028844711359852
00.0000000284210028844711359852
00.0000000284210028844711359852
00.0000000284210028844711359852
00.0000000284210028844711359852
00.0000000284210028844711359852
00.0000000284210028844711359852
00.0000000284210028844711359852
00.0000000284210028844711359852
00.0000000284210028844711359852
00.0000000284210028844711359852
00.0000000284210028844711359852
00.0000000284210028844711359852
00.0000000284210028844711359852
00.0000000284210028844711359852
00.0000000284210028844711359852
00.0000000284210028844711359852
00.0000000284210028844711359852
00.0000000284210028844711359852
00.0000000284210028844711359852
00.0000000284210028844711359852
00.0000000284210028844711359852
00.0000000284210028844711359852
00.0000000284210028844711359852
00.0000000284210028844711359852
00.0000000284210028844711359852
00.0000000284210028844711359852
00.0000000284210028844711359852
00.0000000284210028844711359852
00.0000000284210028844711359852
00.0000000284210028844711359852
00.0000000284210028844711359852
00.0000000284210028844711359852
00.0000000284210028844711359852
00.0000000284210028844711359852
00.0000000284210028844711359852
00.0000000284210028844711359852
00.0000000284210028844711359852
00.0000000284210028844711359852
00.0000000284210028844711359852
00.0000000284210028844711359852
00.0000000284210028844711359852
00.0000000284210028844711359852
00.0000000284210028844711359852
00.0000000284210028844711359852
00.0000000284210028844711359852
00.0000000284210028844711359852
00.0000000284210028844711359852
00.0000000284210028844711359852
00.0000000284210028844711359852
00.0000000284210028844711359852
00.0000000284210028844711359852
00.0000000284210028844711359852
00.0000000284210028844711359852
00.0000000284210028844711359852
00.0000000284210028844711359852
00.0000000284210028844711359852
00.0000000284210028844711359852
00.0000000284210028844711359852
00.0000000284210028844711359852
00.0000000284210028844711359852
00.0000000284210028844711359852
00.0000000284210028844711359852
00.0000000284210028844711359852
00.0000000284210028844711359852
00.0000000284210028844711359852
00.0000000284210028844711359852
00.0000000284210028844711359852
00.0000000284210028844711359852
00.0000000284210028844711359852
00.0000000284210028844711359852
00.0000000284210028844711359852
00.0000000284210028844711359852
00.0000000284210028844711359852
00.0000000284210028844711359852
00.0000000284210028844711359852
00.0000000284210028844711359852
00.0000000284210028844711359852
00.0000000284210028844711359852
00.0000000284210028844711359852
00.0000000284210028844711359852
00.0000000284210028844711359852
00.0000000284210028844711359852
00.0000000284210028844711359852
00.0000000284210028844711359852
00.0000000284210028844711359852
00.0000000284210028844711359852
00.0000000284210028844711359852
00.0000000284210028844711359852
00.0000000284210028844711359852
00.0000000284210028844711359852
00.0000000284210028844711359852
00.0000000284210028844711359852
00.0000000284210028844711359852
00.0000000284210028844711359852
00.0000000284210028844711359852
00.0000000284210028844711359852
00.0000000284210028844711359852
00.0000000284210028844711359852
00.0000000284210028844711359852
00.0000000284210028844711359852
00.0000000284210028844711359852
00.0000000284210028844711359852
00.0000000284210028844711359852
00.0000000284210028844711359852
00.0000000284210028844711359852
00.0000000284210028844711359852
00.0000000284210028844711359852
00.0000000284210028844711359852
00.0000000284210028844711359852
00.0000000284210028844711359852
00.0000000284210028844711359852
00.0000000284210028844711359852
00.0000000284210028844711359852
00.0000000284210028844711359852
00.0000000284210028844711359852
00.0000000284210028844711359852
00.0000000284210028844711359852
00.0000000284210028844711359852
00.0000000284210028844711359852
00.0000000284210028844711359852
00.0000000284210028844711359852
00.0000000284210028844711359852
00.0000000284210028844711359852
00.0000000284210028844711359852
00.0000000284210028844711359852
00.0000000284210028844711359852
00.0000000284210028844711359852
00.0000000284210028844711359852
00.0000000284210028844711359852
00.0000000284210028844711359852
00.0000000284210028844711359852
00.0000000284210028844711359852
00.0000000284210028844711359852
00.0000000284210028844711359852
00.0000000284210028844711359852
00.0000000284210028844711359852
00.0000000284210028844711359852
00.0000000284210028844711359852
00.0000000284210028844711359852
00.0000000284210028844711359852
00.0000000284210028844711359852
00.0000000284210028844711359852
00.0000000284210028844711359852
00.0000000284210028844711359852
00.0000000284210028844711359852
00.0000000284210028844711359852
00.0000000284210028844711359852
00.0000000284210028844711359852
00.0000000284210028844711359852
00.0000000284210028844711359852
00.0000000284210028844711359852
00.0000000284210028844711359852
00.0000000284210028844711359852
00.0000000284210028844711359852
00.0000000284210028844711359852
00.0000000284210028844711359852
00.0000000284210028844711359852
00.0000000284210028844711359852
00.0000000284210028844711359852
00.0000000284210028844711359852
00.0000000284210028844711359852
00.0000000284210028844711359852
00.0000000284210028844711359852
00.0000000284210028844711359852
00.0000000284210028844711359852
00.0000000284210028844711359852
00.0000000284210028844711359852
00.0000000284210028844711359852
00.0000000284210028844711359852
00.0000000284210028844711359852
00.0000000284210028844711359852
00.0000000284210028844711359852
00.0000000284210028844711359852
00.0000000284210028844711359852
00.0000000284210028844711359852
00.0000000284210028844711359852
00.0000000300259164198735106766
00.0000000300259164198735106766
00.0000000300259164198735106766
00.0000000300259164198735106766
00.0000000300259164198735106766
00.0000000300259164198735106766
00.0000000300259164198735106766
00.0000000300259164198735106766
00.0000000300259164198735106766
00.0000000300259164198735106766
00.0000000300259164198735106766
00.0000000300259164198735106766
00.0000000300259164198735106766
00.0000000300259164198735106766
00.0000000300259164198735106766
00.0000000300259164198735106766
00.0000000300259164198735106766
00.0000000300259164198735106766
00.0000000300259164198735106766
00.0000000300259164198735106766
00.0000000300259164198735106766
00.0000000300259164198735106766
00.0000000300259164198735106766
00.0000000300259164198735106766
00.0000000300259164198735106766
00.0000000300259164198735106766
00.0000000300259164198735106766
00.0000000300259164198735106766
00.0000000300259164198735106766
00.0000000300259164198735106766
00.0000000300259164198735106766
00.0000000300259164198735106766
00.0000000300259164198735106766
00.0000000300259164198735106766
00.0000000300259164198735106766
00.0000000300259164198735106766
00.0000000300259164198735106766
00.0000000300259164198735106766
00.0000000300259164198735106766
00.0000000300259164198735106766
00.0000000300259164198735106766
00.0000000300259164198735106766
00.0000000300259164198735106766
00.0000000300259164198735106766
00.0000000300259164198735106766
00.0000000300259164198735106766
00.0000000300259164198735106766
00.0000000300259164198735106766
00.0000000300259164198735106766
00.0000000300259164198735106766
00.0000000300259164198735106766
00.0000000300259164198735106766
00.0000000300259164198735106766
00.0000000300259164198735106766
00.0000000300259164198735106766
00.0000000300259164198735106766
00.0000000300259164198735106766
00.0000000300259164198735106766
00.0000000300259164198735106766
00.0000000300259164198735106766
00.0000000300259164198735106766
00.0000000300259164198735106766
00.0000000300259164198735106766
00.0000000300259164198735106766
00.0000000300259164198735106766
00.0000000300259164198735106766
00.0000000300259164198735106766
00.0000000300259164198735106766
00.0000000300259164198735106766
00.0000000300259164198735106766
00.0000000300259164198735106766
00.0000000300259164198735106766
00.0000000300259164198735106766
00.0000000300259164198735106766
00.0000000300259164198735106766
00.0000000300259164198735106766
00.0000000300259164198735106766
00.0000000300259164198735106766
00.0000000300259164198735106766
00.0000000300259164198735106766
00.0000000300259164198735106766
00.0000000300259164198735106766
00.0000000300259164198735106766
00.0000000300259164198735106766
00.0000000300259164198735106766
00.0000000300259164198735106766
00.0000000300259164198735106766
00.0000000300259164198735106766
00.0000000300259164198735106766
00.0000000300259164198735106766
00.0000000300259164198735106766
00.0000000300259164198735106766
00.0000000300259164198735106766
00.0000000300259164198735106766
00.0000000300259164198735106766
00.0000000300259164198735106766
00.0000000300259164198735106766
00.0000000300259164198735106766
00.0000000300259164198735106766
00.0000000300259164198735106766
00.0000000300259164198735106766
00.0000000300259164198735106766
00.0000000300259164198735106766
00.0000000300259164198735106766
00.0000000300259164198735106766
00.0000000300259164198735106766
00.0000000300259164198735106766
00.0000000300259164198735106766
00.0000000300259164198735106766
00.0000000300259164198735106766
00.0000000300259164198735106766
00.0000000300259164198735106766
00.0000000300259164198735106766
00.0000000300259164198735106766
00.0000000300259164198735106766
00.0000000300259164198735106766
00.0000000300259164198735106766
00.0000000300259164198735106766
00.0000000300259164198735106766
00.0000000300259164198735106766
00.0000000300259164198735106766
00.0000000300259164198735106766
00.0000000300259164198735106766
00.0000000300259164198735106766
00.0000000300259164198735106766
00.0000000300259164198735106766
00.0000000300259164198735106766
00.0000000300259164198735106766
00.0000000300259164198735106766
00.0000000300259164198735106766
00.0000000300259164198735106766
00.0000000300259164198735106766
00.0000000300259164198735106766
00.0000000300259164198735106766
00.0000000300259164198735106766
00.0000000300259164198735106766
00.0000000300259164198735106766
00.0000000300259164198735106766
00.0000000300259164198735106766
00.0000000300259164198735106766
00.0000000300259164198735106766
00.0000000300259164198735106766
00.0000000300259164198735106766
00.0000000300259164198735106766
00.0000000300259164198735106766
00.0000000300259164198735106766
00.0000000300259164198735106766
00.0000000300259164198735106766
00.0000000300259164198735106766
00.0000000300259164198735106766
00.0000000300259164198735106766
00.0000000300259164198735106766
00.0000000300259164198735106766
00.0000000300259164198735106766
00.0000000300259164198735106766
00.0000000300259164198735106766
00.0000000300259164198735106766
00.0000000300259164198735106766
00.0000000300259164198735106766
00.0000000300259164198735106766
00.0000000300259164198735106766
00.0000000300259164198735106766
00.0000000300259164198735106766
00.0000000300259164198735106766
00.0000000300259164198735106766
00.0000000300259164198735106766
00.0000000300259164198735106766
00.0000000300259164198735106766
00.0000000300259164198735106766
00.0000000300259164198735106766
00.0000000300259164198735106766
00.0000000300259164198735106766
00.0000000300259164198735106766
00.0000000300259164198735106766
00.0000000300259164198735106766
00.0000000300259164198735106766
00.0000000300259164198735106766
00.0000000300259164198735106766
00.0000000300259164198735106766
00.0000000300259164198735106766
00.0000000300259164198735106766
00.0000000300259164198735106766
00.0000000300259164198735106766
00.0000000300259164198735106766
00.0000000300259164198735106766
00.0000000300259164198735106766
00.0000000300259164198735106766
00.0000000300259164198735106766
00.0000000300259164198735106766
00.0000000300259164198735106766
00.0000000300259164198735106766
00.0000000300259164198735106766
00.0000000300259164198735106766
00.0000000300259164198735106766
00.0000000300259164198735106766
00.0000000300259164198735106766
00.0000000300259164198735106766
00.0000000300259164198735106766
00.0000000300259164198735106766
00.0000000300259164198735106766
00.0000000300259164198735106766
00.0000000300259164198735106766
00.0000000300259164198735106766
00.0000000300259164198735106766
00.0000000300259164198735106766
00.0000000300259164198735106766
00.0000000300259164198735106766
00.0000000300259164198735106766
00.0000000300259164198735106766
00.0000000300259164198735106766
00.0000000300259164198735106766
00.0000000300259164198735106766
00.0000000300259164198735106766
00.0000000300259164198735106766
00.0000000300259164198735106766
00.0000000300259164198735106766
00.0000000300259164198735106766
00.0000000300259164198735106766
00.0000000300259164198735106766
00.0000000300259164198735106766
00.0000000300259164198735106766
00.0000000300259164198735106766
00.0000000300259164198735106766
00.0000000300259164198735106766
00.0000000300259164198735106766
00.0000000300259164198735106766
00.0000000300259164198735106766
00.0000000300259164198735106766
00.0000000300259164198735106766
00.0000000300259164198735106766
00.0000000300259164198735106766
00.0000000300259164198735106766
00.0000000300259164198735106766
00.0000000300259164198735106766
00.0000000300259164198735106766
00.0000000300259164198735106766
00.0000000300259164198735106766
00.0000000300259164198735106766
00.0000000300259164198735106766
00.0000000300259164198735106766
00.0000000300259164198735106766
00.0000000300259164198735106766
00.0000000300259164198735106766
00.0000000300259164198735106766
00.0000000300259164198735106766
00.0000000300259164198735106766
00.0000000300259164198735106766
00.0000000300259164198735106766
00.0000000300259164198735106766
00.0000000300259164198735106766
00.0000000300259164198735106766
00.0000000300259164198735106766
00.0000000300259164198735106766
00.0000000300259164198735106766
00.0000000300259164198735106766
00.0000000300259164198735106766
00.0000000300259164198735106766
00.0000000300259164198735106766
00.0000000300259164198735106766
00.0000000300259164198735106766
00.0000000300259164198735106766
00.0000000300259164198735106766
00.0000000300259164198735106766
00.0000000300259164198735106766
00.0000000300259164198735106766
00.0000000300259164198735106766
00.0000000300259164198735106766
00.0000000300259164198735106766
00.0000000300259164198735106766
00.0000000300259164198735106766
00.0000000300259164198735106766
00.0000000300259164198735106766
00.0000000300259164198735106766
00.0000000300259164198735106766
00.0000000300259164198735106766
00.0000000300259164198735106766
00.0000000300259164198735106766
00.0000000300259164198735106766
00.0000000300259164198735106766
00.0000000300259164198735106766
00.0000000300259164198735106766
00.0000000300259164198735106766
00.0000000300259164198735106766
00.0000000300259164198735106766
00.0000000300259164198735106766
00.0000000300259164198735106766
00.0000000300259164198735106766
00.0000000300259164198735106766
00.0000000300259164198735106766
00.0000000300259164198735106766
00.0000000300259164198735106766
00.0000000300259164198735106766
00.0000000300259164198735106766
00.0000000300259164198735106766
00.0000000300259164198735106766
00.0000000300259164198735106766
00.0000000300259164198735106766
00.0000000300259164198735106766
00.0000000300259164198735106766
00.0000000300259164198735106766
00.0000000300259164198735106766
00.0000000300259164198735106766
00.0000000300259164198735106766
00.0000000300259164198735106766
00.0000000300259164198735106766
00.0000000300259164198735106766
00.0000000300259164198735106766
00.0000000300259164198735106766
00.0000000300259164198735106766
00.0000000300259164198735106766
00.0000000300259164198735106766
00.0000000300259164198735106766
00.0000000300259164198735106766
00.0000000300259164198735106766
00.0000000300259164198735106766
00.0000000300259164198735106766
00.0000000300259164198735106766
00.0000000300259164198735106766
00.0000000300259164198735106766
00.0000000300259164198735106766
00.0000000300259164198735106766
00.0000000300259164198735106766
00.0000000300259164198735106766
00.0000000300259164198735106766
00.0000000300259164198735106766
00.0000000300259164198735106766
00.0000000300259164198735106766
00.0000000300259164198735106766
00.0000000300259164198735106766
00.0000000300259164198735106766
00.0000000300259164198735106766
00.0000000300259164198735106766
00.0000000300259164198735106766
00.0000000300259164198735106766
00.0000000300259164198735106766
00.0000000300259164198735106766
00.0000000300259164198735106766
00.0000000300259164198735106766
00.0000000300259164198735106766
00.0000000300259164198735106766
00.0000000300259164198735106766
00.0000000300259164198735106766
00.0000000300259164198735106766
00.0000000300259164198735106766
00.0000000300259164198735106766
00.0000000300259164198735106766
00.0000000300259164198735106766
00.0000000300259164198735106766
00.0000000300259164198735106766
00.0000000300259164198735106766
00.0000000300259164198735106766
00.0000000300259164198735106766
00.0000000300259164198735106766
00.0000000300259164198735106766
00.0000000300259164198735106766
00.0000000300259164198735106766
00.0000000300259164198735106766
00.0000000300259164198735106766
00.0000000300259164198735106766
00.0000000300259164198735106766
00.0000000300259164198735106766
00.0000000300259164198735106766
00.0000000300259164198735106766
00.0000000300259164198735106766
00.0000000300259164198735106766
00.0000000300259164198735106766
00.0000000300259164198735106766
00.0000000300259164198735106766
00.0000000300259164198735106766
00.0000000300259164198735106766
00.0000000300259164198735106766
00.0000000300259164198735106766
00.0000000300259164198735106766
00.0000000300259164198735106766
00.0000000300259164198735106766
00.0000000300259164198735106766
00.0000000300259164198735106766
00.0000000300259164198735106766
00.0000000300259164198735106766
00.0000000300259164198735106766
00.0000000300259164198735106766
00.0000000300259164198735106766
00.0000000300259164198735106766
00.0000000300259164198735106766
00.0000000300259164198735106766
00.0000000300259164198735106766
00.0000000300259164198735106766
00.0000000300259164198735106766
00.0000000300259164198735106766
00.0000000300259164198735106766
00.0000000300259164198735106766
00.0000000300259164198735106766
00.0000000300259164198735106766
00.0000000300259164198735106766
00.0000000300259164198735106766
00.0000000300259164198735106766
00.0000000300259164198735106766
00.0000000300259164198735106766
00.0000000300259164198735106766
00.0000000300259164198735106766
00.0000000300259164198735106766
00.0000000300259164198735106766
00.0000000300259164198735106766
00.0000000300259164198735106766
00.0000000300259164198735106766
00.0000000300259164198735106766
00.0000000300259164198735106766
00.0000000300259164198735106766
00.0000000300259164198735106766
00.0000000300259164198735106766
00.0000000300259164198735106766
00.0000000300259164198735106766
00.0000000300259164198735106766
00.0000000300259164198735106766
00.0000000300259164198735106766
00.0000000300259164198735106766
00.0000000300259164198735106766
00.0000000300259164198735106766
00.0000000300259164198735106766
00.0000000300259164198735106766
00.0000000300259164198735106766
00.0000000300259164198735106766
00.0000000300259164198735106766
00.0000000300259164198735106766
00.0000000300259164198735106766
00.0000000300259164198735106766
00.0000000300259164198735106766
00.0000000300259164198735106766
00.0000000300259164198735106766
00.0000000300259164198735106766
00.0000000300259164198735106766
00.0000000300259164198735106766
00.0000000300259164198735106766
00.0000000300259164198735106766
00.0000000300259164198735106766
00.0000000300259164198735106766
00.0000000300259164198735106766
00.0000000300259164198735106766
00.0000000300259164198735106766
00.0000000300259164198735106766
00.0000000300259164198735106766
00.0000000300259164198735106766
00.0000000300259164198735106766
00.0000000300259164198735106766
00.0000000300259164198735106766
00.0000000300259164198735106766
00.0000000300259164198735106766
00.0000000300259164198735106766
00.0000000300259164198735106766
00.0000000300259164198735106766
00.0000000300259164198735106766
00.0000000300259164198735106766
00.0000000300259164198735106766
00.0000000300259164198735106766
00.0000000300259164198735106766
00.0000000300259164198735106766
00.0000000300259164198735106766
00.0000000300259164198735106766
00.0000000300259164198735106766
00.0000000300259164198735106766
00.0000000300259164198735106766
00.0000000300259164198735106766
00.0000000300259164198735106766
00.0000000300259164198735106766
00.0000000300259164198735106766
00.0000000300259164198735106766
00.0000000300259164198735106766
00.0000000300259164198735106766
00.0000000300259164198735106766
00.0000000300259164198735106766
00.0000000300259164198735106766
00.0000000300259164198735106766
00.0000000300259164198735106766
00.0000000300259164198735106766
00.0000000300259164198735106766
00.0000000300259164198735106766
00.0000000300259164198735106766
00.0000000300259164198735106766
00.0000000300259164198735106766
00.0000000300259164198735106766
00.0000000300259164198735106766
00.0000000300259164198735106766
00.0000000300259164198735106766
00.0000000300259164198735106766
00.0000000300259164198735106766
00.0000000300259164198735106766
00.0000000300259164198735106766
00.0000000300259164198735106766
00.0000000300259164198735106766
00.0000000300259164198735106766
00.0000000300259164198735106766
00.0000000300259164198735106766
00.0000000300259164198735106766
00.0000000300259164198735106766
00.0000000300259164198735106766
00.0000000300259164198735106766
00.0000000300259164198735106766
00.0000000300259164198735106766
00.0000000300259164198735106766
00.0000000300259164198735106766
00.0000000300259164198735106766
00.0000000300259164198735106766
00.0000000300259164198735106766
00.0000000300259164198735106766
00.0000000300259164198735106766
00.0000000300259164198735106766
00.0000000300259164198735106766
00.0000000300259164198735106766
00.0000000300259164198735106766
00.0000000300259164198735106766
00.0000000300259164198735106766
00.0000000300259164198735106766
00.0000000300259164198735106766
00.0000000300259164198735106766
00.0000000300259164198735106766
00.0000000300259164198735106766
00.0000000300259164198735106766
00.0000000300259164198735106766
00.0000000300259164198735106766
00.0000000300259164198735106766
00.0000000300259164198735106766
00.0000000300259164198735106766
00.0000000300259164198735106766
00.0000000300259164198735106766
00.0000000300259164198735106766
00.0000000300259164198735106766
00.0000000300259164198735106766
00.0000000300259164198735106766
00.0000000300259164198735106766
00.0000000300259164198735106766
00.0000000300259164198735106766
00.0000000300259164198735106766
00.0000000300259164198735106766
00.0000000300259164198735106766
00.0000000300259164198735106766
00.0000000300259164198735106766
00.0000000300259164198735106766
00.0000000300259164198735106766
00.0000000300259164198735106766
00.0000000300259164198735106766
00.0000000300259164198735106766
00.0000000300259164198735106766
00.0000000300259164198735106766
00.0000000300259164198735106766
00.0000000300259164198735106766
00.0000000300259164198735106766
00.0000000300259164198735106766
00.0000000300259164198735106766
00.0000000300259164198735106766
00.0000000300259164198735106766
00.0000000300259164198735106766
00.0000000300259164198735106766
00.0000000300259164198735106766
00.0000000300259164198735106766
00.0000000300259164198735106766
00.0000000300259164198735106766
00.0000000300259164198735106766
00.0000000300259164198735106766
00.0000000300259164198735106766
00.0000000300259164198735106766
00.0000000300259164198735106766
00.0000000300259164198735106766
00.0000000300259164198735106766
00.0000000300259164198735106766
00.0000000300259164198735106766
00.0000000300259164198735106766
00.0000000300259164198735106766
00.0000000300259164198735106766
00.0000000300259164198735106766
00.0000000300259164198735106766
00.0000000300259164198735106766
00.0000000300259164198735106766
00.0000000300259164198735106766
00.0000000300259164198735106766
00.0000000300259164198735106766
00.0000000300259164198735106766
00.0000000300259164198735106766
00.0000000300259164198735106766
00.0000000300259164198735106766
00.0000000300259164198735106766
00.0000000300259164198735106766
00.0000000300259164198735106766
00.0000000300259164198735106766
00.0000000300259164198735106766
00.0000000300259164198735106766
00.0000000300259164198735106766
00.0000000300259164198735106766
00.0000000300259164198735106766
00.0000000300259164198735106766
00.0000000300259164198735106766
00.0000000300259164198735106766
00.0000000300259164198735106766
00.0000000300259164198735106766
00.0000000300259164198735106766
00.0000000300259164198735106766
00.0000000300259164198735106766
00.0000000300259164198735106766
00.0000000300259164198735106766
00.0000000300259164198735106766
00.0000000300259164198735106766
00.0000000300259164198735106766
00.0000000300259164198735106766
00.0000000300259164198735106766
00.0000000300259164198735106766
00.0000000300259164198735106766
00.0000000300259164198735106766
00.0000000300259164198735106766
00.0000000300259164198735106766
00.0000000300259164198735106766
00.0000000300259164198735106766
00.0000000300259164198735106766
00.0000000300259164198735106766
00.0000000300259164198735106766
00.0000000300259164198735106766
00.0000000300259164198735106766
00.0000000300259164198735106766
00.0000000300259164198735106766
00.0000000300259164198735106766
00.0000000300259164198735106766
00.0000000300259164198735106766
00.0000000300259164198735106766
00.0000000300259164198735106766
00.0000000300259164198735106766
00.0000000300259164198735106766
00.0000000300259164198735106766
00.0000000300259164198735106766
00.0000000300259164198735106766
00.0000000300259164198735106766
00.0000000300259164198735106766
00.0000000300259164198735106766
00.0000000300259164198735106766
00.0000000300259164198735106766
00.0000000300259164198735106766
00.0000000300259164198735106766
00.0000000300259164198735106766
00.0000000300259164198735106766
00.0000000300259164198735106766
00.0000000300259164198735106766
00.0000000300259164198735106766
00.0000000300259164198735106766
00.0000000300259164198735106766
00.0000000300259164198735106766
00.0000000300259164198735106766
00.0000000300259164198735106766
00.0000000300259164198735106766
00.0000000300259164198735106766
00.0000000300259164198735106766
00.0000000300259164198735106766
00.0000000300259164198735106766
00.0000000300259164198735106766
00.0000000300259164198735106766
00.0000000300259164198735106766
00.0000000300259164198735106766
00.0000000300259164198735106766
00.0000000300259164198735106766
00.0000000300259164198735106766
00.0000000300259164198735106766
00.0000000300259164198735106766
00.0000000300259164198735106766
00.0000000300259164198735106766
00.0000000300259164198735106766
00.0000000300259164198735106766
00.0000000300259164198735106766
00.0000000300259164198735106766
00.0000000300259164198735106766
00.0000000300259164198735106766
00.0000000300259164198735106766
00.0000000300259164198735106766
00.0000000300259164198735106766
00.0000000300259164198735106766
00.0000000300259164198735106766
00.0000000300259164198735106766
00.0000000300259164198735106766
00.0000000300259164198735106766
00.0000000300259164198735106766
00.0000000300259164198735106766
00.0000000300259164198735106766
00.0000000300259164198735106766
00.0000000300259164198735106766
00.0000000300259164198735106766
00.0000000300259164198735106766
00.0000000300259164198735106766
00.0000000300259164198735106766
00.0000000300259164198735106766
00.0000000300259164198735106766
00.0000000300259164198735106766
00.0000000300259164198735106766
00.0000000300259164198735106766
00.0000000300259164198735106766
00.0000000300259164198735106766
00.0000000300259164198735106766
00.0000000300259164198735106766
00.0000000300259164198735106766
00.0000000300259164198735106766
00.0000000300259164198735106766
00.0000000300259164198735106766
00.0000000300259164198735106766
00.0000000300259164198735106766
00.0000000300259164198735106766
00.0000000300259164198735106766
00.0000000300259164198735106766
00.0000000300259164198735106766
00.0000000300259164198735106766
00.0000000300259164198735106766
00.0000000300259164198735106766
00.0000000300259164198735106766
00.0000000300259164198735106766
00.0000000300259164198735106766
00.0000000300259164198735106766
00.0000000300259164198735106766
00.0000000300259164198735106766
00.0000000300259164198735106766
00.0000000300259164198735106766
00.0000000300259164198735106766
00.0000000300259164198735106766
00.0000000300259164198735106766
00.0000000300259164198735106766
00.0000000300259164198735106766
00.0000000300259164198735106766
00.0000000300259164198735106766
00.0000000300259164198735106766
00.0000000300259164198735106766
00.0000000300259164198735106766
00.0000000300259164198735106766
00.0000000300259164198735106766
00.0000000300259164198735106766
00.0000000300259164198735106766
00.0000000300259164198735106766
00.0000000300259164198735106766
00.0000000300259164198735106766
00.0000000300259164198735106766
00.0000000300259164198735106766
00.0000000300259164198735106766
00.0000000300259164198735106766
00.0000000300259164198735106766
00.0000000300259164198735106766
00.0000000300259164198735106766
00.0000000300259164198735106766
00.0000000300259164198735106766
00.0000000300259164198735106766
00.0000000300259164198735106766
00.0000000300259164198735106766
00.0000000300259164198735106766
00.0000000300259164198735106766
00.0000000300259164198735106766
00.0000000300259164198735106766
00.0000000300259164198735106766
00.0000000300259164198735106766
00.0000000300259164198735106766
00.0000000300259164198735106766
00.0000000300259164198735106766
00.0000000300259164198735106766
00.0000000300259164198735106766
00.0000000300259164198735106766
00.0000000300259164198735106766
00.0000000300259164198735106766
00.0000000300259164198735106766
00.0000000300259164198735106766
00.0000000300259164198735106766
00.0000000300259164198735106766
00.0000000300259164198735106766
00.0000000300259164198735106766
00.0000000300259164198735106766
00.0000000300259164198735106766
00.0000000300259164198735106766
00.0000000300259164198735106766
00.0000000300259164198735106766
00.0000000300259164198735106766
00.0000000300259164198735106766
00.0000000300259164198735106766
00.0000000300259164198735106766
00.0000000300259164198735106766
00.0000000300259164198735106766
00.0000000300259164198735106766
00.0000000300259164198735106766
00.0000000300259164198735106766
00.0000000300259164198735106766
00.0000000300259164198735106766
00.0000000300259164198735106766
00.0000000300259164198735106766
00.0000000300259164198735106766
00.0000000300259164198735106766
00.0000000300259164198735106766
00.0000000300259164198735106766
00.0000000300259164198735106766
00.0000000300259164198735106766
00.0000000300259164198735106766
00.0000000300259164198735106766
00.0000000300259164198735106766
00.0000000300259164198735106766
00.0000000300259164198735106766
00.0000000300259164198735106766
00.0000000300259164198735106766
00.0000000300259164198735106766
00.0000000300259164198735106766
00.0000000300259164198735106766
00.0000000300259164198735106766
00.0000000300259164198735106766
00.0000000300259164198735106766
00.0000000300259164198735106766
00.0000000300259164198735106766
00.0000000300259164198735106766
00.0000000300259164198735106766
00.0000000300259164198735106766
00.0000000300259164198735106766
00.0000000300259164198735106766
00.0000000300259164198735106766
00.0000000300259164198735106766
00.0000000300259164198735106766
00.0000000300259164198735106766
00.0000000300259164198735106766
00.0000000300259164198735106766
00.0000000300259164198735106766
00.0000000300259164198735106766
00.0000000300259164198735106766
00.0000000300259164198735106766
00.0000000300259164198735106766
00.0000000300259164198735106766
00.0000000300259164198735106766
00.0000000300259164198735106766
00.0000000300259164198735106766
00.0000000300259164198735106766
00.0000000300259164198735106766
00.0000000300259164198735106766
00.0000000300259164198735106766
00.0000000300259164198735106766
00.0000000300259164198735106766
00.0000000300259164198735106766
00.0000000300259164198735106766
00.0000000300259164198735106766
00.0000000300259164198735106766
00.0000000300259164198735106766
00.0000000300259164198735106766
00.0000000300259164198735106766
00.0000000300259164198735106766
00.0000000300259164198735106766
00.0000000300259164198735106766
00.0000000300259164198735106766
00.0000000300259164198735106766
00.0000000300259164198735106766
00.0000000300259164198735106766
00.0000000300259164198735106766
00.0000000300259164198735106766
00.0000000300259164198735106766
00.0000000300259164198735106766
00.0000000300259164198735106766
00.0000000300259164198735106766
00.0000000300259164198735106766
00.0000000300259164198735106766
00.0000000300259164198735106766
00.0000000300259164198735106766
00.0000000300259164198735106766
00.0000000300259164198735106766
00.0000000300259164198735106766
00.0000000300259164198735106766
00.0000000300259164198735106766
00.0000000300259164198735106766
00.0000000300259164198735106766
00.0000000300259164198735106766
00.0000000300259164198735106766
00.0000000300259164198735106766
00.0000000300259164198735106766
00.0000000300259164198735106766
00.0000000300259164198735106766
00.0000000300259164198735106766
00.0000000300259164198735106766
00.0000000300259164198735106766
00.0000000300259164198735106766
00.0000000300259164198735106766
00.0000000300259164198735106766
00.0000000300259164198735106766
00.0000000300259164198735106766
00.0000000300259164198735106766
00.0000000300259164198735106766
00.0000000300259164198735106766
00.0000000300259164198735106766
00.0000000300259164198735106766
00.0000000300259164198735106766
00.0000000300259164198735106766
00.0000000300259164198735106766
00.0000000300259164198735106766
00.0000000300259164198735106766
00.0000000300259164198735106766
00.0000000300259164198735106766
00.0000000300259164198735106766
00.0000000300259164198735106766
00.0000000300259164198735106766
00.0000000300259164198735106766
00.0000000300259164198735106766
00.0000000300259164198735106766
00.0000000300259164198735106766
00.0000000300259164198735106766
00.0000000300259164198735106766
00.0000000300259164198735106766
00.0000000300259164198735106766
00.0000000300259164198735106766
00.0000000300259164198735106766
00.0000000300259164198735106766
00.0000000300259164198735106766
00.0000000300259164198735106766
00.0000000300259164198735106766
00.0000000300259164198735106766
00.0000000300259164198735106766
00.0000000300259164198735106766
00.0000000300259164198735106766
00.0000000300259164198735106766
00.0000000300259164198735106766
00.0000000300259164198735106766
00.0000000300259164198735106766
00.0000000300259164198735106766
00.0000000300259164198735106766
00.0000000300259164198735106766
00.0000000300259164198735106766
00.0000000300259164198735106766
00.0000000300259164198735106766
00.0000000300259164198735106766
00.0000000300259164198735106766
00.0000000300259164198735106766
00.0000000300259164198735106766
00.0000000300259164198735106766
00.0000000300259164198735106766
00.0000000300259164198735106766
00.0000000300259164198735106766
00.0000000300259164198735106766
00.0000000300259164198735106766
00.0000000300259164198735106766
00.0000000300259164198735106766
00.0000000300259164198735106766
00.0000000300259164198735106766
00.0000000300259164198735106766
00.0000000300259164198735106766
00.0000000300259164198735106766
00.0000000300259164198735106766
00.0000000300259164198735106766
00.0000000300259164198735106766
00.0000000300259164198735106766
00.0000000300259164198735106766
00.0000000300259164198735106766
00.0000000300259164198735106766
00.0000000300259164198735106766
00.0000000300259164198735106766
00.0000000300259164198735106766
00.0000000300259164198735106766
00.0000000300259164198735106766
00.0000000300259164198735106766
00.0000000300259164198735106766
00.0000000300259164198735106766
00.0000000300259164198735106766
00.0000000300259164198735106766
00.0000000300259164198735106766
00.0000000300259164198735106766
00.0000000300259164198735106766
00.0000000300259164198735106766
00.0000000300259164198735106766
00.0000000300259164198735106766
00.0000000300259164198735106766
00.0000000300259164198735106766
00.0000000300259164198735106766
00.0000000300259164198735106766
00.0000000300259164198735106766
00.0000000300259164198735106766
00.0000000300259164198735106766
00.0000000300259164198735106766
00.0000000300259164198735106766
00.0000000300259164198735106766
00.0000000300259164198735106766
00.0000000300259164198735106766
00.0000000300259164198735106766
00.0000000300259164198735106766
00.0000000300259164198735106766
00.0000000300259164198735106766
00.0000000300259164198735106766
00.0000000300259164198735106766
00.0000000300259164198735106766
00.0000000300259164198735106766
00.0000000300259164198735106766
00.0000000300259164198735106766
00.0000000300259164198735106766
00.0000000300259164198735106766
00.0000000300259164198735106766
00.0000000300259164198735106766
00.0000000300259164198735106766
00.0000000300259164198735106766
00.0000000300259164198735106766
00.0000000300259164198735106766
00.0000000300259164198735106766
00.0000000300259164198735106766
00.0000000300259164198735106766
00.0000000300259164198735106766
00.0000000300259164198735106766
00.0000000300259164198735106766
00.0000000300259164198735106766
00.0000000300259164198735106766
00.0000000300259164198735106766
00.0000000300259164198735106766
00.0000000300259164198735106766
00.0000000300259164198735106766
00.0000000300259164198735106766
00.0000000300259164198735106766
00.0000000300259164198735106766
00.0000000284210028844711359852
00.0000000284210028844711359852
00.0000000284210028844711359852
00.0000000284210028844711359852
00.0000000284210028844711359852
00.0000000284210028844711359852
00.0000000284210028844711359852
00.0000000284210028844711359852
00.0000000284210028844711359852
00.0000000284210028844711359852
00.0000000284210028844711359852
00.0000000284210028844711359852
00.0000000284210028844711359852
00.0000000284210028844711359852
00.0000000284210028844711359852
00.0000000284210028844711359852
00.0000000284210028844711359852
00.0000000284210028844711359852
00.0000000284210028844711359852
00.0000000284210028844711359852
00.0000000284210028844711359852
00.0000000284210028844711359852
00.0000000284210028844711359852
00.0000000284210028844711359852
00.0000000284210028844711359852
00.0000000284210028844711359852
00.0000000284210028844711359852
00.0000000284210028844711359852
00.0000000284210028844711359852
00.0000000284210028844711359852
00.0000000284210028844711359852
00.0000000284210028844711359852
00.0000000284210028844711359852
00.0000000284210028844711359852
00.0000000284210028844711359852
00.0000000284210028844711359852
00.0000000284210028844711359852
00.0000000284210028844711359852
00.0000000284210028844711359852
00.0000000284210028844711359852
00.0000000284210028844711359852
00.0000000284210028844711359852
00.0000000284210028844711359852
00.0000000284210028844711359852
00.0000000284210028844711359852
00.0000000284210028844711359852
00.0000000284210028844711359852
00.0000000284210028844711359852
00.0000000284210028844711359852
00.0000000284210028844711359852
00.0000000284210028844711359852
00.0000000284210028844711359852
00.0000000284210028844711359852
00.0000000284210028844711359852
00.0000000284210028844711359852
00.0000000284210028844711359852
00.0000000284210028844711359852
00.0000000284210028844711359852
00.0000000284210028844711359852
00.0000000284210028844711359852
00.0000000284210028844711359852
00.0000000284210028844711359852
00.0000000284210028844711359852
00.0000000284210028844711359852
00.0000000284210028844711359852
00.0000000284210028844711359852
00.0000000284210028844711359852
00.0000000284210028844711359852
00.0000000284210028844711359852
00.0000000284210028844711359852
00.0000000284210028844711359852
00.0000000284210028844711359852
00.0000000284210028844711359852
00.0000000284210028844711359852
00.0000000284210028844711359852
00.0000000284210028844711359852
00.0000000284210028844711359852
00.0000000284210028844711359852
00.0000000284210028844711359852
00.0000000284210028844711359852
00.0000000284210028844711359852
00.0000000284210028844711359852
00.0000000284210028844711359852
00.0000000284210028844711359852
00.0000000284210028844711359852
00.0000000284210028844711359852
00.0000000284210028844711359852
00.0000000284210028844711359852
00.0000000284210028844711359852
00.0000000284210028844711359852
00.0000000284210028844711359852
00.0000000284210028844711359852
00.0000000284210028844711359852
00.0000000284210028844711359852
00.0000000284210028844711359852
00.0000000284210028844711359852
00.0000000284210028844711359852
00.0000000284210028844711359852
00.0000000284210028844711359852
00.0000000284210028844711359852
00.0000000284210028844711359852
00.0000000284210028844711359852
00.0000000284210028844711359852
00.0000000284210028844711359852
00.0000000284210028844711359852
00.0000000284210028844711359852
00.0000000284210028844711359852
00.0000000284210028844711359852
00.0000000284210028844711359852
00.0000000284210028844711359852
00.0000000284210028844711359852
00.0000000284210028844711359852
00.0000000284210028844711359852
00.0000000284210028844711359852
00.0000000284210028844711359852
00.0000000284210028844711359852
00.0000000284210028844711359852
00.0000000284210028844711359852
00.0000000284210028844711359852
00.0000000284210028844711359852
00.0000000284210028844711359852
00.0000000284210028844711359852
00.0000000284210028844711359852
00.0000000284210028844711359852
00.0000000284210028844711359852
00.0000000284210028844711359852
00.0000000284210028844711359852
00.0000000284210028844711359852
00.0000000284210028844711359852
00.0000000284210028844711359852
00.0000000284210028844711359852
00.0000000284210028844711359852
00.0000000284210028844711359852
00.0000000284210028844711359852
00.0000000284210028844711359852
00.0000000284210028844711359852
00.0000000284210028844711359852
00.0000000284210028844711359852
00.0000000284210028844711359852
00.0000000284210028844711359852
00.0000000284210028844711359852
00.0000000284210028844711359852
00.0000000284210028844711359852
00.0000000284210028844711359852
00.0000000284210028844711359852
00.0000000284210028844711359852
00.0000000284210028844711359852
00.0000000284210028844711359852
00.0000000284210028844711359852
00.0000000284210028844711359852
00.0000000284210028844711359852
00.0000000284210028844711359852
00.0000000284210028844711359852
00.0000000284210028844711359852
00.0000000284210028844711359852
00.0000000284210028844711359852
00.0000000284210028844711359852
00.0000000284210028844711359852
00.0000000284210028844711359852
00.0000000284210028844711359852
00.0000000284210028844711359852
00.0000000284210028844711359852
00.0000000284210028844711359852
00.0000000284210028844711359852
00.0000000284210028844711359852
00.0000000284210028844711359852
00.0000000284210028844711359852
00.0000000284210028844711359852
00.0000000284210028844711359852
00.0000000284210028844711359852
00.0000000284210028844711359852
00.0000000284210028844711359852
00.0000000284210028844711359852
00.0000000284210028844711359852
00.0000000284210028844711359852
00.0000000284210028844711359852
00.0000000284210028844711359852
00.0000000284210028844711359852
00.0000000284210028844711359852
00.0000000284210028844711359852
00.0000000284210028844711359852
00.0000000284210028844711359852
00.0000000284210028844711359852
00.0000000284210028844711359852
00.0000000284210028844711359852
00.0000000284210028844711359852
00.0000000284210028844711359852
00.0000000284210028844711359852
00.0000000284210028844711359852
00.0000000284210028844711359852
00.0000000284210028844711359852
00.0000000284210028844711359852
00.0000000284210028844711359852
00.0000000284210028844711359852
00.0000000284210028844711359852
00.0000000284210028844711359852
00.0000000284210028844711359852
00.0000000284210028844711359852
00.0000000284210028844711359852
00.0000000284210028844711359852
00.0000000284210028844711359852
00.0000000284210028844711359852
00.0000000284210028844711359852
00.0000000284210028844711359852
00.0000000284210028844711359852
00.0000000284210028844711359852
00.0000000284210028844711359852
00.0000000284210028844711359852
00.0000000284210028844711359852
00.0000000284210028844711359852
00.0000000284210028844711359852
00.0000000284210028844711359852
00.0000000284210028844711359852
00.0000000284210028844711359852
00.0000000284210028844711359852
00.0000000284210028844711359852
00.0000000284210028844711359852
00.0000000284210028844711359852
00.0000000284210028844711359852
00.0000000284210028844711359852
00.0000000284210028844711359852
00.0000000284210028844711359852
00.0000000284210028844711359852
00.0000000284210028844711359852
00.0000000284210028844711359852
00.0000000284210028844711359852
00.0000000284210028844711359852
00.0000000284210028844711359852
00.0000000284210028844711359852
00.0000000284210028844711359852
00.0000000284210028844711359852
00.0000000284210028844711359852
00.0000000284210028844711359852
00.0000000284210028844711359852
00.0000000284210028844711359852
00.0000000284210028844711359852
00.0000000284210028844711359852
00.0000000284210028844711359852
00.0000000284210028844711359852
00.0000000284210028844711359852
00.0000000284210028844711359852
00.0000000284210028844711359852
00.0000000284210028844711359852
00.0000000284210028844711359852
00.0000000284210028844711359852
00.0000000284210028844711359852
00.0000000284210028844711359852
00.0000000284210028844711359852
00.0000000284210028844711359852
00.0000000284210028844711359852
00.0000000284210028844711359852
00.0000000284210028844711359852
00.0000000284210028844711359852
00.0000000284210028844711359852
00.0000000284210028844711359852
00.0000000284210028844711359852
00.0000000284210028844711359852
00.0000000284210028844711359852
00.0000000284210028844711359852
00.0000000284210028844711359852
00.0000000284210028844711359852
00.0000000284210028844711359852
00.0000000284210028844711359852
00.0000000284210028844711359852
00.0000000284210028844711359852
00.0000000284210028844711359852
00.0000000284210028844711359852
00.0000000284210028844711359852
00.0000000284210028844711359852
00.0000000284210028844711359852
00.0000000284210028844711359852
00.0000000284210028844711359852
00.0000000284210028844711359852
00.0000000284210028844711359852
00.0000000284210028844711359852
00.0000000284210028844711359852
00.0000000284210028844711359852
00.0000000284210028844711359852
00.0000000284210028844711359852
00.0000000284210028844711359852
00.0000000284210028844711359852
00.0000000284210028844711359852
00.0000000284210028844711359852
00.0000000284210028844711359852
00.0000000284210028844711359852
00.0000000284210028844711359852
00.0000000284210028844711359852
00.0000000284210028844711359852
00.0000000284210028844711359852
00.0000000284210028844711359852
00.0000000284210028844711359852
00.0000000284210028844711359852
00.0000000284210028844711359852
00.0000000284210028844711359852
00.0000000284210028844711359852
00.0000000284210028844711359852
00.0000000284210028844711359852
00.0000000284210028844711359852
00.0000000284210028844711359852
00.0000000284210028844711359852
00.0000000284210028844711359852
00.0000000284210028844711359852
00.0000000284210028844711359852
00.0000000284210028844711359852
00.0000000284210028844711359852
00.0000000284210028844711359852
00.0000000284210028844711359852
00.0000000284210028844711359852
00.0000000284210028844711359852
00.0000000284210028844711359852
00.0000000284210028844711359852
00.0000000284210028844711359852
00.0000000284210028844711359852
00.0000000284210028844711359852
00.0000000284210028844711359852
00.0000000284210028844711359852
00.0000000284210028844711359852
00.0000000284210028844711359852
00.0000000284210028844711359852
00.0000000284210028844711359852
00.0000000284210028844711359852
00.0000000284210028844711359852
00.0000000284210028844711359852
00.0000000284210028844711359852
00.0000000284210028844711359852
00.0000000284210028844711359852
00.0000000284210028844711359852
00.0000000284210028844711359852
00.0000000284210028844711359852
00.0000000284210028844711359852
00.0000000284210028844711359852
00.0000000284210028844711359852
00.0000000284210028844711359852
00.0000000284210028844711359852
00.0000000284210028844711359852
00.0000000284210028844711359852
00.0000000284210028844711359852
00.0000000284210028844711359852
00.0000000284210028844711359852
00.0000000284210028844711359852
00.0000000284210028844711359852
00.0000000284210028844711359852
00.0000000284210028844711359852
00.0000000284210028844711359852
00.0000000284210028844711359852
00.0000000284210028844711359852
00.0000000284210028844711359852
00.0000000284210028844711359852
00.0000000284210028844711359852
00.0000000284210028844711359852
00.0000000284210028844711359852
00.0000000284210028844711359852
00.0000000284210028844711359852
00.0000000284210028844711359852
00.0000000284210028844711359852
00.0000000284210028844711359852
00.0000000284210028844711359852
00.0000000284210028844711359852
00.0000000284210028844711359852
00.0000000284210028844711359852
00.0000000284210028844711359852
00.0000000284210028844711359852
00.0000000284210028844711359852
00.0000000284210028844711359852
00.0000000284210028844711359852
00.0000000284210028844711359852
00.0000000284210028844711359852
00.0000000284210028844711359852
00.0000000284210028844711359852
00.0000000284210028844711359852
00.0000000284210028844711359852
00.0000000284210028844711359852
00.0000000284210028844711359852
00.0000000284210028844711359852
00.0000000284210028844711359852
00.0000000284210028844711359852
00.0000000284210028844711359852
00.0000000284210028844711359852
00.0000000284210028844711359852
00.0000000284210028844711359852
00.0000000284210028844711359852
00.0000000284210028844711359852
00.0000000284210028844711359852
00.0000000284210028844711359852
00.0000000284210028844711359852
00.0000000284210028844711359852
00.0000000284210028844711359852
00.0000000284210028844711359852
00.0000000284210028844711359852
00.0000000284210028844711359852
00.0000000284210028844711359852
00.0000000284210028844711359852
00.0000000284210028844711359852
00.0000000284210028844711359852
00.0000000284210028844711359852
00.0000000284210028844711359852
00.0000000284210028844711359852
00.0000000284210028844711359852
00.0000000284210028844711359852
00.0000000284210028844711359852
00.0000000284210028844711359852
00.0000000284210028844711359852
00.0000000284210028844711359852
00.0000000284210028844711359852
00.0000000284210028844711359852
00.0000000284210028844711359852
00.0000000284210028844711359852
00.0000000284210028844711359852
00.0000000284210028844711359852
00.0000000284210028844711359852
00.0000000284210028844711359852
00.0000000284210028844711359852
00.0000000284210028844711359852
00.0000000284210028844711359852
00.0000000284210028844711359852
00.0000000284210028844711359852
00.0000000284210028844711359852
00.0000000284210028844711359852
00.0000000284210028844711359852
00.0000000284210028844711359852
00.0000000284210028844711359852
00.0000000284210028844711359852
00.0000000284210028844711359852
00.0000000284210028844711359852
00.0000000284210028844711359852
00.0000000284210028844711359852
00.0000000284210028844711359852
00.0000000284210028844711359852
00.0000000284210028844711359852
00.0000000284210028844711359852
00.0000000284210028844711359852
00.0000000284210028844711359852
00.0000000284210028844711359852
00.0000000284210028844711359852
00.0000000284210028844711359852
00.0000000284210028844711359852
00.0000000284210028844711359852
00.0000000284210028844711359852
00.0000000284210028844711359852
00.0000000284210028844711359852
00.0000000284210028844711359852
00.0000000284210028844711359852
00.0000000284210028844711359852
00.0000000284210028844711359852
00.0000000284210028844711359852
00.0000000284210028844711359852
00.0000000284210028844711359852
00.0000000284210028844711359852
00.0000000284210028844711359852
00.0000000284210028844711359852
00.0000000284210028844711359852
00.0000000284210028844711359852
00.0000000284210028844711359852
00.0000000284210028844711359852
00.0000000284210028844711359852
00.0000000284210028844711359852
00.0000000284210028844711359852
00.0000000284210028844711359852
00.0000000284210028844711359852
00.0000000284210028844711359852
00.0000000284210028844711359852
00.0000000284210028844711359852
00.0000000284210028844711359852
00.0000000284210028844711359852
00.0000000284210028844711359852
00.0000000284210028844711359852
00.0000000284210028844711359852
00.0000000284210028844711359852
00.0000000284210028844711359852
00.0000000284210028844711359852
00.0000000284210028844711359852
00.0000000284210028844711359852
00.0000000284210028844711359852
00.0000000284210028844711359852
00.0000000284210028844711359852
00.0000000284210028844711359852
00.0000000284210028844711359852
00.0000000284210028844711359852
00.0000000284210028844711359852
00.0000000284210028844711359852
00.0000000284210028844711359852
00.0000000284210028844711359852
00.0000000284210028844711359852
00.0000000284210028844711359852
00.0000000284210028844711359852
00.0000000284210028844711359852
00.0000000284210028844711359852
00.0000000284210028844711359852
00.0000000284210028844711359852
00.0000000284210028844711359852
00.0000000284210028844711359852
00.0000000284210028844711359852
00.0000000284210028844711359852
00.0000000284210028844711359852
00.0000000284210028844711359852
00.0000000284210028844711359852
00.0000000284210028844711359852
00.0000000284210028844711359852
00.0000000284210028844711359852
00.0000000284210028844711359852
00.0000000284210028844711359852
00.0000000284210028844711359852
00.0000000284210028844711359852
00.0000000284210028844711359852
00.0000000284210028844711359852
00.0000000284210028844711359852
00.0000000284210028844711359852
00.0000000284210028844711359852
00.0000000284210028844711359852
00.0000000284210028844711359852
00.0000000284210028844711359852
00.0000000284210028844711359852
00.0000000284210028844711359852
00.0000000284210028844711359852
00.0000000284210028844711359852
00.0000000284210028844711359852
00.0000000284210028844711359852
00.0000000284210028844711359852
00.0000000284210028844711359852
00.0000000284210028844711359852
00.0000000284210028844711359852
00.0000000284210028844711359852
00.0000000284210028844711359852
00.0000000284210028844711359852
00.0000000284210028844711359852
00.0000000284210028844711359852
00.0000000284210028844711359852
00.0000000284210028844711359852
00.0000000284210028844711359852
00.0000000284210028844711359852
00.0000000284210028844711359852
00.0000000284210028844711359852
00.0000000284210028844711359852
00.0000000284210028844711359852
00.0000000284210028844711359852
00.0000000284210028844711359852
00.0000000284210028844711359852
00.0000000284210028844711359852
00.0000000284210028844711359852
00.0000000284210028844711359852
00.0000000284210028844711359852
00.0000000284210028844711359852
00.0000000284210028844711359852
00.0000000284210028844711359852
00.0000000284210028844711359852
00.0000000284210028844711359852
00.0000000284210028844711359852
00.0000000284210028844711359852
00.0000000284210028844711359852
00.0000000284210028844711359852
00.0000000284210028844711359852
00.0000000284210028844711359852
00.0000000284210028844711359852
00.0000000284210028844711359852
00.0000000284210028844711359852
00.0000000284210028844711359852
00.0000000284210028844711359852
00.0000000284210028844711359852
00.0000000284210028844711359852
00.0000000284210028844711359852
00.0000000284210028844711359852
00.0000000284210028844711359852
00.0000000284210028844711359852
00.0000000284210028844711359852
00.0000000284210028844711359852
00.0000000284210028844711359852
00.0000000284210028844711359852
00.0000000284210028844711359852
00.0000000284210028844711359852
00.0000000284210028844711359852
00.0000000284210028844711359852
00.0000000284210028844711359852
00.0000000284210028844711359852
00.0000000284210028844711359852
00.0000000284210028844711359852
00.0000000284210028844711359852
00.0000000284210028844711359852
00.0000000284210028844711359852
00.0000000284210028844711359852
00.0000000284210028844711359852
00.0000000284210028844711359852
00.0000000284210028844711359852
00.0000000284210028844711359852
00.0000000284210028844711359852
00.0000000284210028844711359852
00.0000000284210028844711359852
00.0000000284210028844711359852
00.0000000284210028844711359852
00.0000000284210028844711359852
00.0000000284210028844711359852
00.0000000284210028844711359852
00.0000000284210028844711359852
00.0000000284210028844711359852
00.0000000284210028844711359852
00.0000000284210028844711359852
00.0000000284210028844711359852
00.0000000284210028844711359852
00.0000000284210028844711359852
00.0000000284210028844711359852
00.0000000284210028844711359852
00.0000000284210028844711359852
00.0000000284210028844711359852
00.0000000284210028844711359852
00.0000000284210028844711359852
00.0000000284210028844711359852
00.0000000284210028844711359852
00.0000000284210028844711359852
00.0000000284210028844711359852
00.0000000284210028844711359852
00.0000000284210028844711359852
00.0000000284210028844711359852
00.0000000284210028844711359852
00.0000000284210028844711359852
00.0000000284210028844711359852
00.0000000284210028844711359852
00.0000000284210028844711359852
00.0000000284210028844711359852
00.0000000284210028844711359852
00.0000000284210028844711359852
00.0000000284210028844711359852
00.0000000284210028844711359852
00.0000000284210028844711359852
00.0000000284210028844711359852
00.0000000284210028844711359852
00.0000000284210028844711359852
00.0000000284210028844711359852
00.0000000284210028844711359852
00.0000000284210028844711359852
00.0000000284210028844711359852
00.0000000284210028844711359852
00.0000000284210028844711359852
00.0000000284210028844711359852
00.0000000284210028844711359852
00.0000000284210028844711359852
00.0000000284210028844711359852
00.0000000284210028844711359852
00.0000000284210028844711359852
00.0000000284210028844711359852
00.0000000284210028844711359852
00.0000000284210028844711359852
00.0000000284210028844711359852
00.0000000284210028844711359852
00.0000000284210028844711359852
00.0000000284210028844711359852
00.0000000284210028844711359852
00.0000000284210028844711359852
00.0000000284210028844711359852
00.0000000284210028844711359852
00.0000000284210028844711359852
00.0000000284210028844711359852
00.0000000284210028844711359852
00.0000000284210028844711359852
00.0000000284210028844711359852
00.0000000284210028844711359852
00.0000000284210028844711359852
00.0000000284210028844711359852
00.0000000284210028844711359852
00.0000000284210028844711359852
00.0000000284210028844711359852
00.0000000284210028844711359852
00.0000000284210028844711359852
00.0000000284210028844711359852
00.0000000284210028844711359852
00.0000000284210028844711359852
00.0000000284210028844711359852
00.0000000284210028844711359852
00.0000000284210028844711359852
00.0000000284210028844711359852
00.0000000284210028844711359852
00.0000000284210028844711359852
00.0000000284210028844711359852
00.0000000284210028844711359852
00.0000000284210028844711359852
00.0000000284210028844711359852
00.0000000284210028844711359852
00.0000000284210028844711359852
00.0000000284210028844711359852
00.0000000284210028844711359852
00.0000000284210028844711359852
00.0000000284210028844711359852
00.0000000284210028844711359852
00.0000000284210028844711359852
00.0000000284210028844711359852
00.0000000284210028844711359852
00.0000000284210028844711359852
00.0000000284210028844711359852
00.0000000284210028844711359852
00.0000000284210028844711359852
00.0000000284210028844711359852
00.0000000284210028844711359852
00.0000000284210028844711359852
00.0000000284210028844711359852
00.0000000284210028844711359852
00.0000000284210028844711359852
00.0000000284210028844711359852
00.0000000284210028844711359852
00.0000000284210028844711359852
00.0000000284210028844711359852
00.0000000284210028844711359852
00.0000000284210028844711359852
00.0000000284210028844711359852
00.0000000284210028844711359852
00.0000000284210028844711359852
00.0000000284210028844711359852
00.0000000284210028844711359852
00.0000000284210028844711359852
00.0000000284210028844711359852
00.0000000284210028844711359852
00.0000000284210028844711359852
00.0000000284210028844711359852
00.0000000284210028844711359852
00.0000000284210028844711359852
00.0000000284210028844711359852
00.0000000284210028844711359852
00.0000000284210028844711359852
00.0000000284210028844711359852
00.0000000284210028844711359852
00.0000000284210028844711359852
00.0000000284210028844711359852
00.0000000284210028844711359852
00.0000000284210028844711359852
00.0000000284210028844711359852
00.0000000284210028844711359852
00.0000000284210028844711359852
00.0000000284210028844711359852
00.0000000284210028844711359852
00.0000000284210028844711359852
00.0000000284210028844711359852
00.0000000284210028844711359852
00.0000000284210028844711359852
00.0000000284210028844711359852
00.0000000284210028844711359852
00.0000000284210028844711359852
00.0000000284210028844711359852
00.0000000284210028844711359852
00.0000000284210028844711359852
00.0000000284210028844711359852
00.0000000284210028844711359852
00.0000000284210028844711359852
00.0000000284210028844711359852
00.0000000284210028844711359852
00.0000000284210028844711359852
00.0000000284210028844711359852
00.0000000284210028844711359852
00.0000000284210028844711359852
00.0000000284210028844711359852
00.0000000284210028844711359852
00.0000000284210028844711359852
00.0000000284210028844711359852
00.0000000284210028844711359852
00.0000000284210028844711359852
00.0000000284210028844711359852
00.0000000284210028844711359852
00.0000000284210028844711359852
00.0000000284210028844711359852
00.0000000284210028844711359852
00.0000000284210028844711359852
00.0000000284210028844711359852
00.0000000284210028844711359852
00.0000000284210028844711359852
00.0000000284210028844711359852
00.0000000284210028844711359852
00.0000000284210028844711359852
00.0000000284210028844711359852
00.0000000284210028844711359852
00.0000000284210028844711359852
00.0000000284210028844711359852
00.0000000284210028844711359852
00.0000000284210028844711359852
00.0000000284210028844711359852
00.0000000284210028844711359852
00.0000000284210028844711359852
00.0000000284210028844711359852
00.0000000284210028844711359852
00.0000000284210028844711359852
00.0000000284210028844711359852
00.0000000284210028844711359852
00.0000000284210028844711359852
00.0000000284210028844711359852
00.0000000284210028844711359852
00.0000000284210028844711359852
00.0000000284210028844711359852
00.0000000284210028844711359852
00.0000000284210028844711359852
00.0000000284210028844711359852
00.0000000284210028844711359852
00.0000000284210028844711359852
00.0000000284210028844711359852
00.0000000284210028844711359852
00.0000000284210028844711359852
00.0000000284210028844711359852
00.0000000284210028844711359852
00.0000000284210028844711359852
00.0000000284210028844711359852
00.0000000284210028844711359852
00.0000000284210028844711359852
00.0000000284210028844711359852
00.0000000284210028844711359852
00.0000000284210028844711359852
00.0000000284210028844711359852
00.0000000284210028844711359852
00.0000000284210028844711359852
00.0000000284210028844711359852
00.0000000284210028844711359852
00.0000000284210028844711359852
00.0000000284210028844711359852
00.0000000284210028844711359852
00.0000000284210028844711359852
00.0000000284210028844711359852
00.0000000284210028844711359852
00.0000000284210028844711359852
00.0000000284210028844711359852
00.0000000284210028844711359852
00.0000000284210028844711359852
00.0000000284210028844711359852
00.0000000284210028844711359852
00.0000000284210028844711359852
00.0000000284210028844711359852
00.0000000284210028844711359852
00.0000000284210028844711359852
00.0000000284210028844711359852
00.0000000284210028844711359852
00.0000000284210028844711359852
00.0000000284210028844711359852
00.0000000284210028844711359852
00.0000000284210028844711359852
00.0000000284210028844711359852
00.0000000284210028844711359852
00.0000000284210028844711359852
00.0000000284210028844711359852
00.0000000284210028844711359852
00.0000000284210028844711359852
00.0000000284210028844711359852
00.0000000284210028844711359852
00.0000000284210028844711359852
00.0000000284210028844711359852
00.0000000284210028844711359852
00.0000000284210028844711359852
00.0000000284210028844711359852
00.0000000284210028844711359852
00.0000000284210028844711359852
00.0000000284210028844711359852
00.0000000284210028844711359852
00.0000000284210028844711359852
00.0000000284210028844711359852
00.0000000284210028844711359852
00.0000000284210028844711359852
00.0000000284210028844711359852
00.0000000284210028844711359852
00.0000000284210028844711359852
00.0000000284210028844711359852
00.0000000284210028844711359852
00.0000000284210028844711359852
00.0000000284210028844711359852
00.0000000284210028844711359852
00.0000000284210028844711359852
00.0000000284210028844711359852
00.0000000284210028844711359852
00.0000000284210028844711359852
00.0000000284210028844711359852
00.0000000284210028844711359852
00.0000000284210028844711359852
00.0000000284210028844711359852
00.0000000284210028844711359852
00.0000000284210028844711359852
00.0000000284210028844711359852
00.0000000284210028844711359852
00.0000000284210028844711359852
00.0000000284210028844711359852
00.0000000284210028844711359852
00.0000000284210028844711359852
00.0000000284210028844711359852
00.0000000284210028844711359852
00.0000000284210028844711359852
00.0000000284210028844711359852
00.0000000284210028844711359852
00.0000000284210028844711359852
00.0000000284210028844711359852
00.0000000284210028844711359852
00.0000000284210028844711359852
00.0000000284210028844711359852
00.0000000284210028844711359852
00.0000000284210028844711359852
00.0000000284210028844711359852
00.0000000284210028844711359852
00.0000000284210028844711359852
00.0000000284210028844711359852
00.0000000284210028844711359852
00.0000000284210028844711359852
00.0000000284210028844711359852
00.0000000284210028844711359852
00.0000000284210028844711359852
00.0000000284210028844711359852
00.0000000284210028844711359852
00.0000000284210028844711359852
00.0000000284210028844711359852
00.0000000284210028844711359852
00.0000000284210028844711359852
00.0000000284210028844711359852
00.0000000284210028844711359852
00.0000000284210028844711359852
00.0000000284210028844711359852
00.0000000284210028844711359852
00.0000000284210028844711359852
00.0000000284210028844711359852
00.0000000284210028844711359852
00.0000000284210028844711359852
00.0000000284210028844711359852
00.0000000284210028844711359852
00.0000000284210028844711359852
00.0000000284210028844711359852
00.0000000284210028844711359852
00.0000000284210028844711359852
00.0000000284210028844711359852
00.0000000284210028844711359852
00.0000000284210028844711359852
00.0000000284210028844711359852
00.0000000284210028844711359852
00.0000000284210028844711359852
00.0000000284210028844711359852
00.0000000284210028844711359852
00.0000000284210028844711359852
00.0000000284210028844711359852
00.0000000284210028844711359852
00.0000000284210028844711359852
00.0000000284210028844711359852
00.0000000284210028844711359852
00.0000000284210028844711359852
00.0000000284210028844711359852
00.0000000284210028844711359852
00.0000000284210028844711359852
00.0000000284210028844711359852
00.0000000284210028844711359852
00.0000000284210028844711359852
00.0000000284210028844711359852
00.0000000284210028844711359852
00.0000000284210028844711359852
00.0000000284210028844711359852
00.0000000284210028844711359852
00.0000000284210028844711359852
00.0000000284210028844711359852
00.0000000284210028844711359852
00.0000000284210028844711359852
00.0000000284210028844711359852
00.0000000284210028844711359852
00.0000000284210028844711359852
00.0000000284210028844711359852
00.0000000284210028844711359852
00.0000000284210028844711359852
00.0000000284210028844711359852
00.0000000284210028844711359852
00.0000000284210028844711359852
00.0000000284210028844711359852
00.0000000284210028844711359852
00.0000000284210028844711359852
00.0000000284210028844711359852
00.0000000284210028844711359852
00.0000000284210028844711359852
00.0000000284210028844711359852
00.0000000284210028844711359852
00.0000000284210028844711359852
00.0000000284210028844711359852
00.0000000284210028844711359852
00.0000000284210028844711359852
00.0000000284210028844711359852
00.0000000284210028844711359852
00.0000000284210028844711359852
00.0000000284210028844711359852
00.0000000284210028844711359852
00.0000000284210028844711359852
00.0000000284210028844711359852
00.0000000284210028844711359852
00.0000000284210028844711359852
00.0000000284210028844711359852
00.0000000284210028844711359852
00.0000000284210028844711359852
00.0000000284210028844711359852
00.0000000284210028844711359852
00.0000000284210028844711359852
00.0000000284210028844711359852
00.0000000284210028844711359852
00.0000000284210028844711359852
00.0000000284210028844711359852
00.0000000284210028844711359852
00.0000000284210028844711359852
00.0000000284210028844711359852
00.0000000284210028844711359852
00.0000000284210028844711359852
00.0000000284210028844711359852
00.0000000284210028844711359852
00.0000000284210028844711359852
00.0000000284210028844711359852
00.0000000284210028844711359852
00.0000000284210028844711359852
00.0000000284210028844711359852
00.0000000284210028844711359852
00.0000000284210028844711359852
00.0000000284210028844711359852
00.0000000284210028844711359852
00.0000000284210028844711359852
00.0000000269001345643005151942
00.0000000269001345643005151942
00.0000000269001345643005151942
00.0000000269001345643005151942
00.0000000269001345643005151942
00.0000000269001345643005151942
00.0000000269001345643005151942
00.0000000269001345643005151942
00.0000000269001345643005151942
00.0000000269001345643005151942
00.0000000269001345643005151942
00.0000000269001345643005151942
00.0000000269001345643005151942
00.0000000269001345643005151942
00.0000000269001345643005151942
00.0000000269001345643005151942
00.0000000269001345643005151942
00.0000000269001345643005151942
00.0000000269001345643005151942
00.0000000269001345643005151942
00.0000000269001345643005151942
00.0000000269001345643005151942
00.0000000269001345643005151942
00.0000000269001345643005151942
00.0000000269001345643005151942
00.0000000269001345643005151942
00.0000000269001345643005151942
00.0000000269001345643005151942
00.0000000269001345643005151942
00.0000000269001345643005151942
00.0000000269001345643005151942
00.0000000269001345643005151942
00.0000000269001345643005151942
00.0000000269001345643005151942
00.0000000269001345643005151942
00.0000000269001345643005151942
00.0000000269001345643005151942
00.0000000269001345643005151942
00.0000000269001345643005151942
00.0000000269001345643005151942
00.0000000269001345643005151942
00.0000000269001345643005151942
00.0000000269001345643005151942
00.0000000269001345643005151942
00.0000000269001345643005151942
00.0000000269001345643005151942
00.0000000269001345643005151942
00.0000000269001345643005151942
00.0000000269001345643005151942
00.0000000269001345643005151942
00.0000000269001345643005151942
00.0000000269001345643005151942
00.0000000269001345643005151942
00.0000000269001345643005151942
00.0000000269001345643005151942
00.0000000269001345643005151942
00.0000000269001345643005151942
00.0000000269001345643005151942
00.0000000269001345643005151942
00.0000000269001345643005151942
00.0000000269001345643005151942
00.0000000269001345643005151942
00.0000000269001345643005151942
00.0000000269001345643005151942
00.0000000269001345643005151942
00.0000000269001345643005151942
00.0000000269001345643005151942
00.0000000269001345643005151942
00.0000000269001345643005151942
00.0000000269001345643005151942
00.0000000269001345643005151942
00.0000000269001345643005151942
00.0000000269001345643005151942
00.0000000269001345643005151942
00.0000000269001345643005151942
00.0000000269001345643005151942
00.0000000269001345643005151942
00.0000000269001345643005151942
00.0000000269001345643005151942
00.0000000269001345643005151942
00.0000000269001345643005151942
00.0000000269001345643005151942
00.0000000269001345643005151942
00.0000000269001345643005151942
00.0000000269001345643005151942
00.0000000269001345643005151942
00.0000000269001345643005151942
00.0000000269001345643005151942
00.0000000269001345643005151942
00.0000000269001345643005151942
00.0000000269001345643005151942
00.0000000269001345643005151942
00.0000000269001345643005151942
00.0000000269001345643005151942
00.0000000269001345643005151942
00.0000000269001345643005151942
00.0000000269001345643005151942
00.0000000269001345643005151942
00.0000000269001345643005151942
00.0000000269001345643005151942
00.0000000269001345643005151942
00.0000000269001345643005151942
00.0000000269001345643005151942
00.0000000269001345643005151942
00.0000000269001345643005151942
00.0000000269001345643005151942
00.0000000269001345643005151942
00.0000000269001345643005151942
00.0000000269001345643005151942
00.0000000269001345643005151942
00.0000000269001345643005151942
00.0000000269001345643005151942
00.0000000269001345643005151942
00.0000000269001345643005151942
00.0000000269001345643005151942
00.0000000269001345643005151942
00.0000000269001345643005151942
00.0000000269001345643005151942
00.0000000269001345643005151942
00.0000000269001345643005151942
00.0000000269001345643005151942
00.0000000269001345643005151942
00.0000000269001345643005151942
00.0000000269001345643005151942
00.0000000269001345643005151942
00.0000000269001345643005151942
00.0000000269001345643005151942
00.0000000269001345643005151942
00.0000000269001345643005151942
00.0000000269001345643005151942
00.0000000269001345643005151942
00.0000000269001345643005151942
00.0000000269001345643005151942
00.0000000269001345643005151942
00.0000000269001345643005151942
00.0000000269001345643005151942
00.0000000269001345643005151942
00.0000000269001345643005151942
00.0000000269001345643005151942
00.0000000269001345643005151942
00.0000000269001345643005151942
00.0000000269001345643005151942
00.0000000269001345643005151942
00.0000000269001345643005151942
00.0000000269001345643005151942
00.0000000269001345643005151942
00.0000000269001345643005151942
00.0000000269001345643005151942
00.0000000269001345643005151942
00.0000000269001345643005151942
00.0000000269001345643005151942
00.0000000269001345643005151942
00.0000000269001345643005151942
00.0000000269001345643005151942
00.0000000269001345643005151942
00.0000000269001345643005151942
00.0000000269001345643005151942
00.0000000269001345643005151942
00.0000000269001345643005151942
00.0000000269001345643005151942
00.0000000269001345643005151942
00.0000000269001345643005151942
00.0000000269001345643005151942
00.0000000269001345643005151942
00.0000000269001345643005151942
00.0000000269001345643005151942
00.0000000269001345643005151942
00.0000000269001345643005151942
00.0000000269001345643005151942
00.0000000269001345643005151942
00.0000000269001345643005151942
00.0000000269001345643005151942
00.0000000269001345643005151942
00.0000000269001345643005151942
00.0000000269001345643005151942
00.0000000269001345643005151942
00.0000000269001345643005151942
00.0000000269001345643005151942
00.0000000269001345643005151942
00.0000000269001345643005151942
00.0000000269001345643005151942
00.0000000269001345643005151942
00.0000000269001345643005151942
00.0000000269001345643005151942
00.0000000269001345643005151942
00.0000000269001345643005151942
00.0000000269001345643005151942
00.0000000269001345643005151942
00.0000000269001345643005151942
00.0000000269001345643005151942
00.0000000269001345643005151942
00.0000000269001345643005151942
00.0000000269001345643005151942
00.0000000269001345643005151942
00.0000000269001345643005151942
00.0000000269001345643005151942
00.0000000269001345643005151942
00.0000000269001345643005151942
00.0000000269001345643005151942
00.0000000269001345643005151942
00.0000000269001345643005151942
00.0000000269001345643005151942
00.0000000269001345643005151942
00.0000000269001345643005151942
00.0000000269001345643005151942
00.0000000269001345643005151942
00.0000000269001345643005151942
00.0000000269001345643005151942
00.0000000269001345643005151942
00.0000000269001345643005151942
00.0000000269001345643005151942
00.0000000269001345643005151942
00.0000000269001345643005151942
00.0000000269001345643005151942
00.0000000269001345643005151942
00.0000000269001345643005151942
00.0000000269001345643005151942
00.0000000269001345643005151942
00.0000000269001345643005151942
00.0000000269001345643005151942
00.0000000269001345643005151942
00.0000000269001345643005151942
00.0000000269001345643005151942
00.0000000269001345643005151942
00.0000000269001345643005151942
00.0000000269001345643005151942
00.0000000269001345643005151942
00.0000000269001345643005151942
00.0000000269001345643005151942
00.0000000269001345643005151942
00.0000000269001345643005151942
00.0000000269001345643005151942
00.0000000269001345643005151942
00.0000000269001345643005151942
00.0000000269001345643005151942
00.0000000269001345643005151942
00.0000000269001345643005151942
00.0000000269001345643005151942
00.0000000269001345643005151942
00.0000000269001345643005151942
00.0000000269001345643005151942
00.0000000269001345643005151942
00.0000000269001345643005151942
00.0000000269001345643005151942
00.0000000269001345643005151942
00.0000000269001345643005151942
00.0000000269001345643005151942
00.0000000269001345643005151942
00.0000000269001345643005151942
00.0000000269001345643005151942
00.0000000269001345643005151942
00.0000000269001345643005151942
00.0000000269001345643005151942
00.0000000269001345643005151942
00.0000000269001345643005151942
00.0000000269001345643005151942
00.0000000269001345643005151942
00.0000000269001345643005151942
00.0000000269001345643005151942
00.0000000269001345643005151942
00.0000000269001345643005151942
00.0000000269001345643005151942
00.0000000269001345643005151942
00.0000000269001345643005151942
00.0000000269001345643005151942
00.0000000269001345643005151942
00.0000000269001345643005151942
00.0000000269001345643005151942
00.0000000269001345643005151942
00.0000000269001345643005151942
00.0000000269001345643005151942
00.0000000269001345643005151942
00.0000000269001345643005151942
00.0000000269001345643005151942
00.0000000269001345643005151942
00.0000000269001345643005151942
00.0000000269001345643005151942
00.0000000269001345643005151942
00.0000000269001345643005151942
00.0000000269001345643005151942
00.0000000269001345643005151942
00.0000000269001345643005151942
00.0000000269001345643005151942
00.0000000269001345643005151942
00.0000000269001345643005151942
00.0000000269001345643005151942
00.0000000269001345643005151942
00.0000000269001345643005151942
00.0000000269001345643005151942
00.0000000269001345643005151942
00.0000000269001345643005151942
00.0000000269001345643005151942
00.0000000269001345643005151942
00.0000000269001345643005151942
00.0000000269001345643005151942
00.0000000269001345643005151942
00.0000000269001345643005151942
00.0000000269001345643005151942
00.0000000269001345643005151942
00.0000000269001345643005151942
00.0000000269001345643005151942
00.0000000269001345643005151942
00.0000000269001345643005151942
00.0000000269001345643005151942
00.0000000269001345643005151942
00.0000000269001345643005151942
00.0000000269001345643005151942
00.0000000269001345643005151942
00.0000000269001345643005151942
00.0000000269001345643005151942
00.0000000269001345643005151942
00.0000000269001345643005151942
00.0000000269001345643005151942
00.0000000269001345643005151942
00.0000000269001345643005151942
00.0000000269001345643005151942
00.0000000269001345643005151942
00.0000000269001345643005151942
00.0000000269001345643005151942
00.0000000269001345643005151942
00.0000000269001345643005151942
00.0000000269001345643005151942
00.0000000269001345643005151942
00.0000000269001345643005151942
00.0000000269001345643005151942
00.0000000269001345643005151942
00.0000000269001345643005151942
00.0000000269001345643005151942
00.0000000269001345643005151942
00.0000000269001345643005151942
00.0000000269001345643005151942
00.0000000269001345643005151942
00.0000000269001345643005151942
00.0000000269001345643005151942
00.0000000269001345643005151942
00.0000000269001345643005151942
00.0000000269001345643005151942
00.0000000269001345643005151942
00.0000000269001345643005151942
00.0000000269001345643005151942
00.0000000269001345643005151942
00.0000000269001345643005151942
00.0000000269001345643005151942
00.0000000269001345643005151942
00.0000000269001345643005151942
00.0000000269001345643005151942
00.0000000269001345643005151942
00.0000000269001345643005151942
00.0000000269001345643005151942
00.0000000269001345643005151942
00.0000000269001345643005151942
00.0000000269001345643005151942
00.0000000269001345643005151942
00.0000000269001345643005151942
00.0000000269001345643005151942
00.0000000269001345643005151942
00.0000000269001345643005151942
00.0000000269001345643005151942
00.0000000269001345643005151942
00.0000000269001345643005151942
00.0000000269001345643005151942
00.0000000269001345643005151942
00.0000000269001345643005151942
00.0000000269001345643005151942
00.0000000269001345643005151942
00.0000000269001345643005151942
00.0000000269001345643005151942
00.0000000269001345643005151942
00.0000000269001345643005151942
00.0000000269001345643005151942
00.0000000269001345643005151942
00.0000000269001345643005151942
00.0000000269001345643005151942
00.0000000269001345643005151942
00.0000000269001345643005151942
00.0000000269001345643005151942
00.0000000269001345643005151942
00.0000000269001345643005151942
00.0000000269001345643005151942
00.0000000269001345643005151942
00.0000000269001345643005151942
00.0000000269001345643005151942
00.0000000269001345643005151942
00.0000000269001345643005151942
00.0000000269001345643005151942
00.0000000269001345643005151942
00.0000000269001345643005151942
00.0000000269001345643005151942
00.0000000269001345643005151942
00.0000000269001345643005151942
00.0000000269001345643005151942
00.0000000269001345643005151942
00.0000000269001345643005151942
00.0000000269001345643005151942
00.0000000269001345643005151942
00.0000000269001345643005151942
00.0000000269001345643005151942
00.0000000269001345643005151942
00.0000000269001345643005151942
00.0000000269001345643005151942
00.0000000269001345643005151942
00.0000000269001345643005151942
00.0000000269001345643005151942
00.0000000269001345643005151942
00.0000000269001345643005151942
00.0000000269001345643005151942
00.0000000269001345643005151942
00.0000000269001345643005151942
00.0000000269001345643005151942
00.0000000269001345643005151942
00.0000000269001345643005151942
00.0000000269001345643005151942
00.0000000269001345643005151942
00.0000000269001345643005151942
00.0000000269001345643005151942
00.0000000269001345643005151942
00.0000000269001345643005151942
00.0000000269001345643005151942
00.0000000269001345643005151942
00.0000000269001345643005151942
00.0000000269001345643005151942
00.0000000269001345643005151942
00.0000000269001345643005151942
00.0000000269001345643005151942
00.0000000269001345643005151942
00.0000000269001345643005151942
00.0000000269001345643005151942
00.0000000269001345643005151942
00.0000000269001345643005151942
00.0000000269001345643005151942
00.0000000269001345643005151942
00.0000000269001345643005151942
00.0000000269001345643005151942
00.0000000269001345643005151942
00.0000000269001345643005151942
00.0000000269001345643005151942
00.0000000269001345643005151942
00.0000000269001345643005151942
00.0000000269001345643005151942
00.0000000269001345643005151942
00.0000000269001345643005151942
00.0000000269001345643005151942
00.0000000269001345643005151942
00.0000000269001345643005151942
00.0000000269001345643005151942
00.0000000269001345643005151942
00.0000000269001345643005151942
00.0000000269001345643005151942
00.0000000269001345643005151942
00.0000000269001345643005151942
00.0000000269001345643005151942
00.0000000269001345643005151942
00.0000000269001345643005151942
00.0000000269001345643005151942
00.0000000269001345643005151942
00.0000000269001345643005151942
00.0000000269001345643005151942
00.0000000269001345643005151942
00.0000000269001345643005151942
00.0000000269001345643005151942
00.0000000269001345643005151942
00.0000000269001345643005151942
00.0000000269001345643005151942
00.0000000269001345643005151942
00.0000000269001345643005151942
00.0000000269001345643005151942
00.0000000269001345643005151942
00.0000000269001345643005151942
00.0000000269001345643005151942
00.0000000269001345643005151942
00.0000000269001345643005151942
00.0000000269001345643005151942
00.0000000269001345643005151942
00.0000000269001345643005151942
00.0000000269001345643005151942
00.0000000269001345643005151942
00.0000000269001345643005151942
00.0000000269001345643005151942
00.0000000269001345643005151942
00.0000000269001345643005151942
00.0000000269001345643005151942
00.0000000269001345643005151942
00.0000000269001345643005151942
00.0000000269001345643005151942
00.0000000269001345643005151942
00.0000000269001345643005151942
00.0000000269001345643005151942
00.0000000269001345643005151942
00.0000000269001345643005151942
00.0000000269001345643005151942
00.0000000269001345643005151942
00.0000000269001345643005151942
00.0000000269001345643005151942
00.0000000269001345643005151942
00.0000000269001345643005151942
00.0000000269001345643005151942
00.0000000269001345643005151942
00.0000000269001345643005151942
00.0000000269001345643005151942
00.0000000269001345643005151942
00.0000000269001345643005151942
00.0000000269001345643005151942
00.0000000269001345643005151942
00.0000000269001345643005151942
00.0000000269001345643005151942
00.0000000269001345643005151942
00.0000000269001345643005151942
00.0000000269001345643005151942
00.0000000269001345643005151942
00.0000000269001345643005151942
00.0000000269001345643005151942
00.0000000269001345643005151942
00.0000000269001345643005151942
00.0000000269001345643005151942
00.0000000269001345643005151942
00.0000000269001345643005151942
00.0000000269001345643005151942
00.0000000269001345643005151942
00.0000000269001345643005151942
00.0000000269001345643005151942
00.0000000269001345643005151942
00.0000000269001345643005151942
00.0000000269001345643005151942
00.0000000269001345643005151942
00.0000000269001345643005151942
00.0000000269001345643005151942
00.0000000269001345643005151942
00.0000000269001345643005151942
00.0000000269001345643005151942
00.0000000269001345643005151942
00.0000000269001345643005151942
00.0000000269001345643005151942
00.0000000269001345643005151942
00.0000000269001345643005151942
00.0000000269001345643005151942
00.0000000269001345643005151942
00.0000000269001345643005151942
00.0000000269001345643005151942
00.0000000269001345643005151942
00.0000000269001345643005151942
00.0000000269001345643005151942
00.0000000269001345643005151942
00.0000000269001345643005151942
00.0000000269001345643005151942
00.0000000269001345643005151942
00.0000000269001345643005151942
00.0000000269001345643005151942
00.0000000269001345643005151942
00.0000000269001345643005151942
00.0000000269001345643005151942
00.0000000269001345643005151942
00.0000000269001345643005151942
00.0000000269001345643005151942
00.0000000269001345643005151942
00.0000000269001345643005151942
00.0000000269001345643005151942
00.0000000269001345643005151942
00.0000000269001345643005151942
00.0000000269001345643005151942
00.0000000269001345643005151942
00.0000000269001345643005151942
00.0000000269001345643005151942
00.0000000269001345643005151942
00.0000000269001345643005151942
00.0000000269001345643005151942
00.0000000269001345643005151942
00.0000000269001345643005151942
00.0000000269001345643005151942
00.0000000269001345643005151942
00.0000000269001345643005151942
00.0000000269001345643005151942
00.0000000269001345643005151942
00.0000000269001345643005151942
00.0000000269001345643005151942
00.0000000269001345643005151942
00.0000000269001345643005151942
00.0000000269001345643005151942
00.0000000269001345643005151942
00.0000000269001345643005151942
00.0000000269001345643005151942
00.0000000269001345643005151942
00.0000000269001345643005151942
00.0000000269001345643005151942
00.0000000269001345643005151942
00.0000000269001345643005151942
00.0000000269001345643005151942
00.0000000269001345643005151942
00.0000000269001345643005151942
00.0000000269001345643005151942
00.0000000269001345643005151942
00.0000000269001345643005151942
00.0000000269001345643005151942
00.0000000269001345643005151942
00.0000000269001345643005151942
00.0000000269001345643005151942
00.0000000269001345643005151942
00.0000000269001345643005151942
00.0000000269001345643005151942
00.0000000269001345643005151942
00.0000000269001345643005151942
00.0000000269001345643005151942
00.0000000269001345643005151942
00.0000000269001345643005151942
00.0000000269001345643005151942
00.0000000269001345643005151942
00.0000000269001345643005151942
00.0000000269001345643005151942
00.0000000269001345643005151942
00.0000000269001345643005151942
00.0000000269001345643005151942
00.0000000269001345643005151942
00.0000000269001345643005151942
00.0000000269001345643005151942
00.0000000269001345643005151942
00.0000000269001345643005151942
00.0000000269001345643005151942
00.0000000269001345643005151942
00.0000000269001345643005151942
00.0000000269001345643005151942
00.0000000269001345643005151942
00.0000000269001345643005151942
00.0000000269001345643005151942
00.0000000269001345643005151942
00.0000000269001345643005151942
00.0000000269001345643005151942
00.0000000269001345643005151942
00.0000000269001345643005151942
00.0000000269001345643005151942
00.0000000269001345643005151942
00.0000000269001345643005151942
00.0000000269001345643005151942
00.0000000269001345643005151942
00.0000000269001345643005151942
00.0000000269001345643005151942
00.0000000269001345643005151942
00.0000000269001345643005151942
00.0000000269001345643005151942
00.0000000269001345643005151942
00.0000000269001345643005151942
00.0000000269001345643005151942
00.0000000269001345643005151942
00.0000000269001345643005151942
00.0000000269001345643005151942
00.0000000269001345643005151942
00.0000000269001345643005151942
00.0000000269001345643005151942
00.0000000269001345643005151942
00.0000000269001345643005151942
00.0000000269001345643005151942
00.0000000269001345643005151942
00.0000000269001345643005151942
00.0000000269001345643005151942
00.0000000269001345643005151942
00.0000000269001345643005151942
00.0000000269001345643005151942
00.0000000269001345643005151942
00.0000000269001345643005151942
00.0000000269001345643005151942
00.0000000269001345643005151942
00.0000000269001345643005151942
00.0000000269001345643005151942
00.0000000269001345643005151942
00.0000000269001345643005151942
00.0000000269001345643005151942
00.0000000269001345643005151942
00.0000000269001345643005151942
00.0000000269001345643005151942
00.0000000269001345643005151942
00.0000000269001345643005151942
00.0000000269001345643005151942
00.0000000269001345643005151942
00.0000000269001345643005151942
00.0000000269001345643005151942
00.0000000269001345643005151942
00.0000000269001345643005151942
00.0000000269001345643005151942
00.0000000269001345643005151942
00.0000000269001345643005151942
00.0000000269001345643005151942
00.0000000269001345643005151942
00.0000000269001345643005151942
00.0000000269001345643005151942
00.0000000269001345643005151942
00.0000000269001345643005151942
00.0000000269001345643005151942
00.0000000269001345643005151942
00.0000000269001345643005151942
00.0000000269001345643005151942
00.0000000269001345643005151942
00.0000000269001345643005151942
00.0000000269001345643005151942
00.0000000269001345643005151942
00.0000000269001345643005151942
00.0000000269001345643005151942
00.0000000269001345643005151942
00.0000000269001345643005151942
00.0000000269001345643005151942
00.0000000269001345643005151942
00.0000000269001345643005151942
00.0000000269001345643005151942
00.0000000269001345643005151942
00.0000000269001345643005151942
00.0000000269001345643005151942
00.0000000269001345643005151942
00.0000000269001345643005151942
00.0000000269001345643005151942
00.0000000269001345643005151942
00.0000000269001345643005151942
00.0000000269001345643005151942
00.0000000269001345643005151942
00.0000000269001345643005151942
00.0000000269001345643005151942
00.0000000269001345643005151942
00.0000000269001345643005151942
00.0000000269001345643005151942
00.0000000269001345643005151942
00.0000000269001345643005151942
00.0000000269001345643005151942
00.0000000269001345643005151942
00.0000000269001345643005151942
00.0000000269001345643005151942
00.0000000269001345643005151942
00.0000000269001345643005151942
00.0000000269001345643005151942
00.0000000269001345643005151942
00.0000000269001345643005151942
00.0000000269001345643005151942
00.0000000269001345643005151942
00.0000000269001345643005151942
00.0000000269001345643005151942
00.0000000269001345643005151942
00.0000000269001345643005151942
00.0000000269001345643005151942
00.0000000269001345643005151942
00.0000000269001345643005151942
00.0000000269001345643005151942
00.0000000269001345643005151942
00.0000000269001345643005151942
00.0000000269001345643005151942
00.0000000269001345643005151942
00.0000000269001345643005151942
00.0000000269001345643005151942
00.0000000269001345643005151942
00.0000000269001345643005151942
00.0000000269001345643005151942
00.0000000269001345643005151942
00.0000000269001345643005151942
00.0000000269001345643005151942
00.0000000269001345643005151942
00.0000000269001345643005151942
00.0000000269001345643005151942
00.0000000269001345643005151942
00.0000000269001345643005151942
00.0000000269001345643005151942
00.0000000269001345643005151942
00.0000000269001345643005151942
00.0000000269001345643005151942
00.0000000269001345643005151942
00.0000000269001345643005151942
00.0000000269001345643005151942
00.0000000269001345643005151942
00.0000000269001345643005151942
00.0000000269001345643005151942
00.0000000269001345643005151942
00.0000000269001345643005151942
00.0000000269001345643005151942
00.0000000269001345643005151942
00.0000000269001345643005151942
00.0000000269001345643005151942
00.0000000269001345643005151942
00.0000000269001345643005151942
00.0000000269001345643005151942
00.0000000269001345643005151942
00.0000000269001345643005151942
00.0000000269001345643005151942
00.0000000269001345643005151942
00.0000000269001345643005151942
00.0000000269001345643005151942
00.0000000269001345643005151942
00.0000000269001345643005151942
00.0000000269001345643005151942
00.0000000269001345643005151942
00.0000000269001345643005151942
00.0000000269001345643005151942
00.0000000269001345643005151942
00.0000000269001345643005151942
00.0000000269001345643005151942
00.0000000269001345643005151942
00.0000000269001345643005151942
00.0000000269001345643005151942
00.0000000269001345643005151942
00.0000000269001345643005151942
00.0000000269001345643005151942
00.0000000269001345643005151942
00.0000000269001345643005151942
00.0000000269001345643005151942
00.0000000269001345643005151942
00.0000000269001345643005151942
00.0000000269001345643005151942
00.0000000269001345643005151942
00.0000000269001345643005151942
00.0000000269001345643005151942
00.0000000269001345643005151942
00.0000000269001345643005151942
00.0000000269001345643005151942
00.0000000269001345643005151942
00.0000000269001345643005151942
00.0000000269001345643005151942
00.0000000269001345643005151942
00.0000000269001345643005151942
00.0000000269001345643005151942
00.0000000269001345643005151942
00.0000000269001345643005151942
00.0000000269001345643005151942
00.0000000269001345643005151942
00.0000000269001345643005151942
00.0000000269001345643005151942
00.0000000269001345643005151942
00.0000000269001345643005151942
00.0000000269001345643005151942
00.0000000269001345643005151942
00.0000000269001345643005151942
00.0000000269001345643005151942
00.0000000269001345643005151942
00.0000000269001345643005151942
00.0000000269001345643005151942
00.0000000269001345643005151942
00.0000000269001345643005151942
00.0000000269001345643005151942
00.0000000269001345643005151942
00.0000000269001345643005151942
00.0000000269001345643005151942
00.0000000269001345643005151942
00.0000000269001345643005151942
00.0000000269001345643005151942
00.0000000269001345643005151942
00.0000000269001345643005151942
00.0000000269001345643005151942
00.0000000269001345643005151942
00.0000000269001345643005151942
00.0000000269001345643005151942
00.0000000269001345643005151942
00.0000000269001345643005151942
00.0000000269001345643005151942
00.0000000269001345643005151942
00.0000000269001345643005151942
00.0000000269001345643005151942
00.0000000269001345643005151942
00.0000000269001345643005151942
00.0000000269001345643005151942
00.0000000269001345643005151942
00.0000000269001345643005151942
00.0000000269001345643005151942
00.0000000269001345643005151942
00.0000000269001345643005151942
00.0000000269001345643005151942
00.0000000269001345643005151942
00.0000000269001345643005151942
00.0000000269001345643005151942
00.0000000269001345643005151942
00.0000000269001345643005151942
00.0000000269001345643005151942
00.0000000269001345643005151942
00.0000000269001345643005151942
00.0000000269001345643005151942
00.0000000269001345643005151942
00.0000000269001345643005151942
00.0000000269001345643005151942
00.0000000269001345643005151942
00.0000000269001345643005151942
00.0000000269001345643005151942
00.0000000269001345643005151942
00.0000000269001345643005151942
00.0000000269001345643005151942
00.0000000269001345643005151942
00.0000000269001345643005151942
00.0000000269001345643005151942
00.0000000269001345643005151942
00.0000000269001345643005151942
00.0000000269001345643005151942
00.0000000269001345643005151942
00.0000000269001345643005151942
00.0000000269001345643005151942
00.0000000269001345643005151942
00.0000000269001345643005151942
00.0000000269001345643005151942
00.0000000269001345643005151942
00.0000000269001345643005151942
00.0000000269001345643005151942
00.0000000269001345643005151942
00.0000000269001345643005151942
00.0000000269001345643005151942
00.0000000269001345643005151942
00.0000000269001345643005151942
00.0000000269001345643005151942
00.0000000269001345643005151942
00.0000000269001345643005151942
00.0000000269001345643005151942
00.0000000269001345643005151942
00.0000000269001345643005151942
00.0000000269001345643005151942
00.0000000269001345643005151942
00.0000000269001345643005151942
00.0000000269001345643005151942
00.0000000269001345643005151942
00.0000000269001345643005151942
00.0000000269001345643005151942
00.0000000269001345643005151942
00.0000000269001345643005151942
00.0000000269001345643005151942
00.0000000269001345643005151942
00.0000000269001345643005151942
00.0000000269001345643005151942
00.0000000269001345643005151942
00.0000000269001345643005151942
00.0000000269001345643005151942
00.0000000269001345643005151942
00.0000000269001345643005151942
00.0000000269001345643005151942
00.0000000269001345643005151942
00.0000000269001345643005151942
00.0000000269001345643005151942
00.0000000269001345643005151942
00.0000000269001345643005151942
00.0000000269001345643005151942
00.0000000269001345643005151942
00.0000000269001345643005151942
00.0000000269001345643005151942
00.0000000269001345643005151942
00.0000000269001345643005151942
00.0000000269001345643005151942
00.0000000269001345643005151942
00.0000000269001345643005151942
00.0000000269001345643005151942
00.0000000269001345643005151942
00.0000000269001345643005151942
00.0000000269001345643005151942
00.0000000269001345643005151942
00.0000000269001345643005151942
00.0000000269001345643005151942
00.0000000269001345643005151942
00.0000000269001345643005151942
00.0000000269001345643005151942
00.0000000269001345643005151942
00.0000000269001345643005151942
00.0000000269001345643005151942
00.0000000269001345643005151942
00.0000000269001345643005151942
00.0000000269001345643005151942
00.0000000269001345643005151942
00.0000000269001345643005151942
00.0000000269001345643005151942
00.0000000269001345643005151942
00.0000000269001345643005151942
00.0000000269001345643005151942
00.0000000269001345643005151942
00.0000000269001345643005151942
00.0000000269001345643005151942
00.0000000269001345643005151942
00.0000000269001345643005151942
00.0000000269001345643005151942
00.0000000269001345643005151942
00.0000000269001345643005151942
00.0000000269001345643005151942
00.0000000269001345643005151942
00.0000000269001345643005151942
00.0000000269001345643005151942
00.0000000269001345643005151942
00.0000000269001345643005151942
00.0000000269001345643005151942
00.0000000269001345643005151942
00.0000000269001345643005151942
00.0000000269001345643005151942
00.0000000269001345643005151942
00.0000000269001345643005151942
00.0000000269001345643005151942
00.0000000269001345643005151942
00.0000000269001345643005151942
00.0000000269001345643005151942
00.0000000269001345643005151942
00.0000000269001345643005151942
00.0000000269001345643005151942
00.0000000269001345643005151942
00.0000000269001345643005151942
00.0000000269001345643005151942
00.0000000269001345643005151942
00.0000000269001345643005151942
00.0000000269001345643005151942
00.0000000269001345643005151942
00.0000000269001345643005151942
00.0000000269001345643005151942
00.0000000269001345643005151942
00.0000000269001345643005151942
00.0000000269001345643005151942
00.0000000269001345643005151942
00.0000000269001345643005151942
00.0000000269001345643005151942
00.0000000269001345643005151942
00.0000000269001345643005151942
00.0000000269001345643005151942
00.0000000254590010184685411332
00.0000000254590010184685411332
00.0000000254590010184685411332
00.0000000254590010184685411332
00.0000000254590010184685411332
00.0000000254590010184685411332
00.0000000254590010184685411332
00.0000000254590010184685411332
00.0000000254590010184685411332
00.0000000254590010184685411332
00.0000000254590010184685411332
00.0000000254590010184685411332
00.0000000254590010184685411332
00.0000000254590010184685411332
00.0000000254590010184685411332
00.0000000254590010184685411332
00.0000000254590010184685411332
00.0000000254590010184685411332
00.0000000254590010184685411332
00.0000000254590010184685411332
00.0000000254590010184685411332
00.0000000254590010184685411332
00.0000000254590010184685411332
00.0000000254590010184685411332
00.0000000254590010184685411332
00.0000000254590010184685411332
00.0000000254590010184685411332
00.0000000254590010184685411332
00.0000000254590010184685411332
00.0000000254590010184685411332
00.0000000254590010184685411332
00.0000000254590010184685411332
00.0000000254590010184685411332
00.0000000254590010184685411332
00.0000000254590010184685411332
00.0000000254590010184685411332
00.0000000254590010184685411332
00.0000000254590010184685411332
00.0000000254590010184685411332
00.0000000254590010184685411332
00.0000000254590010184685411332
00.0000000254590010184685411332
00.0000000254590010184685411332
00.0000000254590010184685411332
00.0000000254590010184685411332
00.0000000254590010184685411332
00.0000000254590010184685411332
00.0000000254590010184685411332
00.0000000254590010184685411332
00.0000000254590010184685411332
00.0000000254590010184685411332
00.0000000254590010184685411332
00.0000000254590010184685411332
00.0000000254590010184685411332
00.0000000254590010184685411332
00.0000000254590010184685411332
00.0000000254590010184685411332
00.0000000254590010184685411332
00.0000000254590010184685411332
00.0000000254590010184685411332
00.0000000254590010184685411332
00.0000000254590010184685411332
00.0000000254590010184685411332
00.0000000254590010184685411332
00.0000000254590010184685411332
00.0000000254590010184685411332
00.0000000254590010184685411332
00.0000000254590010184685411332
00.0000000254590010184685411332
00.0000000254590010184685411332
00.0000000254590010184685411332
00.0000000254590010184685411332
00.0000000254590010184685411332
00.0000000254590010184685411332
00.0000000254590010184685411332
00.0000000254590010184685411332
00.0000000254590010184685411332
00.0000000254590010184685411332
00.0000000254590010184685411332
00.0000000254590010184685411332
00.0000000254590010184685411332
00.0000000254590010184685411332
00.0000000254590010184685411332
00.0000000254590010184685411332
00.0000000254590010184685411332
00.0000000254590010184685411332
00.0000000254590010184685411332
00.0000000254590010184685411332
00.0000000254590010184685411332
00.0000000254590010184685411332
00.0000000254590010184685411332
00.0000000254590010184685411332
00.0000000254590010184685411332
00.0000000254590010184685411332
00.0000000254590010184685411332
00.0000000254590010184685411332
00.0000000254590010184685411332
00.0000000254590010184685411332
00.0000000254590010184685411332
00.0000000254590010184685411332
00.0000000254590010184685411332
00.0000000254590010184685411332
00.0000000254590010184685411332
00.0000000254590010184685411332
00.0000000254590010184685411332
00.0000000254590010184685411332
00.0000000254590010184685411332
00.0000000254590010184685411332
00.0000000254590010184685411332
00.0000000254590010184685411332
00.0000000254590010184685411332
00.0000000254590010184685411332
00.0000000254590010184685411332
00.0000000254590010184685411332
00.0000000254590010184685411332
00.0000000254590010184685411332
00.0000000254590010184685411332
00.0000000254590010184685411332
00.0000000254590010184685411332
00.0000000254590010184685411332
00.0000000254590010184685411332
00.0000000254590010184685411332
00.0000000254590010184685411332
00.0000000254590010184685411332
00.0000000254590010184685411332
00.0000000254590010184685411332
00.0000000254590010184685411332
00.0000000254590010184685411332
00.0000000254590010184685411332
00.0000000254590010184685411332
00.0000000254590010184685411332
00.0000000254590010184685411332
00.0000000254590010184685411332
00.0000000254590010184685411332
00.0000000254590010184685411332
00.0000000254590010184685411332
00.0000000254590010184685411332
00.0000000254590010184685411332
00.0000000254590010184685411332
00.0000000254590010184685411332
00.0000000254590010184685411332
00.0000000254590010184685411332
00.0000000254590010184685411332
00.0000000254590010184685411332
00.0000000254590010184685411332
00.0000000254590010184685411332
00.0000000254590010184685411332
00.0000000254590010184685411332
00.0000000254590010184685411332
00.0000000254590010184685411332
00.0000000254590010184685411332
00.0000000254590010184685411332
00.0000000254590010184685411332
00.0000000254590010184685411332
00.0000000254590010184685411332
00.0000000254590010184685411332
00.0000000254590010184685411332
00.0000000254590010184685411332
00.0000000254590010184685411332
00.0000000254590010184685411332
00.0000000254590010184685411332
00.0000000254590010184685411332
00.0000000254590010184685411332
00.0000000254590010184685411332
00.0000000254590010184685411332
00.0000000254590010184685411332
00.0000000254590010184685411332
00.0000000254590010184685411332
00.0000000254590010184685411332
00.0000000254590010184685411332
00.0000000254590010184685411332
00.0000000254590010184685411332
00.0000000254590010184685411332
00.0000000254590010184685411332
00.0000000254590010184685411332
00.0000000254590010184685411332
00.0000000254590010184685411332
00.0000000254590010184685411332
00.0000000254590010184685411332
00.0000000254590010184685411332
00.0000000254590010184685411332
00.0000000254590010184685411332
00.0000000254590010184685411332
00.0000000254590010184685411332
00.0000000254590010184685411332
00.0000000254590010184685411332
00.0000000254590010184685411332
00.0000000254590010184685411332
00.0000000254590010184685411332
00.0000000254590010184685411332
00.0000000254590010184685411332
00.0000000254590010184685411332
00.0000000254590010184685411332
00.0000000254590010184685411332
00.0000000254590010184685411332
00.0000000254590010184685411332
00.0000000254590010184685411332
00.0000000254590010184685411332
00.0000000254590010184685411332
00.0000000254590010184685411332
00.0000000254590010184685411332
00.0000000254590010184685411332
00.0000000254590010184685411332
00.0000000254590010184685411332
00.0000000254590010184685411332
00.0000000254590010184685411332
00.0000000254590010184685411332
00.0000000254590010184685411332
00.0000000254590010184685411332
00.0000000254590010184685411332
00.0000000254590010184685411332
00.0000000254590010184685411332
00.0000000254590010184685411332
00.0000000254590010184685411332
00.0000000254590010184685411332
00.0000000254590010184685411332
00.0000000254590010184685411332
00.0000000254590010184685411332
00.0000000254590010184685411332
00.0000000254590010184685411332
00.0000000254590010184685411332
00.0000000254590010184685411332
00.0000000254590010184685411332
00.0000000254590010184685411332
00.0000000254590010184685411332
00.0000000254590010184685411332
00.0000000254590010184685411332
00.0000000254590010184685411332
00.0000000254590010184685411332
00.0000000254590010184685411332
00.0000000254590010184685411332
00.0000000254590010184685411332
00.0000000254590010184685411332
00.0000000254590010184685411332
00.0000000254590010184685411332
00.0000000254590010184685411332
00.0000000254590010184685411332
00.0000000254590010184685411332
00.0000000254590010184685411332
00.0000000254590010184685411332
00.0000000254590010184685411332
00.0000000254590010184685411332
00.0000000254590010184685411332
00.0000000254590010184685411332
00.0000000254590010184685411332
00.0000000254590010184685411332
00.0000000254590010184685411332
00.0000000254590010184685411332
00.0000000254590010184685411332
00.0000000254590010184685411332
00.0000000254590010184685411332
00.0000000254590010184685411332
00.0000000254590010184685411332
00.0000000254590010184685411332
00.0000000254590010184685411332
00.0000000254590010184685411332
00.0000000254590010184685411332
00.0000000254590010184685411332
00.0000000254590010184685411332
00.0000000254590010184685411332
00.0000000254590010184685411332
00.0000000254590010184685411332
00.0000000254590010184685411332
00.0000000254590010184685411332
00.0000000254590010184685411332
00.0000000254590010184685411332
00.0000000254590010184685411332
00.0000000254590010184685411332
00.0000000254590010184685411332
00.0000000254590010184685411332
00.0000000254590010184685411332
00.0000000254590010184685411332
00.0000000254590010184685411332
00.0000000254590010184685411332
00.0000000254590010184685411332
00.0000000254590010184685411332
00.0000000254590010184685411332
00.0000000254590010184685411332
00.0000000254590010184685411332
00.0000000254590010184685411332
00.0000000254590010184685411332
00.0000000254590010184685411332
00.0000000254590010184685411332
00.0000000254590010184685411332
00.0000000254590010184685411332
00.0000000254590010184685411332
00.0000000254590010184685411332
00.0000000254590010184685411332
00.0000000254590010184685411332
00.0000000254590010184685411332
00.0000000254590010184685411332
00.0000000254590010184685411332
00.0000000254590010184685411332
00.0000000254590010184685411332
00.0000000254590010184685411332
00.0000000254590010184685411332
00.0000000254590010184685411332
00.0000000254590010184685411332
00.0000000254590010184685411332
00.0000000254590010184685411332
00.0000000254590010184685411332
00.0000000254590010184685411332
00.0000000254590010184685411332
00.0000000254590010184685411332
00.0000000254590010184685411332
00.0000000254590010184685411332
00.0000000254590010184685411332
00.0000000254590010184685411332
00.0000000254590010184685411332
00.0000000254590010184685411332
00.0000000254590010184685411332
00.0000000254590010184685411332
00.0000000254590010184685411332
00.0000000254590010184685411332
00.0000000254590010184685411332
00.0000000254590010184685411332
00.0000000254590010184685411332
00.0000000254590010184685411332
00.0000000254590010184685411332
00.0000000254590010184685411332
00.0000000254590010184685411332
00.0000000254590010184685411332
00.0000000254590010184685411332
00.0000000254590010184685411332
00.0000000254590010184685411332
00.0000000254590010184685411332
00.0000000254590010184685411332
00.0000000254590010184685411332
00.0000000254590010184685411332
00.0000000254590010184685411332
00.0000000254590010184685411332
00.0000000254590010184685411332
00.0000000254590010184685411332
00.0000000254590010184685411332
00.0000000254590010184685411332
00.0000000254590010184685411332
00.0000000254590010184685411332
00.0000000254590010184685411332
00.0000000254590010184685411332
00.0000000254590010184685411332
00.0000000254590010184685411332
00.0000000254590010184685411332
00.0000000254590010184685411332
00.0000000254590010184685411332
00.0000000254590010184685411332
00.0000000254590010184685411332
00.0000000254590010184685411332
00.0000000254590010184685411332
00.0000000254590010184685411332
00.0000000254590010184685411332
00.0000000254590010184685411332
00.0000000254590010184685411332
00.0000000254590010184685411332
00.0000000254590010184685411332
00.0000000254590010184685411332
00.0000000254590010184685411332
00.0000000254590010184685411332
00.0000000254590010184685411332
00.0000000254590010184685411332
00.0000000254590010184685411332
00.0000000254590010184685411332
00.0000000254590010184685411332
00.0000000254590010184685411332
00.0000000254590010184685411332
00.0000000254590010184685411332
00.0000000254590010184685411332
00.0000000254590010184685411332
00.0000000254590010184685411332
00.0000000254590010184685411332
00.0000000254590010184685411332
00.0000000254590010184685411332
00.0000000254590010184685411332
00.0000000254590010184685411332
00.0000000254590010184685411332
00.0000000254590010184685411332
00.0000000254590010184685411332
00.0000000254590010184685411332
00.0000000254590010184685411332
00.0000000254590010184685411332
00.0000000254590010184685411332
00.0000000254590010184685411332
00.0000000254590010184685411332
00.0000000254590010184685411332
00.0000000254590010184685411332
00.0000000254590010184685411332
00.0000000254590010184685411332
00.0000000254590010184685411332
00.0000000254590010184685411332
00.0000000254590010184685411332
00.0000000254590010184685411332
00.0000000254590010184685411332
00.0000000254590010184685411332
00.0000000254590010184685411332
00.0000000254590010184685411332
00.0000000254590010184685411332
00.0000000254590010184685411332
00.0000000254590010184685411332
00.0000000254590010184685411332
00.0000000254590010184685411332
00.0000000254590010184685411332
00.0000000254590010184685411332
00.0000000254590010184685411332
00.0000000254590010184685411332
00.0000000254590010184685411332
00.0000000254590010184685411332
00.0000000254590010184685411332
00.0000000254590010184685411332
00.0000000254590010184685411332
00.0000000254590010184685411332
00.0000000254590010184685411332
00.0000000254590010184685411332
00.0000000254590010184685411332
00.0000000254590010184685411332
00.0000000254590010184685411332
00.0000000254590010184685411332
00.0000000254590010184685411332
00.0000000254590010184685411332
00.0000000254590010184685411332
00.0000000254590010184685411332
00.0000000254590010184685411332
00.0000000254590010184685411332
00.0000000254590010184685411332
00.0000000254590010184685411332
00.0000000254590010184685411332
00.0000000254590010184685411332
00.0000000254590010184685411332
00.0000000254590010184685411332
00.0000000254590010184685411332
00.0000000254590010184685411332
00.0000000254590010184685411332
00.0000000254590010184685411332
00.0000000254590010184685411332
00.0000000254590010184685411332
00.0000000254590010184685411332
00.0000000254590010184685411332
00.0000000254590010184685411332
00.0000000254590010184685411332
00.0000000254590010184685411332
00.0000000254590010184685411332
00.0000000254590010184685411332
00.0000000254590010184685411332
00.0000000254590010184685411332
00.0000000254590010184685411332
00.0000000254590010184685411332
00.0000000254590010184685411332
00.0000000254590010184685411332
00.0000000254590010184685411332
00.0000000254590010184685411332
00.0000000254590010184685411332
00.0000000254590010184685411332
00.0000000254590010184685411332
00.0000000254590010184685411332
00.0000000254590010184685411332
00.0000000254590010184685411332
00.0000000254590010184685411332
00.0000000254590010184685411332
00.0000000254590010184685411332
00.0000000254590010184685411332
00.0000000254590010184685411332
00.0000000254590010184685411332
00.0000000254590010184685411332
00.0000000254590010184685411332
00.0000000254590010184685411332
00.0000000254590010184685411332
00.0000000254590010184685411332
00.0000000254590010184685411332
00.0000000254590010184685411332
00.0000000254590010184685411332
00.0000000254590010184685411332
00.0000000254590010184685411332
00.0000000254590010184685411332
00.0000000254590010184685411332
00.0000000254590010184685411332
00.0000000254590010184685411332
00.0000000254590010184685411332
00.0000000254590010184685411332
00.0000000254590010184685411332
00.0000000254590010184685411332
00.0000000254590010184685411332
00.0000000254590010184685411332
00.0000000254590010184685411332
00.0000000254590010184685411332
00.0000000254590010184685411332
00.0000000254590010184685411332
00.0000000254590010184685411332
00.0000000254590010184685411332
00.0000000254590010184685411332
00.0000000254590010184685411332
00.0000000254590010184685411332
00.0000000254590010184685411332
00.0000000254590010184685411332
00.0000000254590010184685411332
00.0000000254590010184685411332
00.0000000254590010184685411332
00.0000000254590010184685411332
00.0000000254590010184685411332
00.0000000254590010184685411332
00.0000000254590010184685411332
00.0000000254590010184685411332
00.0000000254590010184685411332
00.0000000254590010184685411332
00.0000000254590010184685411332
00.0000000254590010184685411332
00.0000000254590010184685411332
00.0000000254590010184685411332
00.0000000254590010184685411332
00.0000000254590010184685411332
00.0000000254590010184685411332
00.0000000254590010184685411332
00.0000000254590010184685411332
00.0000000254590010184685411332
00.0000000254590010184685411332
00.0000000254590010184685411332
00.0000000254590010184685411332
00.0000000254590010184685411332
00.0000000254590010184685411332
00.0000000254590010184685411332
00.0000000254590010184685411332
00.0000000254590010184685411332
00.0000000254590010184685411332
00.0000000254590010184685411332
00.0000000254590010184685411332
00.0000000254590010184685411332
00.0000000254590010184685411332
00.0000000254590010184685411332
00.0000000254590010184685411332
00.0000000254590010184685411332
00.0000000254590010184685411332
00.0000000254590010184685411332
00.0000000254590010184685411332
00.0000000254590010184685411332
00.0000000254590010184685411332
00.0000000254590010184685411332
00.0000000254590010184685411332
00.0000000254590010184685411332
00.0000000254590010184685411332
00.0000000254590010184685411332
00.0000000254590010184685411332
00.0000000254590010184685411332
00.0000000254590010184685411332
00.0000000254590010184685411332
00.0000000254590010184685411332
00.0000000254590010184685411332
00.0000000254590010184685411332
00.0000000254590010184685411332
00.0000000254590010184685411332
00.0000000254590010184685411332
00.0000000254590010184685411332
00.0000000254590010184685411332
00.0000000254590010184685411332
00.0000000254590010184685411332
00.0000000254590010184685411332
00.0000000254590010184685411332
00.0000000254590010184685411332
00.0000000254590010184685411332
00.0000000254590010184685411332
00.0000000254590010184685411332
00.0000000254590010184685411332
00.0000000254590010184685411332
00.0000000254590010184685411332
00.0000000254590010184685411332
00.0000000254590010184685411332
00.0000000254590010184685411332
00.0000000254590010184685411332
00.0000000254590010184685411332
00.0000000254590010184685411332
00.0000000254590010184685411332
00.0000000254590010184685411332
00.0000000254590010184685411332
00.0000000254590010184685411332
00.0000000254590010184685411332
00.0000000254590010184685411332
00.0000000254590010184685411332
00.0000000254590010184685411332
00.0000000254590010184685411332
00.0000000254590010184685411332
00.0000000254590010184685411332
00.0000000254590010184685411332
00.0000000254590010184685411332
00.0000000254590010184685411332
00.0000000254590010184685411332
00.0000000254590010184685411332
00.0000000254590010184685411332
00.0000000254590010184685411332
00.0000000254590010184685411332
00.0000000254590010184685411332
00.0000000254590010184685411332
00.0000000254590010184685411332
00.0000000254590010184685411332
00.0000000254590010184685411332
00.0000000254590010184685411332
00.0000000254590010184685411332
00.0000000254590010184685411332
00.0000000254590010184685411332
00.0000000254590010184685411332
00.0000000254590010184685411332
00.0000000254590010184685411332
00.0000000254590010184685411332
00.0000000254590010184685411332
00.0000000254590010184685411332
00.0000000254590010184685411332
00.0000000254590010184685411332
00.0000000254590010184685411332
00.0000000254590010184685411332
00.0000000254590010184685411332
00.0000000254590010184685411332
00.0000000254590010184685411332
00.0000000254590010184685411332
00.0000000254590010184685411332
00.0000000254590010184685411332
00.0000000254590010184685411332
00.0000000254590010184685411332
00.0000000254590010184685411332
00.0000000254590010184685411332
00.0000000254590010184685411332
00.0000000254590010184685411332
00.0000000254590010184685411332
00.0000000254590010184685411332
00.0000000254590010184685411332
00.0000000254590010184685411332
00.0000000254590010184685411332
00.0000000254590010184685411332
00.0000000254590010184685411332
00.0000000254590010184685411332
00.0000000254590010184685411332
00.0000000254590010184685411332
00.0000000254590010184685411332
00.0000000254590010184685411332
00.0000000254590010184685411332
00.0000000254590010184685411332
00.0000000254590010184685411332
00.0000000254590010184685411332
00.0000000254590010184685411332
00.0000000254590010184685411332
00.0000000254590010184685411332
00.0000000254590010184685411332
00.0000000254590010184685411332
00.0000000254590010184685411332
00.0000000254590010184685411332
00.0000000254590010184685411332
00.0000000254590010184685411332
00.0000000254590010184685411332
00.0000000254590010184685411332
00.0000000254590010184685411332
00.0000000254590010184685411332
00.0000000254590010184685411332
00.0000000254590010184685411332
00.0000000254590010184685411332
00.0000000254590010184685411332
00.0000000254590010184685411332
00.0000000254590010184685411332
00.0000000254590010184685411332
00.0000000254590010184685411332
00.0000000254590010184685411332
00.0000000254590010184685411332
00.0000000254590010184685411332
00.0000000254590010184685411332
00.0000000254590010184685411332
00.0000000254590010184685411332
00.0000000254590010184685411332
00.0000000254590010184685411332
00.0000000254590010184685411332
00.0000000254590010184685411332
00.0000000254590010184685411332
00.0000000254590010184685411332
00.0000000254590010184685411332
00.0000000254590010184685411332
00.0000000254590010184685411332
00.0000000254590010184685411332
00.0000000254590010184685411332
00.0000000254590010184685411332
00.0000000254590010184685411332
00.0000000254590010184685411332
00.0000000254590010184685411332
00.0000000254590010184685411332
00.0000000254590010184685411332
00.0000000254590010184685411332
00.0000000254590010184685411332
00.0000000254590010184685411332
00.0000000254590010184685411332
00.0000000254590010184685411332
00.0000000254590010184685411332
00.0000000254590010184685411332
00.0000000254590010184685411332
00.0000000254590010184685411332
00.0000000254590010184685411332
00.0000000254590010184685411332
00.0000000254590010184685411332
00.0000000254590010184685411332
00.0000000254590010184685411332
00.0000000254590010184685411332
00.0000000254590010184685411332
00.0000000254590010184685411332
00.0000000254590010184685411332
00.0000000254590010184685411332
00.0000000254590010184685411332
00.0000000254590010184685411332
00.0000000254590010184685411332
00.0000000254590010184685411332
00.0000000254590010184685411332
00.0000000254590010184685411332
00.0000000254590010184685411332
00.0000000254590010184685411332
00.0000000254590010184685411332
00.0000000254590010184685411332
00.0000000254590010184685411332
00.0000000254590010184685411332
00.0000000254590010184685411332
00.0000000254590010184685411332
00.0000000254590010184685411332
00.0000000254590010184685411332
00.0000000254590010184685411332
00.0000000254590010184685411332
00.0000000254590010184685411332
00.0000000254590010184685411332
00.0000000254590010184685411332
00.0000000254590010184685411332
00.0000000254590010184685411332
00.0000000254590010184685411332
00.0000000254590010184685411332
00.0000000254590010184685411332
00.0000000254590010184685411332
00.0000000254590010184685411332
00.0000000254590010184685411332
00.0000000254590010184685411332
00.0000000254590010184685411332
00.0000000254590010184685411332
00.0000000254590010184685411332
00.0000000254590010184685411332
00.0000000254590010184685411332
00.0000000254590010184685411332
00.0000000254590010184685411332
00.0000000254590010184685411332
00.0000000254590010184685411332
00.0000000254590010184685411332
00.0000000254590010184685411332
00.0000000254590010184685411332
00.0000000254590010184685411332
00.0000000254590010184685411332
00.0000000254590010184685411332
00.0000000254590010184685411332
00.0000000254590010184685411332
00.0000000254590010184685411332
00.0000000254590010184685411332
00.0000000254590010184685411332
00.0000000254590010184685411332
00.0000000254590010184685411332
00.0000000254590010184685411332
00.0000000254590010184685411332
00.0000000254590010184685411332
00.0000000254590010184685411332
00.0000000254590010184685411332
00.0000000254590010184685411332
00.0000000254590010184685411332
00.0000000254590010184685411332
00.0000000254590010184685411332
00.0000000254590010184685411332
00.0000000254590010184685411332
00.0000000254590010184685411332
00.0000000254590010184685411332
00.0000000254590010184685411332
00.0000000254590010184685411332
00.0000000254590010184685411332
00.0000000254590010184685411332
00.0000000254590010184685411332
00.0000000254590010184685411332
00.0000000254590010184685411332
00.0000000254590010184685411332
00.0000000254590010184685411332
00.0000000254590010184685411332
00.0000000254590010184685411332
00.0000000254590010184685411332
00.0000000254590010184685411332
00.0000000254590010184685411332
00.0000000254590010184685411332
00.0000000254590010184685411332
00.0000000254590010184685411332
00.0000000254590010184685411332
00.0000000254590010184685411332
00.0000000254590010184685411332
00.0000000254590010184685411332
00.0000000254590010184685411332
00.0000000254590010184685411332
00.0000000254590010184685411332
00.0000000254590010184685411332
00.0000000254590010184685411332
00.0000000254590010184685411332
00.0000000254590010184685411332
00.0000000254590010184685411332
00.0000000254590010184685411332
00.0000000254590010184685411332
00.0000000254590010184685411332
00.0000000254590010184685411332
00.0000000254590010184685411332
00.0000000254590010184685411332
00.0000000254590010184685411332
00.0000000254590010184685411332
00.0000000254590010184685411332
00.0000000254590010184685411332
00.0000000254590010184685411332
00.0000000254590010184685411332
00.0000000254590010184685411332
00.0000000254590010184685411332
00.0000000254590010184685411332
00.0000000254590010184685411332
00.0000000254590010184685411332
00.0000000254590010184685411332
00.0000000254590010184685411332
00.0000000254590010184685411332
00.0000000254590010184685411332
00.0000000254590010184685411332
00.0000000254590010184685411332
00.0000000254590010184685411332
00.0000000254590010184685411332
00.0000000254590010184685411332
00.0000000254590010184685411332
00.0000000254590010184685411332
00.0000000254590010184685411332
00.0000000254590010184685411332
00.0000000254590010184685411332
00.0000000254590010184685411332
00.0000000254590010184685411332
00.0000000254590010184685411332
00.0000000254590010184685411332
00.0000000254590010184685411332
00.0000000254590010184685411332
00.0000000254590010184685411332
00.0000000254590010184685411332
00.0000000254590010184685411332
00.0000000254590010184685411332
00.0000000254590010184685411332
00.0000000254590010184685411332
00.0000000254590010184685411332
00.0000000254590010184685411332
00.0000000254590010184685411332
00.0000000254590010184685411332
00.0000000254590010184685411332
00.0000000254590010184685411332
00.0000000254590010184685411332
00.0000000254590010184685411332
00.0000000254590010184685411332
00.0000000254590010184685411332
00.0000000254590010184685411332
00.0000000254590010184685411332
00.0000000254590010184685411332
00.0000000254590010184685411332
00.0000000254590010184685411332
00.0000000254590010184685411332
00.0000000254590010184685411332
00.0000000254590010184685411332
00.0000000254590010184685411332
00.0000000254590010184685411332
00.0000000254590010184685411332
00.0000000254590010184685411332
00.0000000254590010184685411332
00.0000000254590010184685411332
00.0000000254590010184685411332
00.0000000254590010184685411332
00.0000000254590010184685411332
00.0000000254590010184685411332
00.0000000254590010184685411332
00.0000000254590010184685411332
00.0000000254590010184685411332
00.0000000254590010184685411332
00.0000000254590010184685411332
00.0000000254590010184685411332
00.0000000254590010184685411332
00.0000000254590010184685411332
00.0000000254590010184685411332
00.0000000254590010184685411332
00.0000000254590010184685411332
00.0000000254590010184685411332
00.0000000254590010184685411332
00.0000000254590010184685411332
00.0000000254590010184685411332
00.0000000254590010184685411332
00.0000000254590010184685411332
00.0000000254590010184685411332
00.0000000254590010184685411332
00.0000000254590010184685411332
00.0000000254590010184685411332
00.0000000254590010184685411332
00.0000000254590010184685411332
00.0000000254590010184685411332
00.0000000254590010184685411332
00.0000000254590010184685411332
00.0000000254590010184685411332
00.0000000254590010184685411332
00.0000000254590010184685411332
00.0000000254590010184685411332
00.0000000254590010184685411332
00.0000000254590010184685411332
00.0000000254590010184685411332
00.0000000254590010184685411332
00.0000000254590010184685411332
00.0000000254590010184685411332
00.0000000254590010184685411332
00.0000000254590010184685411332
00.0000000254590010184685411332
00.0000000254590010184685411332
00.0000000254590010184685411332
00.0000000254590010184685411332
00.0000000254590010184685411332
00.0000000254590010184685411332
00.0000000254590010184685411332
00.0000000254590010184685411332
00.0000000254590010184685411332
00.0000000254590010184685411332
00.0000000254590010184685411332
00.0000000254590010184685411332
00.0000000254590010184685411332
00.0000000254590010184685411332
00.0000000254590010184685411332
00.0000000254590010184685411332
00.0000000254590010184685411332
00.0000000254590010184685411332
00.0000000254590010184685411332
00.0000000254590010184685411332
00.0000000254590010184685411332
00.0000000254590010184685411332
00.0000000254590010184685411332
00.0000000254590010184685411332
00.0000000254590010184685411332
00.0000000254590010184685411332
00.0000000254590010184685411332
00.0000000254590010184685411332
00.0000000254590010184685411332
00.0000000254590010184685411332
00.0000000254590010184685411332
00.0000000254590010184685411332
00.0000000254590010184685411332
00.0000000254590010184685411332
00.0000000254590010184685411332
00.0000000254590010184685411332
00.0000000254590010184685411332
00.0000000254590010184685411332
00.0000000254590010184685411332
00.0000000254590010184685411332
00.0000000254590010184685411332
00.0000000254590010184685411332
00.0000000254590010184685411332
00.0000000254590010184685411332
00.0000000254590010184685411332
00.0000000254590010184685411332
00.0000000254590010184685411332
00.0000000254590010184685411332
00.0000000254590010184685411332
00.0000000254590010184685411332
00.0000000254590010184685411332
00.0000000254590010184685411332
00.0000000254590010184685411332
00.0000000254590010184685411332
00.0000000254590010184685411332
00.0000000254590010184685411332
00.0000000254590010184685411332
00.0000000254590010184685411332
00.0000000254590010184685411332
00.0000000254590010184685411332
00.0000000254590010184685411332
00.0000000254590010184685411332
00.0000000254590010184685411332
00.0000000254590010184685411332
00.0000000254590010184685411332
00.0000000254590010184685411332
00.0000000254590010184685411332
00.0000000254590010184685411332
00.0000000254590010184685411332
00.0000000254590010184685411332
00.0000000254590010184685411332
00.0000000254590010184685411332
00.0000000254590010184685411332
00.0000000254590010184685411332
00.0000000254590010184685411332
00.0000000254590010184685411332
00.0000000254590010184685411332
00.0000000254590010184685411332
00.0000000254590010184685411332
00.0000000254590010184685411332
00.0000000254590010184685411332
00.0000000254590010184685411332
00.0000000254590010184685411332
00.0000000254590010184685411332
00.0000000254590010184685411332
00.0000000254590010184685411332
00.0000000254590010184685411332
00.0000000254590010184685411332
00.0000000254590010184685411332
00.0000000254590010184685411332
00.0000000254590010184685411332
00.0000000254590010184685411332
00.0000000254590010184685411332
00.0000000254590010184685411332
00.0000000254590010184685411332
00.0000000254590010184685411332
00.0000000254590010184685411332
00.0000000254590010184685411332
00.0000000254590010184685411332
00.0000000254590010184685411332
00.0000000254590010184685411332
00.0000000254590010184685411332
00.0000000284210028844711359852
00.0000000284210028844711359852
00.0000000284210028844711359852
00.0000000284210028844711359852
00.0000000284210028844711359852
00.0000000284210028844711359852
00.0000000284210028844711359852
00.0000000284210028844711359852
00.0000000284210028844711359852
00.0000000284210028844711359852
00.0000000284210028844711359852
00.0000000284210028844711359852
00.0000000284210028844711359852
00.0000000284210028844711359852
00.0000000284210028844711359852
00.0000000284210028844711359852
00.0000000284210028844711359852
00.0000000284210028844711359852
00.0000000284210028844711359852
00.0000000284210028844711359852
00.0000000284210028844711359852
00.0000000284210028844711359852
00.0000000284210028844711359852
00.0000000284210028844711359852
00.0000000284210028844711359852
00.0000000284210028844711359852
00.0000000284210028844711359852
00.0000000284210028844711359852
00.0000000284210028844711359852
00.0000000284210028844711359852
00.0000000284210028844711359852
00.0000000284210028844711359852
00.0000000284210028844711359852
00.0000000284210028844711359852
00.0000000284210028844711359852
00.0000000284210028844711359852
00.0000000284210028844711359852
00.0000000284210028844711359852
00.0000000284210028844711359852
00.0000000284210028844711359852
00.0000000284210028844711359852
00.0000000284210028844711359852
00.0000000284210028844711359852
00.0000000284210028844711359852
00.0000000284210028844711359852
00.0000000284210028844711359852
00.0000000284210028844711359852
00.0000000284210028844711359852
00.0000000284210028844711359852
00.0000000284210028844711359852
00.0000000284210028844711359852
00.0000000284210028844711359852
00.0000000284210028844711359852
00.0000000284210028844711359852
00.0000000284210028844711359852
00.0000000284210028844711359852
00.0000000284210028844711359852
00.0000000284210028844711359852
00.0000000284210028844711359852
00.0000000284210028844711359852
00.0000000284210028844711359852
00.0000000284210028844711359852
00.0000000284210028844711359852
00.0000000284210028844711359852
00.0000000284210028844711359852
00.0000000284210028844711359852
00.0000000284210028844711359852
00.0000000284210028844711359852
00.0000000284210028844711359852
00.0000000284210028844711359852
00.0000000284210028844711359852
00.0000000284210028844711359852
00.0000000284210028844711359852
00.0000000284210028844711359852
00.0000000284210028844711359852
00.0000000284210028844711359852
00.0000000284210028844711359852
00.0000000284210028844711359852
00.0000000284210028844711359852
00.0000000284210028844711359852
00.0000000284210028844711359852
00.0000000284210028844711359852
00.0000000284210028844711359852
00.0000000284210028844711359852
00.0000000284210028844711359852
00.0000000284210028844711359852
00.0000000284210028844711359852
00.0000000284210028844711359852
00.0000000284210028844711359852
00.0000000284210028844711359852
00.0000000284210028844711359852
00.0000000284210028844711359852
00.0000000284210028844711359852
00.0000000284210028844711359852
00.0000000284210028844711359852
00.0000000284210028844711359852
00.0000000284210028844711359852
00.0000000284210028844711359852
00.0000000284210028844711359852
00.0000000284210028844711359852
00.0000000284210028844711359852
00.0000000284210028844711359852
00.0000000284210028844711359852
00.0000000284210028844711359852
00.0000000284210028844711359852
00.0000000284210028844711359852
00.0000000284210028844711359852
00.0000000284210028844711359852
00.0000000284210028844711359852
00.0000000284210028844711359852
00.0000000284210028844711359852
00.0000000284210028844711359852
00.0000000284210028844711359852
00.0000000284210028844711359852
00.0000000284210028844711359852
00.0000000284210028844711359852
00.0000000284210028844711359852
00.0000000284210028844711359852
00.0000000284210028844711359852
00.0000000284210028844711359852
00.0000000284210028844711359852
00.0000000284210028844711359852
00.0000000284210028844711359852
00.0000000284210028844711359852
00.0000000284210028844711359852
00.0000000284210028844711359852
00.0000000284210028844711359852
00.0000000284210028844711359852
00.0000000284210028844711359852
00.0000000284210028844711359852
00.0000000284210028844711359852
00.0000000284210028844711359852
00.0000000284210028844711359852
00.0000000284210028844711359852
00.0000000284210028844711359852
00.0000000284210028844711359852
00.0000000284210028844711359852
00.0000000284210028844711359852
00.0000000284210028844711359852
00.0000000284210028844711359852
00.0000000284210028844711359852
00.0000000284210028844711359852
00.0000000284210028844711359852
00.0000000284210028844711359852
00.0000000284210028844711359852
00.0000000284210028844711359852
00.0000000284210028844711359852
00.0000000284210028844711359852
00.0000000284210028844711359852
00.0000000284210028844711359852
00.0000000284210028844711359852
00.0000000284210028844711359852
00.0000000284210028844711359852
00.0000000284210028844711359852
00.0000000284210028844711359852
00.0000000284210028844711359852
00.0000000284210028844711359852
00.0000000284210028844711359852
00.0000000284210028844711359852
00.0000000284210028844711359852
00.0000000284210028844711359852
00.0000000284210028844711359852
00.0000000284210028844711359852
00.0000000284210028844711359852
00.0000000284210028844711359852
00.0000000284210028844711359852
00.0000000284210028844711359852
00.0000000284210028844711359852
00.0000000284210028844711359852
00.0000000284210028844711359852
00.0000000284210028844711359852
00.0000000284210028844711359852
00.0000000284210028844711359852
00.0000000284210028844711359852
00.0000000284210028844711359852
00.0000000284210028844711359852
00.0000000284210028844711359852
00.0000000284210028844711359852
00.0000000284210028844711359852
00.0000000284210028844711359852
00.0000000284210028844711359852
00.0000000284210028844711359852
00.0000000284210028844711359852
00.0000000284210028844711359852
00.0000000284210028844711359852
00.0000000284210028844711359852
00.0000000284210028844711359852
00.0000000284210028844711359852
00.0000000284210028844711359852
00.0000000284210028844711359852
00.0000000284210028844711359852
00.0000000284210028844711359852
00.0000000284210028844711359852
00.0000000284210028844711359852
00.0000000284210028844711359852
00.0000000284210028844711359852
00.0000000284210028844711359852
00.0000000284210028844711359852
00.0000000284210028844711359852
00.0000000284210028844711359852
00.0000000284210028844711359852
00.0000000284210028844711359852
00.0000000284210028844711359852
00.0000000284210028844711359852
00.0000000284210028844711359852
00.0000000284210028844711359852
00.0000000284210028844711359852
00.0000000284210028844711359852
00.0000000284210028844711359852
00.0000000284210028844711359852
00.0000000284210028844711359852
00.0000000284210028844711359852
00.0000000284210028844711359852
00.0000000284210028844711359852
00.0000000284210028844711359852
00.0000000284210028844711359852
00.0000000284210028844711359852
00.0000000284210028844711359852
00.0000000284210028844711359852
00.0000000284210028844711359852
00.0000000284210028844711359852
00.0000000284210028844711359852
00.0000000284210028844711359852
00.0000000284210028844711359852
00.0000000284210028844711359852
00.0000000284210028844711359852
00.0000000284210028844711359852
00.0000000284210028844711359852
00.0000000284210028844711359852
00.0000000284210028844711359852
00.0000000284210028844711359852
00.0000000284210028844711359852
00.0000000284210028844711359852
00.0000000284210028844711359852
00.0000000284210028844711359852
00.0000000284210028844711359852
00.0000000284210028844711359852
00.0000000284210028844711359852
00.0000000284210028844711359852
00.0000000284210028844711359852
00.0000000284210028844711359852
00.0000000284210028844711359852
00.0000000284210028844711359852
00.0000000284210028844711359852
00.0000000284210028844711359852
00.0000000284210028844711359852
00.0000000284210028844711359852
00.0000000284210028844711359852
00.0000000284210028844711359852
00.0000000284210028844711359852
00.0000000284210028844711359852
00.0000000284210028844711359852
00.0000000284210028844711359852
00.0000000284210028844711359852
00.0000000284210028844711359852
00.0000000284210028844711359852
00.0000000284210028844711359852
00.0000000284210028844711359852
00.0000000284210028844711359852
00.0000000284210028844711359852
00.0000000284210028844711359852
00.0000000284210028844711359852
00.0000000284210028844711359852
00.0000000284210028844711359852
00.0000000284210028844711359852
00.0000000284210028844711359852
00.0000000284210028844711359852
00.0000000284210028844711359852
00.0000000284210028844711359852
00.0000000284210028844711359852
00.0000000284210028844711359852
00.0000000284210028844711359852
00.0000000284210028844711359852
00.0000000284210028844711359852
00.0000000284210028844711359852
00.0000000284210028844711359852
00.0000000284210028844711359852
00.0000000284210028844711359852
00.0000000284210028844711359852
00.0000000284210028844711359852
00.0000000284210028844711359852
00.0000000284210028844711359852
00.0000000284210028844711359852
00.0000000284210028844711359852
00.0000000284210028844711359852
00.0000000284210028844711359852
00.0000000284210028844711359852
00.0000000284210028844711359852
00.0000000284210028844711359852
00.0000000284210028844711359852
00.0000000284210028844711359852
00.0000000284210028844711359852
00.0000000284210028844711359852
00.0000000284210028844711359852
00.0000000284210028844711359852
00.0000000284210028844711359852
00.0000000284210028844711359852
00.0000000284210028844711359852
00.0000000284210028844711359852
00.0000000284210028844711359852
00.0000000284210028844711359852
00.0000000284210028844711359852
00.0000000284210028844711359852
00.0000000284210028844711359852
00.0000000284210028844711359852
00.0000000284210028844711359852
00.0000000284210028844711359852
00.0000000284210028844711359852
00.0000000284210028844711359852
00.0000000284210028844711359852
00.0000000284210028844711359852
00.0000000284210028844711359852
00.0000000284210028844711359852
00.0000000284210028844711359852
00.0000000284210028844711359852
00.0000000284210028844711359852
00.0000000284210028844711359852
00.0000000284210028844711359852
00.0000000284210028844711359852
00.0000000284210028844711359852
00.0000000284210028844711359852
00.0000000284210028844711359852
00.0000000284210028844711359852
00.0000000284210028844711359852
00.0000000284210028844711359852
00.0000000284210028844711359852
00.0000000284210028844711359852
00.0000000284210028844711359852
00.0000000284210028844711359852
00.0000000284210028844711359852
00.0000000284210028844711359852
00.0000000284210028844711359852
00.0000000284210028844711359852
00.0000000284210028844711359852
00.0000000284210028844711359852
00.0000000284210028844711359852
00.0000000284210028844711359852
00.0000000284210028844711359852
00.0000000284210028844711359852
00.0000000284210028844711359852
00.0000000284210028844711359852
00.0000000284210028844711359852
00.0000000284210028844711359852
00.0000000284210028844711359852
00.0000000284210028844711359852
00.0000000284210028844711359852
00.0000000284210028844711359852
00.0000000284210028844711359852
00.0000000284210028844711359852
00.0000000284210028844711359852
00.0000000284210028844711359852
00.0000000284210028844711359852
00.0000000284210028844711359852
00.0000000284210028844711359852
00.0000000284210028844711359852
00.0000000284210028844711359852
00.0000000284210028844711359852
00.0000000284210028844711359852
00.0000000284210028844711359852
00.0000000284210028844711359852
00.0000000284210028844711359852
00.0000000284210028844711359852
00.0000000284210028844711359852
00.0000000284210028844711359852
00.0000000284210028844711359852
00.0000000284210028844711359852
00.0000000284210028844711359852
00.0000000284210028844711359852
00.0000000284210028844711359852
00.0000000284210028844711359852
00.0000000284210028844711359852
00.0000000284210028844711359852
00.0000000284210028844711359852
00.0000000284210028844711359852
00.0000000284210028844711359852
00.0000000284210028844711359852
00.0000000284210028844711359852
00.0000000284210028844711359852
00.0000000284210028844711359852
00.0000000284210028844711359852
00.0000000284210028844711359852
00.0000000284210028844711359852
00.0000000284210028844711359852
00.0000000284210028844711359852
00.0000000284210028844711359852
00.0000000284210028844711359852
00.0000000284210028844711359852
00.0000000284210028844711359852
00.0000000284210028844711359852
00.0000000284210028844711359852
00.0000000284210028844711359852
00.0000000284210028844711359852
00.0000000284210028844711359852
00.0000000284210028844711359852
00.0000000284210028844711359852
00.0000000284210028844711359852
00.0000000284210028844711359852
00.0000000284210028844711359852
00.0000000284210028844711359852
00.0000000284210028844711359852
00.0000000284210028844711359852
00.0000000284210028844711359852
00.0000000284210028844711359852
00.0000000284210028844711359852
00.0000000284210028844711359852
00.0000000284210028844711359852
00.0000000284210028844711359852
00.0000000284210028844711359852
00.0000000284210028844711359852
00.0000000284210028844711359852
00.0000000284210028844711359852
00.0000000284210028844711359852
00.0000000284210028844711359852
00.0000000284210028844711359852
00.0000000284210028844711359852
00.0000000284210028844711359852
00.0000000284210028844711359852
00.0000000284210028844711359852
00.0000000284210028844711359852
00.0000000284210028844711359852
00.0000000284210028844711359852
00.0000000284210028844711359852
00.0000000284210028844711359852
00.0000000284210028844711359852
00.0000000284210028844711359852
00.0000000284210028844711359852
00.0000000284210028844711359852
00.0000000284210028844711359852
00.0000000284210028844711359852
00.0000000284210028844711359852
00.0000000284210028844711359852
00.0000000284210028844711359852
00.0000000284210028844711359852
00.0000000284210028844711359852
00.0000000284210028844711359852
00.0000000284210028844711359852
00.0000000284210028844711359852
00.0000000284210028844711359852
00.0000000284210028844711359852
00.0000000284210028844711359852
00.0000000284210028844711359852
00.0000000284210028844711359852
00.0000000284210028844711359852
00.0000000284210028844711359852
00.0000000284210028844711359852
00.0000000284210028844711359852
00.0000000284210028844711359852
00.0000000284210028844711359852
00.0000000284210028844711359852
00.0000000284210028844711359852
00.0000000284210028844711359852
00.0000000284210028844711359852
00.0000000284210028844711359852
00.0000000284210028844711359852
00.0000000284210028844711359852
00.0000000284210028844711359852
00.0000000284210028844711359852
00.0000000284210028844711359852
00.0000000284210028844711359852
00.0000000284210028844711359852
00.0000000284210028844711359852
00.0000000284210028844711359852
00.0000000284210028844711359852
00.0000000284210028844711359852
00.0000000284210028844711359852
00.0000000284210028844711359852
00.0000000284210028844711359852
00.0000000284210028844711359852
00.0000000284210028844711359852
00.0000000284210028844711359852
00.0000000284210028844711359852
00.0000000284210028844711359852
00.0000000284210028844711359852
00.0000000284210028844711359852
00.0000000284210028844711359852
00.0000000284210028844711359852
00.0000000284210028844711359852
00.0000000284210028844711359852
00.0000000284210028844711359852
00.0000000284210028844711359852
00.0000000284210028844711359852
00.0000000284210028844711359852
00.0000000284210028844711359852
00.0000000284210028844711359852
00.0000000284210028844711359852
00.0000000284210028844711359852
00.0000000284210028844711359852
00.0000000284210028844711359852
00.0000000284210028844711359852
00.0000000284210028844711359852
00.0000000284210028844711359852
00.0000000284210028844711359852
00.0000000284210028844711359852
00.0000000284210028844711359852
00.0000000284210028844711359852
00.0000000284210028844711359852
00.0000000284210028844711359852
00.0000000284210028844711359852
00.0000000284210028844711359852
00.0000000284210028844711359852
00.0000000284210028844711359852
00.0000000284210028844711359852
00.0000000284210028844711359852
00.0000000284210028844711359852
00.0000000284210028844711359852
00.0000000284210028844711359852
00.0000000284210028844711359852
00.0000000284210028844711359852
00.0000000284210028844711359852
00.0000000284210028844711359852
00.0000000284210028844711359852
00.0000000284210028844711359852
00.0000000284210028844711359852
00.0000000284210028844711359852
00.0000000284210028844711359852
00.0000000284210028844711359852
00.0000000284210028844711359852
00.0000000284210028844711359852
00.0000000284210028844711359852
00.0000000284210028844711359852
00.0000000284210028844711359852
00.0000000284210028844711359852
00.0000000284210028844711359852
00.0000000284210028844711359852
00.0000000284210028844711359852
00.0000000284210028844711359852
00.0000000284210028844711359852
00.0000000284210028844711359852
00.0000000284210028844711359852
00.0000000284210028844711359852
00.0000000284210028844711359852
00.0000000284210028844711359852
00.0000000284210028844711359852
00.0000000284210028844711359852
00.0000000284210028844711359852
00.0000000284210028844711359852
00.0000000284210028844711359852
00.0000000284210028844711359852
00.0000000284210028844711359852
00.0000000284210028844711359852
00.0000000284210028844711359852
00.0000000284210028844711359852
00.0000000284210028844711359852
00.0000000284210028844711359852
00.0000000284210028844711359852
00.0000000284210028844711359852
00.0000000284210028844711359852
00.0000000284210028844711359852
00.0000000284210028844711359852
00.0000000284210028844711359852
00.0000000284210028844711359852
00.0000000284210028844711359852
00.0000000284210028844711359852
00.0000000284210028844711359852
00.0000000284210028844711359852
00.0000000284210028844711359852
00.0000000284210028844711359852
00.0000000284210028844711359852
00.0000000284210028844711359852
00.0000000284210028844711359852
00.0000000284210028844711359852
00.0000000284210028844711359852
00.0000000284210028844711359852
00.0000000284210028844711359852
00.0000000284210028844711359852
00.0000000284210028844711359852
00.0000000284210028844711359852
00.0000000284210028844711359852
00.0000000284210028844711359852
00.0000000284210028844711359852
00.0000000284210028844711359852
00.0000000284210028844711359852
00.0000000284210028844711359852
00.0000000284210028844711359852
00.0000000284210028844711359852
00.0000000284210028844711359852
00.0000000284210028844711359852
00.0000000284210028844711359852
00.0000000284210028844711359852
00.0000000284210028844711359852
00.0000000284210028844711359852
00.0000000284210028844711359852
00.0000000284210028844711359852
00.0000000284210028844711359852
00.0000000284210028844711359852
00.0000000284210028844711359852
00.0000000284210028844711359852
00.0000000284210028844711359852
00.0000000284210028844711359852
00.0000000284210028844711359852
00.0000000284210028844711359852
00.0000000284210028844711359852
00.0000000284210028844711359852
00.0000000284210028844711359852
00.0000000284210028844711359852
00.0000000284210028844711359852
00.0000000284210028844711359852
00.0000000284210028844711359852
00.0000000284210028844711359852
00.0000000284210028844711359852
00.0000000284210028844711359852
00.0000000284210028844711359852
00.0000000284210028844711359852
00.0000000284210028844711359852
00.0000000284210028844711359852
00.0000000284210028844711359852
00.0000000284210028844711359852
00.0000000284210028844711359852
00.0000000284210028844711359852
00.0000000284210028844711359852
00.0000000284210028844711359852
00.0000000284210028844711359852
00.0000000284210028844711359852
00.0000000284210028844711359852
00.0000000284210028844711359852
00.0000000284210028844711359852
00.0000000284210028844711359852
00.0000000284210028844711359852
00.0000000284210028844711359852
00.0000000284210028844711359852
00.0000000284210028844711359852
00.0000000284210028844711359852
00.0000000284210028844711359852
00.0000000284210028844711359852
00.0000000284210028844711359852
00.0000000284210028844711359852
00.0000000284210028844711359852
00.0000000284210028844711359852
00.0000000284210028844711359852
00.0000000284210028844711359852
00.0000000284210028844711359852
00.0000000284210028844711359852
00.0000000284210028844711359852
00.0000000284210028844711359852
00.0000000284210028844711359852
00.0000000284210028844711359852
00.0000000284210028844711359852
00.0000000284210028844711359852
00.0000000284210028844711359852
00.0000000284210028844711359852
00.0000000284210028844711359852
00.0000000284210028844711359852
00.0000000284210028844711359852
00.0000000284210028844711359852
00.0000000284210028844711359852
00.0000000284210028844711359852
00.0000000284210028844711359852
00.0000000284210028844711359852
00.0000000284210028844711359852
00.0000000284210028844711359852
00.0000000284210028844711359852
00.0000000284210028844711359852
00.0000000284210028844711359852
00.0000000284210028844711359852
00.0000000284210028844711359852
00.0000000284210028844711359852
00.0000000284210028844711359852
00.0000000284210028844711359852
00.0000000284210028844711359852
00.0000000284210028844711359852
00.0000000284210028844711359852
00.0000000284210028844711359852
00.0000000284210028844711359852
00.0000000284210028844711359852
00.0000000284210028844711359852
00.0000000284210028844711359852
00.0000000284210028844711359852
00.0000000284210028844711359852
00.0000000284210028844711359852
00.0000000284210028844711359852
00.0000000284210028844711359852
00.0000000284210028844711359852
00.0000000284210028844711359852
00.0000000284210028844711359852
00.0000000284210028844711359852
00.0000000284210028844711359852
00.0000000284210028844711359852
00.0000000284210028844711359852
00.0000000284210028844711359852
00.0000000284210028844711359852
00.0000000284210028844711359852
00.0000000284210028844711359852
00.0000000284210028844711359852
00.0000000284210028844711359852
00.0000000284210028844711359852
00.0000000284210028844711359852
00.0000000284210028844711359852
00.0000000284210028844711359852
00.0000000284210028844711359852
00.0000000284210028844711359852
00.0000000284210028844711359852
00.0000000284210028844711359852
00.0000000284210028844711359852
00.0000000284210028844711359852
00.0000000284210028844711359852
00.0000000284210028844711359852
00.0000000284210028844711359852
00.0000000284210028844711359852
00.0000000284210028844711359852
00.0000000284210028844711359852
00.0000000284210028844711359852
00.0000000284210028844711359852
00.0000000284210028844711359852
00.0000000284210028844711359852
00.0000000284210028844711359852
00.0000000284210028844711359852
00.0000000284210028844711359852
00.0000000284210028844711359852
00.0000000284210028844711359852
00.0000000284210028844711359852
00.0000000284210028844711359852
00.0000000284210028844711359852
00.0000000284210028844711359852
00.0000000284210028844711359852
00.0000000284210028844711359852
00.0000000284210028844711359852
00.0000000284210028844711359852
00.0000000284210028844711359852
00.0000000284210028844711359852
00.0000000284210028844711359852
00.0000000284210028844711359852
00.0000000284210028844711359852
00.0000000284210028844711359852
00.0000000284210028844711359852
00.0000000284210028844711359852
00.0000000284210028844711359852
00.0000000284210028844711359852
00.0000000284210028844711359852
00.0000000284210028844711359852
00.0000000284210028844711359852
00.0000000284210028844711359852
00.0000000284210028844711359852
00.0000000284210028844711359852
00.0000000284210028844711359852
00.0000000284210028844711359852
00.0000000284210028844711359852
00.0000000284210028844711359852
00.0000000284210028844711359852
00.0000000284210028844711359852
00.0000000284210028844711359852
00.0000000284210028844711359852
00.0000000284210028844711359852
00.0000000284210028844711359852
00.0000000284210028844711359852
00.0000000284210028844711359852
00.0000000284210028844711359852
00.0000000284210028844711359852
00.0000000284210028844711359852
00.0000000284210028844711359852
00.0000000284210028844711359852
00.0000000284210028844711359852
00.0000000284210028844711359852
00.0000000284210028844711359852
00.0000000284210028844711359852
00.0000000284210028844711359852
00.0000000284210028844711359852
00.0000000284210028844711359852
00.0000000284210028844711359852
00.0000000284210028844711359852
00.0000000284210028844711359852
00.0000000284210028844711359852
00.0000000284210028844711359852
00.0000000284210028844711359852
00.0000000284210028844711359852
00.0000000284210028844711359852
00.0000000284210028844711359852
00.0000000284210028844711359852
00.0000000284210028844711359852
00.0000000284210028844711359852
00.0000000284210028844711359852
00.0000000284210028844711359852
00.0000000284210028844711359852
00.0000000284210028844711359852
00.0000000284210028844711359852
00.0000000284210028844711359852
00.0000000284210028844711359852
00.0000000284210028844711359852
00.0000000284210028844711359852
00.0000000284210028844711359852
00.0000000284210028844711359852
00.0000000284210028844711359852
00.0000000284210028844711359852
00.0000000284210028844711359852
00.0000000284210028844711359852
00.0000000284210028844711359852
00.0000000284210028844711359852
00.0000000284210028844711359852
00.0000000284210028844711359852
00.0000000284210028844711359852
00.0000000284210028844711359852
00.0000000284210028844711359852
00.0000000284210028844711359852
00.0000000284210028844711359852
00.0000000284210028844711359852
00.0000000284210028844711359852
00.0000000284210028844711359852
00.0000000284210028844711359852
00.0000000284210028844711359852
00.0000000284210028844711359852
00.0000000284210028844711359852
00.0000000284210028844711359852
00.0000000284210028844711359852
00.0000000284210028844711359852
00.0000000284210028844711359852
00.0000000284210028844711359852
00.0000000284210028844711359852
00.0000000284210028844711359852
00.0000000284210028844711359852
00.0000000284210028844711359852
00.0000000284210028844711359852
00.0000000284210028844711359852
00.0000000284210028844711359852
00.0000000284210028844711359852
00.0000000284210028844711359852
00.0000000284210028844711359852
00.0000000284210028844711359852
00.0000000284210028844711359852
00.0000000284210028844711359852
00.0000000284210028844711359852
00.0000000284210028844711359852
00.0000000284210028844711359852
00.0000000284210028844711359852
00.0000000284210028844711359852
00.0000000284210028844711359852
00.0000000284210028844711359852
00.0000000284210028844711359852
00.0000000284210028844711359852
00.0000000284210028844711359852
00.0000000284210028844711359852
00.0000000284210028844711359852
00.0000000284210028844711359852
00.0000000284210028844711359852
00.0000000284210028844711359852
00.0000000284210028844711359852
00.0000000284210028844711359852
00.0000000284210028844711359852
00.0000000284210028844711359852
00.0000000284210028844711359852
00.0000000284210028844711359852
00.0000000284210028844711359852
00.0000000284210028844711359852
00.0000000284210028844711359852
00.0000000284210028844711359852
00.0000000284210028844711359852
00.0000000284210028844711359852
00.0000000284210028844711359852
00.0000000284210028844711359852
00.0000000284210028844711359852
00.0000000284210028844711359852
00.0000000284210028844711359852
00.0000000284210028844711359852
00.0000000284210028844711359852
00.0000000284210028844711359852
00.0000000284210028844711359852
00.0000000284210028844711359852
00.0000000284210028844711359852
00.0000000284210028844711359852
00.0000000284210028844711359852
00.0000000284210028844711359852
00.0000000284210028844711359852
00.0000000284210028844711359852
00.0000000284210028844711359852
00.0000000284210028844711359852
00.0000000284210028844711359852
00.0000000284210028844711359852
00.0000000284210028844711359852
00.0000000284210028844711359852
00.0000000284210028844711359852
00.0000000284210028844711359852
00.0000000284210028844711359852
00.0000000284210028844711359852
00.0000000284210028844711359852
00.0000000284210028844711359852
00.0000000284210028844711359852
00.0000000284210028844711359852
00.0000000284210028844711359852
00.0000000284210028844711359852
00.0000000284210028844711359852
00.0000000284210028844711359852
00.0000000284210028844711359852
00.0000000284210028844711359852
00.0000000284210028844711359852
00.0000000284210028844711359852
00.0000000284210028844711359852
00.0000000284210028844711359852
00.0000000284210028844711359852
00.0000000284210028844711359852
00.0000000284210028844711359852
00.0000000284210028844711359852
00.0000000284210028844711359852
00.0000000284210028844711359852
00.0000000284210028844711359852
00.0000000284210028844711359852
00.0000000284210028844711359852
00.0000000284210028844711359852
00.0000000284210028844711359852
00.0000000284210028844711359852
00.0000000284210028844711359852
00.0000000284210028844711359852
00.0000000284210028844711359852
00.0000000284210028844711359852
00.0000000284210028844711359852
00.0000000284210028844711359852
00.0000000284210028844711359852
00.0000000284210028844711359852
00.0000000284210028844711359852
00.0000000284210028844711359852
00.0000000284210028844711359852
00.0000000284210028844711359852
00.0000000284210028844711359852
00.0000000284210028844711359852
00.0000000284210028844711359852
00.0000000284210028844711359852
00.0000000284210028844711359852
00.0000000284210028844711359852
00.0000000284210028844711359852
00.0000000284210028844711359852
00.0000000284210028844711359852
00.0000000284210028844711359852
00.0000000284210028844711359852
00.0000000284210028844711359852
00.0000000284210028844711359852
00.0000000284210028844711359852
00.0000000284210028844711359852
00.0000000284210028844711359852
00.0000000284210028844711359852
00.0000000284210028844711359852
00.0000000284210028844711359852
00.0000000284210028844711359852
00.0000000284210028844711359852
00.0000000284210028844711359852
00.0000000284210028844711359852
00.0000000284210028844711359852
00.0000000284210028844711359852
00.0000000284210028844711359852
00.0000000284210028844711359852
00.0000000284210028844711359852
00.0000000284210028844711359852
00.0000000284210028844711359852
00.0000000284210028844711359852
00.0000000284210028844711359852
00.0000000284210028844711359852
00.0000000284210028844711359852
00.0000000284210028844711359852
00.0000000284210028844711359852
00.0000000284210028844711359852
00.0000000284210028844711359852
00.0000000284210028844711359852
00.0000000284210028844711359852
00.0000000284210028844711359852
00.0000000284210028844711359852
00.0000000284210028844711359852
00.0000000284210028844711359852
00.0000000284210028844711359852
00.0000000284210028844711359852
00.0000000284210028844711359852
00.0000000284210028844711359852
00.0000000284210028844711359852
00.0000000284210028844711359852
00.0000000284210028844711359852
00.0000000284210028844711359852
00.0000000284210028844711359852
00.0000000284210028844711359852
00.0000000284210028844711359852
00.0000000284210028844711359852
00.0000000284210028844711359852
00.0000000284210028844711359852
00.0000000284210028844711359852
00.0000000284210028844711359852
00.0000000284210028844711359852
00.0000000284210028844711359852
00.0000000284210028844711359852
00.0000000284210028844711359852
00.0000000284210028844711359852
00.0000000284210028844711359852
00.0000000284210028844711359852
00.0000000284210028844711359852
00.0000000284210028844711359852
00.0000000284210028844711359852
00.0000000284210028844711359852
00.0000000284210028844711359852
00.0000000284210028844711359852
00.0000000284210028844711359852
00.0000000284210028844711359852
00.0000000284210028844711359852
00.0000000284210028844711359852
00.0000000284210028844711359852
00.0000000284210028844711359852
00.0000000284210028844711359852
00.0000000284210028844711359852
00.0000000284210028844711359852
00.0000000284210028844711359852
00.0000000284210028844711359852
00.0000000284210028844711359852
00.0000000284210028844711359852
00.0000000284210028844711359852
00.0000000284210028844711359852
00.0000000284210028844711359852
00.0000000284210028844711359852
00.0000000284210028844711359852
00.0000000405704754236069220497
00.0000000405704754236069220497
00.0000000405704754236069220497
00.0000000405704754236069220497
00.0000000405704754236069220497
00.0000000405704754236069220497
00.0000000405704754236069220497
00.0000000405704754236069220497
00.0000000405704754236069220497
00.0000000405704754236069220497
00.0000000405704754236069220497
00.0000000405704754236069220497
00.0000000405704754236069220497
00.0000000405704754236069220497
00.0000000405704754236069220497
00.0000000405704754236069220497
00.0000000405704754236069220497
00.0000000405704754236069220497
00.0000000405704754236069220497
00.0000000405704754236069220497
00.0000000405704754236069220497
00.0000000405704754236069220497
00.0000000405704754236069220497
00.0000000405704754236069220497
00.0000000405704754236069220497
00.0000000405704754236069220497
00.0000000405704754236069220497
00.0000000405704754236069220497
00.0000000405704754236069220497
00.0000000405704754236069220497
00.0000000405704754236069220497
00.0000000405704754236069220497
00.0000000405704754236069220497
00.0000000405704754236069220497
00.0000000405704754236069220497
00.0000000405704754236069220497
00.0000000405704754236069220497
00.0000000405704754236069220497
00.0000000405704754236069220497
00.0000000405704754236069220497
00.0000000405704754236069220497
00.0000000405704754236069220497
00.0000000405704754236069220497
00.0000000405704754236069220497
00.0000000405704754236069220497
00.0000000405704754236069220497
00.0000000405704754236069220497
00.0000000405704754236069220497
00.0000000405704754236069220497
00.0000000405704754236069220497
00.0000000405704754236069220497
00.0000000405704754236069220497
00.0000000405704754236069220497
00.0000000405704754236069220497
00.0000000405704754236069220497
00.0000000405704754236069220497
00.0000000405704754236069220497
00.0000000405704754236069220497
00.0000000405704754236069220497
00.0000000405704754236069220497
00.0000000405704754236069220497
00.0000000405704754236069220497
00.0000000405704754236069220497
00.0000000405704754236069220497
00.0000000405704754236069220497
00.0000000405704754236069220497
00.0000000405704754236069220497
00.0000000405704754236069220497
00.0000000405704754236069220497
00.0000000405704754236069220497
00.0000000405704754236069220497
00.0000000405704754236069220497
00.0000000405704754236069220497
00.0000000405704754236069220497
00.0000000405704754236069220497
00.0000000405704754236069220497
00.0000000405704754236069220497
00.0000000405704754236069220497
00.0000000405704754236069220497
00.0000000405704754236069220497
00.0000000405704754236069220497
00.0000000405704754236069220497
00.0000000405704754236069220497
00.0000000405704754236069220497
00.0000000405704754236069220497
00.0000000405704754236069220497
00.0000000405704754236069220497
00.0000000405704754236069220497
00.0000000405704754236069220497
00.0000000405704754236069220497
00.0000000405704754236069220497
00.0000000405704754236069220497
00.0000000405704754236069220497
00.0000000405704754236069220497
00.0000000405704754236069220497
00.0000000405704754236069220497
00.0000000405704754236069220497
00.0000000405704754236069220497
00.0000000405704754236069220497
00.0000000405704754236069220497
00.0000000405704754236069220497
00.0000000405704754236069220497
00.0000000405704754236069220497
00.0000000405704754236069220497
00.0000000405704754236069220497
00.0000000405704754236069220497
00.0000000405704754236069220497
00.0000000405704754236069220497
00.0000000405704754236069220497
00.0000000405704754236069220497
00.0000000405704754236069220497
00.0000000405704754236069220497
00.0000000405704754236069220497
00.0000000405704754236069220497
00.0000000405704754236069220497
00.0000000405704754236069220497
00.0000000405704754236069220497
00.0000000405704754236069220497
00.0000000405704754236069220497
00.0000000405704754236069220497
00.0000000405704754236069220497
00.0000000405704754236069220497
00.0000000405704754236069220497
00.0000000405704754236069220497
00.0000000405704754236069220497
00.0000000405704754236069220497
00.0000000405704754236069220497
00.0000000405704754236069220497
00.0000000405704754236069220497
00.0000000405704754236069220497
00.0000000405704754236069220497
00.0000000405704754236069220497
00.0000000405704754236069220497
00.0000000405704754236069220497
00.0000000405704754236069220497
00.0000000405704754236069220497
00.0000000405704754236069220497
00.0000000405704754236069220497
00.0000000405704754236069220497
00.0000000405704754236069220497
00.0000000405704754236069220497
00.0000000405704754236069220497
00.0000000405704754236069220497
00.0000000405704754236069220497
00.0000000405704754236069220497
00.0000000405704754236069220497
00.0000000405704754236069220497
00.0000000405704754236069220497
00.0000000405704754236069220497
00.0000000405704754236069220497
00.0000000405704754236069220497
00.0000000405704754236069220497
00.0000000405704754236069220497
00.0000000405704754236069220497
00.0000000405704754236069220497
00.0000000405704754236069220497
00.0000000405704754236069220497
00.0000000405704754236069220497
00.0000000405704754236069220497
00.0000000405704754236069220497
00.0000000405704754236069220497
00.0000000405704754236069220497
00.0000000405704754236069220497
00.0000000405704754236069220497
00.0000000405704754236069220497
00.0000000405704754236069220497
00.0000000405704754236069220497
00.0000000405704754236069220497
00.0000000405704754236069220497
00.0000000405704754236069220497
00.0000000405704754236069220497
00.0000000405704754236069220497
00.0000000405704754236069220497
00.0000000405704754236069220497
00.0000000405704754236069220497
00.0000000405704754236069220497
00.0000000405704754236069220497
00.0000000405704754236069220497
00.0000000405704754236069220497
00.0000000405704754236069220497
00.0000000405704754236069220497
00.0000000405704754236069220497
00.0000000405704754236069220497
00.0000000405704754236069220497
00.0000000405704754236069220497
00.0000000405704754236069220497
00.0000000405704754236069220497
00.0000000405704754236069220497
00.0000000405704754236069220497
00.0000000405704754236069220497
00.0000000405704754236069220497
00.0000000405704754236069220497
00.0000000405704754236069220497
00.0000000405704754236069220497
00.0000000405704754236069220497
00.0000000405704754236069220497
00.0000000405704754236069220497
00.0000000405704754236069220497
00.0000000405704754236069220497
00.0000000405704754236069220497
00.0000000405704754236069220497
00.0000000405704754236069220497
00.0000000405704754236069220497
00.0000000405704754236069220497
00.0000000405704754236069220497
00.0000000405704754236069220497
00.0000000405704754236069220497
00.0000000405704754236069220497
00.0000000405704754236069220497
00.0000000405704754236069220497
00.0000000405704754236069220497
00.0000000405704754236069220497
00.0000000405704754236069220497
00.0000000405704754236069220497
00.0000000405704754236069220497
00.0000000405704754236069220497
00.0000000405704754236069220497
00.0000000405704754236069220497
00.0000000405704754236069220497
00.0000000405704754236069220497
00.0000000405704754236069220497
00.0000000405704754236069220497
00.0000000405704754236069220497
00.0000000405704754236069220497
00.0000000405704754236069220497
00.0000000405704754236069220497
00.0000000405704754236069220497
00.0000000405704754236069220497
00.0000000405704754236069220497
00.0000000405704754236069220497
00.0000000405704754236069220497
00.0000000405704754236069220497
00.0000000405704754236069220497
00.0000000405704754236069220497
00.0000000405704754236069220497
00.0000000405704754236069220497
00.0000000405704754236069220497
00.0000000405704754236069220497
00.0000000405704754236069220497
00.0000000405704754236069220497
00.0000000405704754236069220497
00.0000000405704754236069220497
00.0000000405704754236069220497
00.0000000405704754236069220497
00.0000000405704754236069220497
00.0000000405704754236069220497
00.0000000405704754236069220497
00.0000000405704754236069220497
00.0000000405704754236069220497
00.0000000405704754236069220497
00.0000000405704754236069220497
00.0000000405704754236069220497
00.0000000405704754236069220497
00.0000000405704754236069220497
00.0000000405704754236069220497
00.0000000405704754236069220497
00.0000000405704754236069220497
00.0000000405704754236069220497
00.0000000405704754236069220497
00.0000000405704754236069220497
00.0000000405704754236069220497
00.0000000405704754236069220497
00.0000000405704754236069220497
00.0000000405704754236069220497
00.0000000405704754236069220497
00.0000000405704754236069220497
00.0000000405704754236069220497
00.0000000405704754236069220497
00.0000000405704754236069220497
00.0000000405704754236069220497
00.0000000405704754236069220497
00.0000000405704754236069220497
00.0000000405704754236069220497
00.0000000405704754236069220497
00.0000000405704754236069220497
00.0000000405704754236069220497
00.0000000405704754236069220497
00.0000000405704754236069220497
00.0000000405704754236069220497
00.0000000405704754236069220497
00.0000000405704754236069220497
00.0000000405704754236069220497
00.0000000405704754236069220497
00.0000000405704754236069220497
00.0000000405704754236069220497
00.0000000405704754236069220497
00.0000000405704754236069220497
00.0000000405704754236069220497
00.0000000405704754236069220497
00.0000000405704754236069220497
00.0000000405704754236069220497
00.0000000405704754236069220497
00.0000000405704754236069220497
00.0000000405704754236069220497
00.0000000405704754236069220497
00.0000000405704754236069220497
00.0000000405704754236069220497
00.0000000405704754236069220497
00.0000000405704754236069220497
00.0000000405704754236069220497
00.0000000405704754236069220497
00.0000000405704754236069220497
00.0000000405704754236069220497
00.0000000405704754236069220497
00.0000000405704754236069220497
00.0000000405704754236069220497
00.0000000405704754236069220497
00.0000000405704754236069220497
00.0000000405704754236069220497
00.0000000405704754236069220497
00.0000000405704754236069220497
00.0000000405704754236069220497
00.0000000405704754236069220497
00.0000000405704754236069220497
00.0000000405704754236069220497
00.0000000405704754236069220497
00.0000000405704754236069220497
00.0000000405704754236069220497
00.0000000405704754236069220497
00.0000000405704754236069220497
00.0000000405704754236069220497
00.0000000405704754236069220497
00.0000000405704754236069220497
00.0000000405704754236069220497
00.0000000405704754236069220497
00.0000000405704754236069220497
00.0000000405704754236069220497
00.0000000405704754236069220497
00.0000000405704754236069220497
00.0000000405704754236069220497
00.0000000405704754236069220497
00.0000000405704754236069220497
00.0000000405704754236069220497
00.0000000405704754236069220497
00.0000000405704754236069220497
00.0000000405704754236069220497
00.0000000405704754236069220497
00.0000000405704754236069220497
00.0000000405704754236069220497
00.0000000405704754236069220497
00.0000000405704754236069220497
00.0000000405704754236069220497
00.0000000405704754236069220497
00.0000000405704754236069220497
00.0000000405704754236069220497
00.0000000405704754236069220497
00.0000000405704754236069220497
00.0000000405704754236069220497
00.0000000405704754236069220497
00.0000000405704754236069220497
00.0000000405704754236069220497
00.0000000405704754236069220497
00.0000000405704754236069220497
00.0000000405704754236069220497
00.0000000405704754236069220497
00.0000000405704754236069220497
00.0000000405704754236069220497
00.0000000405704754236069220497
00.0000000405704754236069220497
00.0000000405704754236069220497
00.0000000405704754236069220497
00.0000000405704754236069220497
00.0000000405704754236069220497
00.0000000405704754236069220497
00.0000000405704754236069220497
00.0000000405704754236069220497
00.0000000405704754236069220497
00.0000000405704754236069220497
00.0000000405704754236069220497
00.0000000405704754236069220497
00.0000000405704754236069220497
00.0000000405704754236069220497
00.0000000405704754236069220497
00.0000000405704754236069220497
00.0000000405704754236069220497
00.0000000405704754236069220497
00.0000000405704754236069220497
00.0000000405704754236069220497
00.0000000405704754236069220497
00.0000000405704754236069220497
00.0000000405704754236069220497
00.0000000405704754236069220497
00.0000000405704754236069220497
00.0000000405704754236069220497
00.0000000405704754236069220497
00.0000000405704754236069220497
00.0000000405704754236069220497
00.0000000405704754236069220497
00.0000000405704754236069220497
00.0000000405704754236069220497
00.0000000405704754236069220497
00.0000000405704754236069220497
00.0000000405704754236069220497
00.0000000405704754236069220497
00.0000000405704754236069220497
00.0000000405704754236069220497
00.0000000405704754236069220497
00.0000000405704754236069220497
00.0000000405704754236069220497
00.0000000405704754236069220497
00.0000000405704754236069220497
00.0000000405704754236069220497
00.0000000405704754236069220497
00.0000000405704754236069220497
00.0000000405704754236069220497
00.0000000405704754236069220497
00.0000000405704754236069220497
00.0000000405704754236069220497
00.0000000405704754236069220497
00.0000000405704754236069220497
00.0000000405704754236069220497
00.0000000405704754236069220497
00.0000000405704754236069220497
00.0000000405704754236069220497
00.0000000405704754236069220497
00.0000000405704754236069220497
00.0000000405704754236069220497
00.0000000405704754236069220497
00.0000000405704754236069220497
00.0000000405704754236069220497
00.0000000405704754236069220497
00.0000000405704754236069220497
00.0000000405704754236069220497
00.0000000405704754236069220497
00.0000000405704754236069220497
00.0000000405704754236069220497
00.0000000405704754236069220497
00.0000000405704754236069220497
00.0000000405704754236069220497
00.0000000405704754236069220497
00.0000000405704754236069220497
00.0000000405704754236069220497
00.0000000405704754236069220497
00.0000000405704754236069220497
00.0000000405704754236069220497
00.0000000405704754236069220497
00.0000000405704754236069220497
00.0000000405704754236069220497
00.0000000405704754236069220497
00.0000000405704754236069220497
00.0000000405704754236069220497
00.0000000405704754236069220497
00.0000000405704754236069220497
00.0000000405704754236069220497
00.0000000405704754236069220497
00.0000000405704754236069220497
00.0000000405704754236069220497
00.0000000405704754236069220497
00.0000000405704754236069220497
00.0000000405704754236069220497
00.0000000405704754236069220497
00.0000000405704754236069220497
00.0000000405704754236069220497
00.0000000405704754236069220497
00.0000000405704754236069220497
00.0000000405704754236069220497
00.0000000405704754236069220497
00.0000000405704754236069220497
00.0000000405704754236069220497
00.0000000405704754236069220497
00.0000000405704754236069220497
00.0000000405704754236069220497
00.0000000405704754236069220497
00.0000000405704754236069220497
00.0000000405704754236069220497
00.0000000405704754236069220497
00.0000000405704754236069220497
00.0000000405704754236069220497
00.0000000405704754236069220497
00.0000000405704754236069220497
00.0000000405704754236069220497
00.0000000405704754236069220497
00.0000000405704754236069220497
00.0000000405704754236069220497
00.0000000405704754236069220497
00.0000000405704754236069220497
00.0000000405704754236069220497
00.0000000405704754236069220497
00.0000000405704754236069220497
00.0000000405704754236069220497
00.0000000405704754236069220497
00.0000000405704754236069220497
00.0000000405704754236069220497
00.0000000405704754236069220497
00.0000000405704754236069220497
00.0000000405704754236069220497
00.0000000405704754236069220497
00.0000000405704754236069220497
00.0000000405704754236069220497
00.0000000405704754236069220497
00.0000000405704754236069220497
00.0000000405704754236069220497
00.0000000405704754236069220497
00.0000000405704754236069220497
00.0000000405704754236069220497
00.0000000405704754236069220497
00.0000000405704754236069220497
00.0000000405704754236069220497
00.0000000405704754236069220497
00.0000000405704754236069220497
00.0000000405704754236069220497
00.0000000405704754236069220497
00.0000000405704754236069220497
00.0000000405704754236069220497
00.0000000405704754236069220497
00.0000000405704754236069220497
00.0000000405704754236069220497
00.0000000405704754236069220497
00.0000000405704754236069220497
00.0000000405704754236069220497
00.0000000405704754236069220497
00.0000000405704754236069220497
00.0000000405704754236069220497
00.0000000405704754236069220497
00.0000000405704754236069220497
00.0000000405704754236069220497
00.0000000405704754236069220497
00.0000000405704754236069220497
00.0000000405704754236069220497
00.0000000405704754236069220497
00.0000000405704754236069220497
00.0000000405704754236069220497
00.0000000405704754236069220497
00.0000000405704754236069220497
00.0000000405704754236069220497
00.0000000405704754236069220497
00.0000000405704754236069220497
00.0000000405704754236069220497
00.0000000405704754236069220497
00.0000000405704754236069220497
00.0000000405704754236069220497
00.0000000405704754236069220497
00.0000000405704754236069220497
00.0000000405704754236069220497
00.0000000405704754236069220497
00.0000000405704754236069220497
00.0000000405704754236069220497
00.0000000405704754236069220497
00.0000000405704754236069220497
00.0000000405704754236069220497
00.0000000405704754236069220497
00.0000000405704754236069220497
00.0000000405704754236069220497
00.0000000405704754236069220497
00.0000000405704754236069220497
00.0000000405704754236069220497
00.0000000405704754236069220497
00.0000000405704754236069220497
00.0000000405704754236069220497
00.0000000405704754236069220497
00.0000000405704754236069220497
00.0000000405704754236069220497
00.0000000405704754236069220497
00.0000000405704754236069220497
00.0000000405704754236069220497
00.0000000405704754236069220497
00.0000000405704754236069220497
00.0000000405704754236069220497
00.0000000405704754236069220497
00.0000000405704754236069220497
00.0000000405704754236069220497
00.0000000405704754236069220497
00.0000000405704754236069220497
00.0000000405704754236069220497
00.0000000405704754236069220497
00.0000000405704754236069220497
00.0000000405704754236069220497
00.0000000405704754236069220497
00.0000000405704754236069220497
00.0000000405704754236069220497
00.0000000405704754236069220497
00.0000000405704754236069220497
00.0000000405704754236069220497
00.0000000405704754236069220497
00.0000000405704754236069220497
00.0000000405704754236069220497
00.0000000405704754236069220497
00.0000000405704754236069220497
00.0000000405704754236069220497
00.0000000405704754236069220497
00.0000000405704754236069220497
00.0000000405704754236069220497
00.0000000405704754236069220497
00.0000000405704754236069220497
00.0000000405704754236069220497
00.0000000405704754236069220497
00.0000000405704754236069220497
00.0000000405704754236069220497
00.0000000405704754236069220497
00.0000000405704754236069220497
00.0000000405704754236069220497
00.0000000405704754236069220497
00.0000000405704754236069220497
00.0000000405704754236069220497
00.0000000405704754236069220497
00.0000000405704754236069220497
00.0000000405704754236069220497
00.0000000405704754236069220497
00.0000000405704754236069220497
00.0000000405704754236069220497
00.0000000405704754236069220497
00.0000000405704754236069220497
00.0000000405704754236069220497
00.0000000405704754236069220497
00.0000000405704754236069220497
00.0000000405704754236069220497
00.0000000405704754236069220497
00.0000000405704754236069220497
00.0000000405704754236069220497
00.0000000405704754236069220497
00.0000000405704754236069220497
00.0000000405704754236069220497
00.0000000405704754236069220497
00.0000000405704754236069220497
00.0000000405704754236069220497
00.0000000405704754236069220497
00.0000000405704754236069220497
00.0000000405704754236069220497
00.0000000405704754236069220497
00.0000000405704754236069220497
00.0000000405704754236069220497
00.0000000405704754236069220497
00.0000000405704754236069220497
00.0000000405704754236069220497
00.0000000405704754236069220497
00.0000000405704754236069220497
00.0000000405704754236069220497
00.0000000405704754236069220497
00.0000000405704754236069220497
00.0000000405704754236069220497
00.0000000405704754236069220497
00.0000000405704754236069220497
00.0000000405704754236069220497
00.0000000405704754236069220497
00.0000000405704754236069220497
00.0000000405704754236069220497
00.0000000405704754236069220497
00.0000000405704754236069220497
00.0000000405704754236069220497
00.0000000405704754236069220497
00.0000000405704754236069220497
00.0000000405704754236069220497
00.0000000405704754236069220497
00.0000000405704754236069220497
00.0000000405704754236069220497
00.0000000405704754236069220497
00.0000000405704754236069220497
00.0000000405704754236069220497
00.0000000405704754236069220497
00.0000000405704754236069220497
00.0000000405704754236069220497
00.0000000405704754236069220497
00.0000000405704754236069220497
00.0000000405704754236069220497
00.0000000405704754236069220497
00.0000000405704754236069220497
00.0000000405704754236069220497
00.0000000405704754236069220497
00.0000000405704754236069220497
00.0000000405704754236069220497
00.0000000405704754236069220497
00.0000000405704754236069220497
00.0000000405704754236069220497
00.0000000405704754236069220497
00.0000000405704754236069220497
00.0000000405704754236069220497
00.0000000405704754236069220497
00.0000000405704754236069220497
00.0000000405704754236069220497
00.0000000405704754236069220497
00.0000000405704754236069220497
00.0000000405704754236069220497
00.0000000405704754236069220497
00.0000000405704754236069220497
00.0000000405704754236069220497
00.0000000405704754236069220497
00.0000000405704754236069220497
00.0000000405704754236069220497
00.0000000405704754236069220497
00.0000000405704754236069220497
00.0000000405704754236069220497
00.0000000405704754236069220497
00.0000000405704754236069220497
00.0000000405704754236069220497
00.0000000405704754236069220497
00.0000000405704754236069220497
00.0000000405704754236069220497
00.0000000405704754236069220497
00.0000000405704754236069220497
00.0000000405704754236069220497
00.0000000405704754236069220497
00.0000000405704754236069220497
00.0000000405704754236069220497
00.0000000405704754236069220497
00.0000000405704754236069220497
00.0000000405704754236069220497
00.0000000405704754236069220497
00.0000000405704754236069220497
00.0000000405704754236069220497
00.0000000405704754236069220497
00.0000000405704754236069220497
00.0000000405704754236069220497
00.0000000405704754236069220497
00.0000000405704754236069220497
00.0000000405704754236069220497
00.0000000405704754236069220497
00.0000000405704754236069220497
00.0000000405704754236069220497
00.0000000405704754236069220497
00.0000000405704754236069220497
00.0000000405704754236069220497
00.0000000405704754236069220497
00.0000000405704754236069220497
00.0000000405704754236069220497
00.0000000405704754236069220497
00.0000000405704754236069220497
00.0000000405704754236069220497
00.0000000405704754236069220497
00.0000000405704754236069220497
00.0000000405704754236069220497
00.0000000405704754236069220497
00.0000000405704754236069220497
00.0000000405704754236069220497
00.0000000405704754236069220497
00.0000000405704754236069220497
00.0000000405704754236069220497
00.0000000405704754236069220497
00.0000000405704754236069220497
00.0000000405704754236069220497
00.0000000405704754236069220497
00.0000000405704754236069220497
00.0000000405704754236069220497
00.0000000405704754236069220497
00.0000000405704754236069220497
00.0000000405704754236069220497
00.0000000405704754236069220497
00.0000000405704754236069220497
00.0000000405704754236069220497
00.0000000405704754236069220497
00.0000000405704754236069220497
00.0000000405704754236069220497
00.0000000405704754236069220497
00.0000000405704754236069220497
00.0000000405704754236069220497
00.0000000405704754236069220497
00.0000000405704754236069220497
00.0000000405704754236069220497
00.0000000405704754236069220497
00.0000000405704754236069220497
00.0000000405704754236069220497
00.0000000405704754236069220497
00.0000000405704754236069220497
00.0000000405704754236069220497
00.0000000405704754236069220497
00.0000000405704754236069220497
00.0000000405704754236069220497
00.0000000405704754236069220497
00.0000000405704754236069220497
00.0000000405704754236069220497
00.0000000405704754236069220497
00.0000000405704754236069220497
00.0000000405704754236069220497
00.0000000405704754236069220497
00.0000000405704754236069220497
00.0000000405704754236069220497
00.0000000405704754236069220497
00.0000000405704754236069220497
00.0000000405704754236069220497
00.0000000405704754236069220497
00.0000000405704754236069220497
00.0000000405704754236069220497
00.0000000405704754236069220497
00.0000000405704754236069220497
00.0000000405704754236069220497
00.0000000405704754236069220497
00.0000000405704754236069220497
00.0000000405704754236069220497
00.0000000405704754236069220497
00.0000000405704754236069220497
00.0000000405704754236069220497
00.0000000405704754236069220497
00.0000000405704754236069220497
00.0000000405704754236069220497
00.0000000405704754236069220497
00.0000000405704754236069220497
00.0000000405704754236069220497
00.0000000405704754236069220497
00.0000000405704754236069220497
00.0000000405704754236069220497
00.0000000405704754236069220497
00.0000000405704754236069220497
00.0000000405704754236069220497
00.0000000405704754236069220497
00.0000000405704754236069220497
00.0000000405704754236069220497
00.0000000405704754236069220497
00.0000000405704754236069220497
00.0000000405704754236069220497
00.0000000405704754236069220497
00.0000000405704754236069220497
00.0000000405704754236069220497
00.0000000405704754236069220497
00.0000000405704754236069220497
00.0000000405704754236069220497
00.0000000405704754236069220497
00.0000000405704754236069220497
00.0000000405704754236069220497
00.0000000405704754236069220497
00.0000000405704754236069220497
00.0000000405704754236069220497
00.0000000405704754236069220497
00.0000000405704754236069220497
00.0000000405704754236069220497
00.0000000405704754236069220497
00.0000000405704754236069220497
00.0000000405704754236069220497
00.0000000405704754236069220497
00.0000000405704754236069220497
00.0000000405704754236069220497
00.0000000405704754236069220497
00.0000000405704754236069220497
00.0000000405704754236069220497
00.0000000405704754236069220497
00.0000000405704754236069220497
00.0000000405704754236069220497
00.0000000405704754236069220497
00.0000000405704754236069220497
00.0000000405704754236069220497
00.0000000405704754236069220497
00.0000000405704754236069220497
00.0000000405704754236069220497
00.0000000405704754236069220497
00.0000000405704754236069220497
00.0000000405704754236069220497
00.0000000405704754236069220497
00.0000000405704754236069220497
00.0000000405704754236069220497
00.0000000405704754236069220497
00.0000000405704754236069220497
00.0000000405704754236069220497
00.0000000405704754236069220497
00.0000000405704754236069220497
00.0000000405704754236069220497
00.0000000405704754236069220497
00.0000000405704754236069220497
00.0000000405704754236069220497
00.0000000405704754236069220497
00.0000000405704754236069220497
00.0000000405704754236069220497
00.0000000405704754236069220497
00.0000000405704754236069220497
00.0000000405704754236069220497
00.0000000405704754236069220497
00.0000000405704754236069220497
00.0000000405704754236069220497
00.0000000405704754236069220497
00.0000000405704754236069220497
00.0000000405704754236069220497
00.0000000405704754236069220497
00.0000000405704754236069220497
00.0000000405704754236069220497
00.0000000405704754236069220497
00.0000000405704754236069220497
00.0000000405704754236069220497
00.0000000405704754236069220497
00.0000000405704754236069220497
00.0000000405704754236069220497
00.0000000405704754236069220497
00.0000000405704754236069220497
00.0000000405704754236069220497
00.0000000405704754236069220497
00.0000000405704754236069220497
00.0000000405704754236069220497
00.0000000405704754236069220497
00.0000000405704754236069220497
00.0000000405704754236069220497
00.0000000405704754236069220497
00.0000000405704754236069220497
00.0000000405704754236069220497
00.0000000405704754236069220497
00.0000000405704754236069220497
00.0000000405704754236069220497
00.0000000405704754236069220497
00.0000000405704754236069220497
00.0000000405704754236069220497
00.0000000405704754236069220497
00.0000000405704754236069220497
00.0000000405704754236069220497
00.0000000405704754236069220497
00.0000000405704754236069220497
00.0000000405704754236069220497
00.0000000405704754236069220497
00.0000000405704754236069220497
00.0000000405704754236069220497
00.0000000405704754236069220497
00.0000000405704754236069220497
00.0000000405704754236069220497
00.0000000405704754236069220497
00.0000000405704754236069220497
00.0000000405704754236069220497
00.0000000405704754236069220497
00.0000000405704754236069220497
00.0000000405704754236069220497
00.0000000405704754236069220497
00.0000000405704754236069220497
00.0000000405704754236069220497
00.0000000405704754236069220497
00.0000000405704754236069220497
00.0000000405704754236069220497
00.0000000405704754236069220497
00.0000000405704754236069220497
00.0000000405704754236069220497
00.0000000405704754236069220497
00.0000000405704754236069220497
00.0000000405704754236069220497
00.0000000405704754236069220497
00.0000000405704754236069220497
00.0000000405704754236069220497
00.0000000405704754236069220497
00.0000000405704754236069220497
00.0000000405704754236069220497
00.0000000405704754236069220497
00.0000000405704754236069220497
00.0000000405704754236069220497
00.0000000405704754236069220497
00.0000000405704754236069220497
00.0000000405704754236069220497
00.0000000405704754236069220497
00.0000000405704754236069220497
00.0000000405704754236069220497
00.0000000405704754236069220497
00.0000000405704754236069220497
00.0000000405704754236069220497
00.0000000405704754236069220497
00.0000000405704754236069220497
00.0000000405704754236069220497
00.0000000405704754236069220497
00.0000000405704754236069220497
00.0000000405704754236069220497
00.0000000405704754236069220497
00.0000000405704754236069220497
00.0000000405704754236069220497
00.0000000405704754236069220497
00.0000000405704754236069220497
00.0000000405704754236069220497
00.0000000405704754236069220497
00.0000000405704754236069220497
00.0000000405704754236069220497
00.0000000405704754236069220497
00.0000000405704754236069220497
00.0000000405704754236069220497
00.0000000405704754236069220497
00.0000000405704754236069220497
00.0000000405704754236069220497
00.0000000405704754236069220497
00.0000000405704754236069220497
00.0000000405704754236069220497
00.0000000405704754236069220497
00.0000000405704754236069220497
00.0000000405704754236069220497
00.0000000405704754236069220497
00.0000000405704754236069220497
00.0000000405704754236069220497
00.0000000405704754236069220497
00.0000000405704754236069220497
00.0000000405704754236069220497
00.0000000405704754236069220497
00.0000000405704754236069220497
00.0000000405704754236069220497
00.0000000405704754236069220497
00.0000000405704754236069220497
00.0000000405704754236069220497
00.0000000405704754236069220497
00.0000000405704754236069220497
00.0000000405704754236069220497
00.0000000405704754236069220497
00.0000000405704754236069220497
00.0000000405704754236069220497
00.0000000405704754236069220497
00.0000000405704754236069220497
00.0000000405704754236069220497
00.0000000405704754236069220497
00.0000000405704754236069220497
00.0000000405704754236069220497
00.0000000405704754236069220497
00.0000000405704754236069220497
00.0000000405704754236069220497
00.0000000405704754236069220497
00.0000000405704754236069220497
00.0000000405704754236069220497
00.0000000405704754236069220497
00.0000000405704754236069220497
00.0000000405704754236069220497
00.0000000405704754236069220497
00.0000000405704754236069220497
00.0000000405704754236069220497
00.0000000405704754236069220497
00.0000000405704754236069220497
00.0000000405704754236069220497
00.0000000405704754236069220497
00.0000000394786008328651405463
00.0000000394786008328651405463
00.0000000394786008328651405463
00.0000000394786008328651405463
00.0000000394786008328651405463
00.0000000394786008328651405463
00.0000000394786008328651405463
00.0000000394786008328651405463
00.0000000394786008328651405463
00.0000000394786008328651405463
00.0000000394786008328651405463
00.0000000394786008328651405463
00.0000000394786008328651405463
00.0000000394786008328651405463
00.0000000394786008328651405463
00.0000000394786008328651405463
00.0000000394786008328651405463
00.0000000394786008328651405463
00.0000000394786008328651405463
00.0000000394786008328651405463
00.0000000394786008328651405463
00.0000000394786008328651405463
00.0000000394786008328651405463
00.0000000394786008328651405463
00.0000000394786008328651405463
00.0000000394786008328651405463
00.0000000394786008328651405463
00.0000000394786008328651405463
00.0000000394786008328651405463
00.0000000394786008328651405463
00.0000000394786008328651405463
00.0000000394786008328651405463
00.0000000394786008328651405463
00.0000000394786008328651405463
00.0000000394786008328651405463
00.0000000394786008328651405463
00.0000000394786008328651405463
00.0000000394786008328651405463
00.0000000394786008328651405463
00.0000000394786008328651405463
00.0000000394786008328651405463
00.0000000394786008328651405463
00.0000000394786008328651405463
00.0000000394786008328651405463
00.0000000394786008328651405463
00.0000000394786008328651405463
00.0000000394786008328651405463
00.0000000394786008328651405463
00.0000000394786008328651405463
00.0000000394786008328651405463
00.0000000394786008328651405463
00.0000000394786008328651405463
00.0000000394786008328651405463
00.0000000394786008328651405463
00.0000000394786008328651405463
00.0000000394786008328651405463
00.0000000394786008328651405463
00.0000000394786008328651405463
00.0000000394786008328651405463
00.0000000394786008328651405463
00.0000000394786008328651405463
00.0000000394786008328651405463
00.0000000394786008328651405463
00.0000000394786008328651405463
00.0000000394786008328651405463
00.0000000394786008328651405463
00.0000000394786008328651405463
00.0000000394786008328651405463
00.0000000394786008328651405463
00.0000000394786008328651405463
00.0000000394786008328651405463
00.0000000394786008328651405463
00.0000000394786008328651405463
00.0000000394786008328651405463
00.0000000394786008328651405463
00.0000000394786008328651405463
00.0000000394786008328651405463
00.0000000394786008328651405463
00.0000000394786008328651405463
00.0000000394786008328651405463
00.0000000394786008328651405463
00.0000000394786008328651405463
00.0000000394786008328651405463
00.0000000394786008328651405463
00.0000000394786008328651405463
00.0000000394786008328651405463
00.0000000394786008328651405463
00.0000000394786008328651405463
00.0000000394786008328651405463
00.0000000394786008328651405463
00.0000000394786008328651405463
00.0000000394786008328651405463
00.0000000394786008328651405463
00.0000000394786008328651405463
00.0000000394786008328651405463
00.0000000394786008328651405463
00.0000000394786008328651405463
00.0000000394786008328651405463
00.0000000394786008328651405463
00.0000000394786008328651405463
00.0000000394786008328651405463
00.0000000394786008328651405463
00.0000000394786008328651405463
00.0000000394786008328651405463
00.0000000394786008328651405463
00.0000000394786008328651405463
00.0000000394786008328651405463
00.0000000394786008328651405463
00.0000000394786008328651405463
00.0000000394786008328651405463
00.0000000394786008328651405463
00.0000000394786008328651405463
00.0000000394786008328651405463
00.0000000394786008328651405463
00.0000000394786008328651405463
00.0000000394786008328651405463
00.0000000394786008328651405463
00.0000000394786008328651405463
00.0000000394786008328651405463
00.0000000394786008328651405463
00.0000000394786008328651405463
00.0000000394786008328651405463
00.0000000394786008328651405463
00.0000000394786008328651405463
00.0000000394786008328651405463
00.0000000394786008328651405463
00.0000000394786008328651405463
00.0000000394786008328651405463
00.0000000394786008328651405463
00.0000000394786008328651405463
00.0000000394786008328651405463
00.0000000394786008328651405463
00.0000000394786008328651405463
00.0000000394786008328651405463
00.0000000394786008328651405463
00.0000000394786008328651405463
00.0000000394786008328651405463
00.0000000394786008328651405463
00.0000000394786008328651405463
00.0000000394786008328651405463
00.0000000394786008328651405463
00.0000000394786008328651405463
00.0000000394786008328651405463
00.0000000394786008328651405463
00.0000000394786008328651405463
00.0000000394786008328651405463
00.0000000394786008328651405463
00.0000000394786008328651405463
00.0000000394786008328651405463
00.0000000394786008328651405463
00.0000000394786008328651405463
00.0000000394786008328651405463
00.0000000394786008328651405463
00.0000000394786008328651405463
00.0000000394786008328651405463
00.0000000394786008328651405463
00.0000000394786008328651405463
00.0000000394786008328651405463
00.0000000394786008328651405463
00.0000000394786008328651405463
00.0000000394786008328651405463
00.0000000394786008328651405463
00.0000000394786008328651405463
00.0000000394786008328651405463
00.0000000394786008328651405463
00.0000000394786008328651405463
00.0000000394786008328651405463
00.0000000394786008328651405463
00.0000000394786008328651405463
00.0000000394786008328651405463
00.0000000394786008328651405463
00.0000000394786008328651405463
00.0000000394786008328651405463
00.0000000394786008328651405463
00.0000000394786008328651405463
00.0000000394786008328651405463
00.0000000394786008328651405463
00.0000000394786008328651405463
00.0000000394786008328651405463
00.0000000394786008328651405463
00.0000000394786008328651405463
00.0000000394786008328651405463
00.0000000394786008328651405463
00.0000000394786008328651405463
00.0000000394786008328651405463
00.0000000394786008328651405463
00.0000000394786008328651405463
00.0000000394786008328651405463
00.0000000394786008328651405463
00.0000000394786008328651405463
00.0000000394786008328651405463
00.0000000394786008328651405463
00.0000000394786008328651405463
00.0000000394786008328651405463
00.0000000394786008328651405463
00.0000000394786008328651405463
00.0000000394786008328651405463
00.0000000394786008328651405463
00.0000000394786008328651405463
00.0000000394786008328651405463
00.0000000394786008328651405463
00.0000000394786008328651405463
00.0000000394786008328651405463
00.0000000394786008328651405463
00.0000000394786008328651405463
00.0000000394786008328651405463
00.0000000394786008328651405463
00.0000000394786008328651405463
00.0000000394786008328651405463
00.0000000394786008328651405463
00.0000000394786008328651405463
00.0000000394786008328651405463
00.0000000394786008328651405463
00.0000000394786008328651405463
00.0000000394786008328651405463
00.0000000394786008328651405463
00.0000000394786008328651405463
00.0000000394786008328651405463
00.0000000394786008328651405463
00.0000000394786008328651405463
00.0000000394786008328651405463
00.0000000394786008328651405463
00.0000000394786008328651405463
00.0000000394786008328651405463
00.0000000394786008328651405463
00.0000000394786008328651405463
00.0000000394786008328651405463
00.0000000394786008328651405463
00.0000000394786008328651405463
00.0000000394786008328651405463
00.0000000394786008328651405463
00.0000000394786008328651405463
00.0000000394786008328651405463
00.0000000394786008328651405463
00.0000000394786008328651405463
00.0000000394786008328651405463
00.0000000394786008328651405463
00.0000000394786008328651405463
00.0000000394786008328651405463
00.0000000394786008328651405463
00.0000000394786008328651405463
00.0000000394786008328651405463
00.0000000394786008328651405463
00.0000000394786008328651405463
00.0000000394786008328651405463
00.0000000394786008328651405463
00.0000000394786008328651405463
00.0000000394786008328651405463
00.0000000394786008328651405463
00.0000000394786008328651405463
00.0000000394786008328651405463
00.0000000394786008328651405463
00.0000000394786008328651405463
00.0000000394786008328651405463
00.0000000394786008328651405463
00.0000000394786008328651405463
00.0000000394786008328651405463
00.0000000394786008328651405463
00.0000000394786008328651405463
00.0000000394786008328651405463
00.0000000394786008328651405463
00.0000000394786008328651405463
00.0000000394786008328651405463
00.0000000394786008328651405463
00.0000000394786008328651405463
00.0000000394786008328651405463
00.0000000394786008328651405463
00.0000000394786008328651405463
00.0000000394786008328651405463
00.0000000394786008328651405463
00.0000000394786008328651405463
00.0000000394786008328651405463
00.0000000394786008328651405463
00.0000000394786008328651405463
00.0000000394786008328651405463
00.0000000394786008328651405463
00.0000000394786008328651405463
00.0000000394786008328651405463
00.0000000394786008328651405463
00.0000000394786008328651405463
00.0000000394786008328651405463
00.0000000394786008328651405463
00.0000000394786008328651405463
00.0000000394786008328651405463
00.0000000394786008328651405463
00.0000000394786008328651405463
00.0000000394786008328651405463
00.0000000394786008328651405463
00.0000000394786008328651405463
00.0000000394786008328651405463
00.0000000394786008328651405463
00.0000000394786008328651405463
00.0000000394786008328651405463
00.0000000394786008328651405463
00.0000000394786008328651405463
00.0000000394786008328651405463
00.0000000394786008328651405463
00.0000000394786008328651405463
00.0000000394786008328651405463
00.0000000394786008328651405463
00.0000000394786008328651405463
00.0000000394786008328651405463
00.0000000394786008328651405463
00.0000000394786008328651405463
00.0000000394786008328651405463
00.0000000394786008328651405463
00.0000000394786008328651405463
00.0000000394786008328651405463
00.0000000394786008328651405463
00.0000000394786008328651405463
00.0000000394786008328651405463
00.0000000394786008328651405463
00.0000000394786008328651405463
00.0000000394786008328651405463
00.0000000394786008328651405463
00.0000000394786008328651405463
00.0000000394786008328651405463
00.0000000394786008328651405463
00.0000000394786008328651405463
00.0000000394786008328651405463
00.0000000394786008328651405463
00.0000000394786008328651405463
00.0000000394786008328651405463
00.0000000394786008328651405463
00.0000000394786008328651405463
00.0000000394786008328651405463
00.0000000394786008328651405463
00.0000000394786008328651405463
00.0000000394786008328651405463
00.0000000394786008328651405463
00.0000000394786008328651405463
00.0000000394786008328651405463
00.0000000394786008328651405463
00.0000000394786008328651405463
00.0000000394786008328651405463
00.0000000394786008328651405463
00.0000000394786008328651405463
00.0000000394786008328651405463
00.0000000394786008328651405463
00.0000000394786008328651405463
00.0000000394786008328651405463
00.0000000394786008328651405463
00.0000000394786008328651405463
00.0000000394786008328651405463
00.0000000394786008328651405463
00.0000000394786008328651405463
00.0000000394786008328651405463
00.0000000394786008328651405463
00.0000000394786008328651405463
00.0000000394786008328651405463
00.0000000394786008328651405463
00.0000000394786008328651405463
00.0000000394786008328651405463
00.0000000394786008328651405463
00.0000000394786008328651405463
00.0000000394786008328651405463
00.0000000394786008328651405463
00.0000000394786008328651405463
00.0000000394786008328651405463
00.0000000394786008328651405463
00.0000000394786008328651405463
00.0000000394786008328651405463
00.0000000394786008328651405463
00.0000000394786008328651405463
00.0000000394786008328651405463
00.0000000394786008328651405463
00.0000000394786008328651405463
00.0000000394786008328651405463
00.0000000394786008328651405463
00.0000000394786008328651405463
00.0000000394786008328651405463
00.0000000394786008328651405463
00.0000000394786008328651405463
00.0000000394786008328651405463
00.0000000394786008328651405463
00.0000000394786008328651405463
00.0000000394786008328651405463
00.0000000394786008328651405463
00.0000000394786008328651405463
00.0000000394786008328651405463
00.0000000394786008328651405463
00.0000000394786008328651405463
00.0000000394786008328651405463
00.0000000394786008328651405463
00.0000000394786008328651405463
00.0000000394786008328651405463
00.0000000394786008328651405463
00.0000000394786008328651405463
00.0000000394786008328651405463
00.0000000394786008328651405463
00.0000000394786008328651405463
00.0000000394786008328651405463
00.0000000394786008328651405463
00.0000000394786008328651405463
00.0000000394786008328651405463
00.0000000394786008328651405463
00.0000000394786008328651405463
00.0000000394786008328651405463
00.0000000394786008328651405463
00.0000000394786008328651405463
00.0000000394786008328651405463
00.0000000394786008328651405463
00.0000000394786008328651405463
00.0000000394786008328651405463
00.0000000394786008328651405463
00.0000000394786008328651405463
00.0000000394786008328651405463
00.0000000394786008328651405463
00.0000000394786008328651405463
00.0000000394786008328651405463
00.0000000394786008328651405463
00.0000000394786008328651405463
00.0000000394786008328651405463
00.0000000394786008328651405463
00.0000000394786008328651405463
00.0000000394786008328651405463
00.0000000394786008328651405463
00.0000000394786008328651405463
00.0000000394786008328651405463
00.0000000394786008328651405463
00.0000000394786008328651405463
00.0000000394786008328651405463
00.0000000394786008328651405463
00.0000000394786008328651405463
00.0000000394786008328651405463
00.0000000394786008328651405463
00.0000000394786008328651405463
00.0000000394786008328651405463
00.0000000394786008328651405463
00.0000000394786008328651405463
00.0000000394786008328651405463
00.0000000394786008328651405463
00.0000000394786008328651405463
00.0000000394786008328651405463
00.0000000394786008328651405463
00.0000000394786008328651405463
00.0000000394786008328651405463
00.0000000394786008328651405463
00.0000000394786008328651405463
00.0000000394786008328651405463
00.0000000394786008328651405463
00.0000000394786008328651405463
00.0000000394786008328651405463
00.0000000394786008328651405463
00.0000000394786008328651405463
00.0000000394786008328651405463
00.0000000394786008328651405463
00.0000000394786008328651405463
00.0000000394786008328651405463
00.0000000394786008328651405463
00.0000000394786008328651405463
00.0000000394786008328651405463
00.0000000394786008328651405463
00.0000000394786008328651405463
00.0000000394786008328651405463
00.0000000394786008328651405463
00.0000000394786008328651405463
00.0000000394786008328651405463
00.0000000394786008328651405463
00.0000000394786008328651405463
00.0000000394786008328651405463
00.0000000394786008328651405463
00.0000000394786008328651405463
00.0000000394786008328651405463
00.0000000394786008328651405463
00.0000000394786008328651405463
00.0000000394786008328651405463
00.0000000394786008328651405463
00.0000000394786008328651405463
00.0000000394786008328651405463
00.0000000394786008328651405463
00.0000000394786008328651405463
00.0000000394786008328651405463
00.0000000394786008328651405463
00.0000000394786008328651405463
00.0000000394786008328651405463
00.0000000394786008328651405463
00.0000000394786008328651405463
00.0000000394786008328651405463
00.0000000394786008328651405463
00.0000000394786008328651405463
00.0000000394786008328651405463
00.0000000394786008328651405463
00.0000000394786008328651405463
00.0000000394786008328651405463
00.0000000394786008328651405463
00.0000000394786008328651405463
00.0000000394786008328651405463
00.0000000394786008328651405463
00.0000000394786008328651405463
00.0000000394786008328651405463
00.0000000394786008328651405463
00.0000000394786008328651405463
00.0000000394786008328651405463
00.0000000394786008328651405463
00.0000000394786008328651405463
00.0000000394786008328651405463
00.0000000394786008328651405463
00.0000000394786008328651405463
00.0000000394786008328651405463
00.0000000394786008328651405463
00.0000000394786008328651405463
00.0000000394786008328651405463
00.0000000394786008328651405463
00.0000000394786008328651405463
00.0000000394786008328651405463
00.0000000394786008328651405463
00.0000000394786008328651405463
00.0000000394786008328651405463
00.0000000394786008328651405463
00.0000000394786008328651405463
00.0000000394786008328651405463
00.0000000394786008328651405463
00.0000000394786008328651405463
00.0000000394786008328651405463
00.0000000394786008328651405463
00.0000000394786008328651405463
00.0000000394786008328651405463
00.0000000394786008328651405463
00.0000000394786008328651405463
00.0000000394786008328651405463
00.0000000394786008328651405463
00.0000000394786008328651405463
00.0000000394786008328651405463
00.0000000394786008328651405463
00.0000000394786008328651405463
00.0000000394786008328651405463
00.0000000394786008328651405463
00.0000000394786008328651405463
00.0000000394786008328651405463
00.0000000394786008328651405463
00.0000000394786008328651405463
00.0000000394786008328651405463
00.0000000394786008328651405463
00.0000000394786008328651405463
00.0000000394786008328651405463
00.0000000394786008328651405463
00.0000000394786008328651405463
00.0000000394786008328651405463
00.0000000394786008328651405463
00.0000000394786008328651405463
00.0000000394786008328651405463
00.0000000394786008328651405463
00.0000000394786008328651405463
00.0000000394786008328651405463
00.0000000394786008328651405463
00.0000000394786008328651405463
00.0000000394786008328651405463
00.0000000394786008328651405463
00.0000000394786008328651405463
00.0000000394786008328651405463
00.0000000394786008328651405463
00.0000000394786008328651405463
00.0000000394786008328651405463
00.0000000394786008328651405463
00.0000000394786008328651405463
00.0000000394786008328651405463
00.0000000394786008328651405463
00.0000000394786008328651405463
00.0000000394786008328651405463
00.0000000394786008328651405463
00.0000000394786008328651405463
00.0000000394786008328651405463
00.0000000394786008328651405463
00.0000000394786008328651405463
00.0000000394786008328651405463
00.0000000394786008328651405463
00.0000000394786008328651405463
00.0000000394786008328651405463
00.0000000394786008328651405463
00.0000000394786008328651405463
00.0000000394786008328651405463
00.0000000394786008328651405463
00.0000000394786008328651405463
00.0000000394786008328651405463
00.0000000394786008328651405463
00.0000000394786008328651405463
00.0000000394786008328651405463
00.0000000394786008328651405463
00.0000000394786008328651405463
00.0000000394786008328651405463
00.0000000394786008328651405463
00.0000000394786008328651405463
00.0000000394786008328651405463
00.0000000394786008328651405463
00.0000000394786008328651405463
00.0000000394786008328651405463
00.0000000394786008328651405463
00.0000000394786008328651405463
00.0000000394786008328651405463
00.0000000394786008328651405463
00.0000000394786008328651405463
00.0000000394786008328651405463
00.0000000394786008328651405463
00.0000000394786008328651405463
00.0000000394786008328651405463
00.0000000394786008328651405463
00.0000000394786008328651405463
00.0000000394786008328651405463
00.0000000394786008328651405463
00.0000000394786008328651405463
00.0000000394786008328651405463
00.0000000394786008328651405463
00.0000000394786008328651405463
00.0000000394786008328651405463
00.0000000394786008328651405463
00.0000000394786008328651405463
00.0000000394786008328651405463
00.0000000394786008328651405463
00.0000000394786008328651405463
00.0000000394786008328651405463
00.0000000394786008328651405463
00.0000000394786008328651405463
00.0000000394786008328651405463
00.0000000394786008328651405463
00.0000000394786008328651405463
00.0000000394786008328651405463
00.0000000394786008328651405463
00.0000000394786008328651405463
00.0000000394786008328651405463
00.0000000394786008328651405463
00.0000000394786008328651405463
00.0000000394786008328651405463
00.0000000394786008328651405463
00.0000000394786008328651405463
00.0000000394786008328651405463
00.0000000394786008328651405463
00.0000000394786008328651405463
00.0000000394786008328651405463
00.0000000394786008328651405463
00.0000000394786008328651405463
00.0000000394786008328651405463
00.0000000394786008328651405463
00.0000000394786008328651405463
00.0000000394786008328651405463
00.0000000394786008328651405463
00.0000000394786008328651405463
00.0000000394786008328651405463
00.0000000394786008328651405463
00.0000000394786008328651405463
00.0000000394786008328651405463
00.0000000394786008328651405463
00.0000000394786008328651405463
00.0000000394786008328651405463
00.0000000394786008328651405463
00.0000000394786008328651405463
00.0000000394786008328651405463
00.0000000394786008328651405463
00.0000000394786008328651405463
00.0000000394786008328651405463
00.0000000394786008328651405463
00.0000000394786008328651405463
00.0000000394786008328651405463
00.0000000394786008328651405463
00.0000000394786008328651405463
00.0000000394786008328651405463
00.0000000394786008328651405463
00.0000000394786008328651405463
00.0000000394786008328651405463
00.0000000394786008328651405463
00.0000000394786008328651405463
00.0000000394786008328651405463
00.0000000394786008328651405463
00.0000000394786008328651405463
00.0000000394786008328651405463
00.0000000394786008328651405463
00.0000000394786008328651405463
00.0000000394786008328651405463
00.0000000394786008328651405463
00.0000000394786008328651405463
00.0000000394786008328651405463
00.0000000394786008328651405463
00.0000000394786008328651405463
00.0000000394786008328651405463
00.0000000394786008328651405463
00.0000000394786008328651405463
00.0000000394786008328651405463
00.0000000394786008328651405463
00.0000000394786008328651405463
00.0000000394786008328651405463
00.0000000394786008328651405463
00.0000000394786008328651405463
00.0000000394786008328651405463
00.0000000394786008328651405463
00.0000000394786008328651405463
00.0000000394786008328651405463
00.0000000394786008328651405463
00.0000000394786008328651405463
00.0000000394786008328651405463
00.0000000394786008328651405463
00.0000000394786008328651405463
00.0000000394786008328651405463
00.0000000394786008328651405463
00.0000000394786008328651405463
00.0000000394786008328651405463
00.0000000394786008328651405463
00.0000000394786008328651405463
00.0000000394786008328651405463
00.0000000394786008328651405463
00.0000000394786008328651405463
00.0000000394786008328651405463
00.0000000394786008328651405463
00.0000000394786008328651405463
00.0000000394786008328651405463
00.0000000394786008328651405463
00.0000000394786008328651405463
00.0000000394786008328651405463
00.0000000394786008328651405463
00.0000000394786008328651405463
00.0000000394786008328651405463
00.0000000394786008328651405463
00.0000000394786008328651405463
00.0000000394786008328651405463
00.0000000394786008328651405463
00.0000000394786008328651405463
00.0000000394786008328651405463
00.0000000394786008328651405463
00.0000000394786008328651405463
00.0000000394786008328651405463
00.0000000394786008328651405463
00.0000000394786008328651405463
00.0000000394786008328651405463
00.0000000394786008328651405463
00.0000000394786008328651405463
00.0000000394786008328651405463
00.0000000394786008328651405463
00.0000000394786008328651405463
00.0000000394786008328651405463
00.0000000394786008328651405463
00.0000000394786008328651405463
00.0000000394786008328651405463
00.0000000394786008328651405463
00.0000000394786008328651405463
00.0000000394786008328651405463
00.0000000394786008328651405463
00.0000000394786008328651405463
00.0000000394786008328651405463
00.0000000394786008328651405463
00.0000000394786008328651405463
00.0000000394786008328651405463
00.0000000394786008328651405463
00.0000000394786008328651405463
00.0000000394786008328651405463
00.0000000394786008328651405463
00.0000000394786008328651405463
00.0000000394786008328651405463
00.0000000394786008328651405463
00.0000000394786008328651405463
00.0000000394786008328651405463
00.0000000394786008328651405463
00.0000000394786008328651405463
00.0000000394786008328651405463
00.0000000394786008328651405463
00.0000000394786008328651405463
00.0000000394786008328651405463
00.0000000394786008328651405463
00.0000000394786008328651405463
00.0000000394786008328651405463
00.0000000394786008328651405463
00.0000000394786008328651405463
00.0000000394786008328651405463
00.0000000394786008328651405463
00.0000000394786008328651405463
00.0000000394786008328651405463
00.0000000394786008328651405463
00.0000000394786008328651405463
00.0000000394786008328651405463
00.0000000394786008328651405463
00.0000000394786008328651405463
00.0000000394786008328651405463
00.0000000394786008328651405463
00.0000000394786008328651405463
00.0000000394786008328651405463
00.0000000394786008328651405463
00.0000000394786008328651405463
00.0000000394786008328651405463
00.0000000394786008328651405463
00.0000000394786008328651405463
00.0000000394786008328651405463
00.0000000394786008328651405463
00.0000000394786008328651405463
00.0000000394786008328651405463
00.0000000394786008328651405463
00.0000000394786008328651405463
00.0000000394786008328651405463
00.0000000394786008328651405463
00.0000000394786008328651405463
00.0000000394786008328651405463
00.0000000394786008328651405463
00.0000000394786008328651405463
00.0000000394786008328651405463
00.0000000394786008328651405463
00.0000000394786008328651405463
00.0000000394786008328651405463
00.0000000394786008328651405463
00.0000000394786008328651405463
00.0000000394786008328651405463
00.0000000394786008328651405463
00.0000000394786008328651405463
00.0000000394786008328651405463
00.0000000394786008328651405463
00.0000000394786008328651405463
00.0000000394786008328651405463
00.0000000394786008328651405463
00.0000000394786008328651405463
00.0000000394786008328651405463
00.0000000394786008328651405463
00.0000000394786008328651405463
00.0000000394786008328651405463
00.0000000394786008328651405463
00.0000000394786008328651405463
00.0000000394786008328651405463
00.0000000394786008328651405463
00.0000000394786008328651405463
00.0000000394786008328651405463
00.0000000394786008328651405463
00.0000000394786008328651405463
00.0000000394786008328651405463
00.0000000394786008328651405463
00.0000000394786008328651405463
00.0000000394786008328651405463
00.0000000394786008328651405463
00.0000000394786008328651405463
00.0000000394786008328651405463
00.0000000394786008328651405463
00.0000000394786008328651405463
00.0000000394786008328651405463
00.0000000394786008328651405463
00.0000000394786008328651405463
00.0000000394786008328651405463
00.0000000394786008328651405463
00.0000000394786008328651405463
00.0000000394786008328651405463
00.0000000394786008328651405463
00.0000000394786008328651405463
00.0000000394786008328651405463
00.0000000394786008328651405463
00.0000000394786008328651405463
00.0000000394786008328651405463
00.0000000394786008328651405463
00.0000000394786008328651405463
00.0000000394786008328651405463
00.0000000394786008328651405463
00.0000000394786008328651405463
00.0000000394786008328651405463
00.0000000394786008328651405463
00.0000000394786008328651405463
00.0000000394786008328651405463
00.0000000394786008328651405463
00.0000000394786008328651405463
00.0000000394786008328651405463
00.0000000394786008328651405463
00.0000000394786008328651405463
00.0000000394786008328651405463
00.0000000394786008328651405463
00.0000000394786008328651405463
00.0000000394786008328651405463
00.0000000394786008328651405463
00.0000000394786008328651405463
00.0000000394786008328651405463
00.0000000394786008328651405463
00.0000000394786008328651405463
00.0000000394786008328651405463
00.0000000394786008328651405463
00.0000000394786008328651405463
00.0000000394786008328651405463
00.0000000394786008328651405463
00.0000000394786008328651405463
00.0000000394786008328651405463
00.0000000394786008328651405463
00.0000000394786008328651405463
00.0000000394786008328651405463
00.0000000394786008328651405463
00.0000000394786008328651405463
00.0000000394786008328651405463
00.0000000394786008328651405463
00.0000000394786008328651405463
00.0000000394786008328651405463
00.0000000394786008328651405463
00.0000000394786008328651405463
00.0000000394786008328651405463
00.0000000394786008328651405463
00.0000000394786008328651405463
00.0000000394786008328651405463
00.0000000394786008328651405463
00.0000000394786008328651405463
00.0000000394786008328651405463
00.0000000394786008328651405463
00.0000000394786008328651405463
00.0000000394786008328651405463
00.0000000394786008328651405463
00.0000000394786008328651405463
00.0000000394786008328651405463
00.0000000394786008328651405463
00.0000000394786008328651405463
00.0000000394786008328651405463
00.0000000394786008328651405463
00.0000000394786008328651405463
00.0000000394786008328651405463
00.0000000394786008328651405463
00.0000000394786008328651405463
00.0000000394786008328651405463
00.0000000394786008328651405463
00.0000000394786008328651405463
00.0000000394786008328651405463
00.0000000394786008328651405463
00.0000000394786008328651405463
00.0000000394786008328651405463
00.0000000394786008328651405463
00.0000000394786008328651405463
00.0000000394786008328651405463
00.0000000394786008328651405463
00.0000000394786008328651405463
00.0000000394786008328651405463
00.0000000394786008328651405463
00.0000000394786008328651405463
00.0000000394786008328651405463
00.0000000394786008328651405463
00.0000000394786008328651405463
00.0000000394786008328651405463
00.0000000394786008328651405463
00.0000000394786008328651405463
00.0000000394786008328651405463
00.0000000394786008328651405463
00.0000000394786008328651405463
00.0000000394786008328651405463
00.0000000394786008328651405463
00.0000000394786008328651405463
00.0000000394786008328651405463
00.0000000394786008328651405463
00.0000000394786008328651405463
00.0000000394786008328651405463
00.0000000394786008328651405463
00.0000000394786008328651405463
00.0000000394786008328651405463
00.0000000394786008328651405463
00.0000000394786008328651405463
00.0000000394786008328651405463
00.0000000394786008328651405463
00.0000000394786008328651405463
00.0000000394786008328651405463
00.0000000394786008328651405463
00.0000000394786008328651405463
00.0000000394786008328651405463
00.0000000394786008328651405463
00.0000000394786008328651405463
00.0000000394786008328651405463
00.0000000394786008328651405463
00.0000000394786008328651405463
00.0000000394786008328651405463
00.0000000394786008328651405463
00.0000000394786008328651405463
00.0000000394786008328651405463
00.0000000394786008328651405463
00.0000000394786008328651405463
00.0000000394786008328651405463
00.0000000394786008328651405463
00.0000000394786008328651405463
00.0000000394786008328651405463
00.0000000394786008328651405463
00.0000000394786008328651405463
00.0000000394786008328651405463
00.0000000394786008328651405463
00.0000000394786008328651405463
00.0000000394786008328651405463
00.0000000394786008328651405463
00.0000000394786008328651405463
00.0000000394786008328651405463
00.0000000394786008328651405463
00.0000000394786008328651405463
00.0000000394786008328651405463
00.0000000394786008328651405463
00.0000000394786008328651405463
00.0000000394786008328651405463
00.0000000394786008328651405463
00.0000000394786008328651405463
00.0000000394786008328651405463
00.0000000394786008328651405463
00.0000000394786008328651405463
00.0000000394786008328651405463
00.0000000394786008328651405463
00.0000000394786008328651405463
00.0000000394786008328651405463
00.0000000394786008328651405463
00.0000000394786008328651405463
00.0000000394786008328651405463
00.0000000394786008328651405463
00.0000000394786008328651405463
00.0000000394786008328651405463
00.0000000394786008328651405463
00.0000000394786008328651405463
00.0000000394786008328651405463
00.0000000394786008328651405463
00.0000000394786008328651405463
00.0000000394786008328651405463
00.0000000394786008328651405463
00.0000000394786008328651405463
00.0000000394786008328651405463
00.0000000394786008328651405463
00.0000000394786008328651405463
00.0000000477700038414852201640
00.0000000477700038414852201640
00.0000000477700038414852201640
00.0000000477700038414852201640
00.0000000477700038414852201640
00.0000000477700038414852201640
00.0000000477700038414852201640
00.0000000477700038414852201640
00.0000000477700038414852201640
00.0000000477700038414852201640
00.0000000477700038414852201640
00.0000000477700038414852201640
00.0000000477700038414852201640
00.0000000477700038414852201640
00.0000000477700038414852201640
00.0000000477700038414852201640
00.0000000477700038414852201640
00.0000000477700038414852201640
00.0000000477700038414852201640
00.0000000477700038414852201640
00.0000000477700038414852201640
00.0000000477700038414852201640
00.0000000477700038414852201640
00.0000000477700038414852201640
00.0000000477700038414852201640
00.0000000477700038414852201640
00.0000000477700038414852201640
00.0000000477700038414852201640
00.0000000477700038414852201640
00.0000000477700038414852201640
00.0000000477700038414852201640
00.0000000477700038414852201640
00.0000000477700038414852201640
00.0000000477700038414852201640
00.0000000477700038414852201640
00.0000000477700038414852201640
00.0000000477700038414852201640
00.0000000477700038414852201640
00.0000000477700038414852201640
00.0000000477700038414852201640
00.0000000477700038414852201640
00.0000000477700038414852201640
00.0000000477700038414852201640
00.0000000477700038414852201640
00.0000000477700038414852201640
00.0000000477700038414852201640
00.0000000477700038414852201640
00.0000000477700038414852201640
00.0000000477700038414852201640
00.0000000477700038414852201640
00.0000000477700038414852201640
00.0000000477700038414852201640
00.0000000477700038414852201640
00.0000000477700038414852201640
00.0000000477700038414852201640
00.0000000477700038414852201640
00.0000000477700038414852201640
00.0000000477700038414852201640
00.0000000477700038414852201640
00.0000000477700038414852201640
00.0000000477700038414852201640
00.0000000477700038414852201640
00.0000000477700038414852201640
00.0000000477700038414852201640
00.0000000477700038414852201640
00.0000000477700038414852201640
00.0000000477700038414852201640
00.0000000477700038414852201640
00.0000000477700038414852201640
00.0000000477700038414852201640
00.0000000477700038414852201640
00.0000000477700038414852201640
00.0000000477700038414852201640
00.0000000477700038414852201640
00.0000000477700038414852201640
00.0000000477700038414852201640
00.0000000477700038414852201640
00.0000000477700038414852201640
00.0000000477700038414852201640
00.0000000477700038414852201640
00.0000000477700038414852201640
00.0000000477700038414852201640
00.0000000477700038414852201640
00.0000000477700038414852201640
00.0000000477700038414852201640
00.0000000477700038414852201640
00.0000000477700038414852201640
00.0000000477700038414852201640
00.0000000477700038414852201640
00.0000000477700038414852201640
00.0000000477700038414852201640
00.0000000477700038414852201640
00.0000000477700038414852201640
00.0000000477700038414852201640
00.0000000477700038414852201640
00.0000000477700038414852201640
00.0000000477700038414852201640
00.0000000477700038414852201640
00.0000000477700038414852201640
00.0000000477700038414852201640
00.0000000477700038414852201640
00.0000000477700038414852201640
00.0000000477700038414852201640
00.0000000477700038414852201640
00.0000000477700038414852201640
00.0000000477700038414852201640
00.0000000477700038414852201640
00.0000000477700038414852201640
00.0000000477700038414852201640
00.0000000477700038414852201640
00.0000000477700038414852201640
00.0000000477700038414852201640
00.0000000477700038414852201640
00.0000000477700038414852201640
00.0000000477700038414852201640
00.0000000477700038414852201640
00.0000000477700038414852201640
00.0000000477700038414852201640
00.0000000477700038414852201640
00.0000000477700038414852201640
00.0000000477700038414852201640
00.0000000477700038414852201640
00.0000000477700038414852201640
00.0000000477700038414852201640
00.0000000477700038414852201640
00.0000000477700038414852201640
00.0000000477700038414852201640
00.0000000477700038414852201640
00.0000000477700038414852201640
00.0000000477700038414852201640
00.0000000477700038414852201640
00.0000000477700038414852201640
00.0000000477700038414852201640
00.0000000477700038414852201640
00.0000000477700038414852201640
00.0000000477700038414852201640
00.0000000477700038414852201640
00.0000000477700038414852201640
00.0000000477700038414852201640
00.0000000477700038414852201640
00.0000000477700038414852201640
00.0000000477700038414852201640
00.0000000477700038414852201640
00.0000000477700038414852201640
00.0000000477700038414852201640
00.0000000477700038414852201640
00.0000000477700038414852201640
00.0000000477700038414852201640
00.0000000477700038414852201640
00.0000000477700038414852201640
00.0000000477700038414852201640
00.0000000477700038414852201640
00.0000000477700038414852201640
00.0000000477700038414852201640
00.0000000477700038414852201640
00.0000000477700038414852201640
00.0000000477700038414852201640
00.0000000477700038414852201640
00.0000000477700038414852201640
00.0000000477700038414852201640
00.0000000477700038414852201640
00.0000000477700038414852201640
00.0000000477700038414852201640
00.0000000477700038414852201640
00.0000000477700038414852201640
00.0000000477700038414852201640
00.0000000477700038414852201640
00.0000000477700038414852201640
00.0000000477700038414852201640
00.0000000477700038414852201640
00.0000000477700038414852201640
00.0000000477700038414852201640
00.0000000477700038414852201640
00.0000000477700038414852201640
00.0000000477700038414852201640
00.0000000477700038414852201640
00.0000000477700038414852201640
00.0000000477700038414852201640
00.0000000477700038414852201640
00.0000000477700038414852201640
00.0000000477700038414852201640
00.0000000477700038414852201640
00.0000000477700038414852201640
00.0000000477700038414852201640
00.0000000477700038414852201640
00.0000000477700038414852201640
00.0000000477700038414852201640
00.0000000477700038414852201640
00.0000000477700038414852201640
00.0000000477700038414852201640
00.0000000477700038414852201640
00.0000000477700038414852201640
00.0000000477700038414852201640
00.0000000477700038414852201640
00.0000000477700038414852201640
00.0000000477700038414852201640
00.0000000477700038414852201640
00.0000000477700038414852201640
00.0000000477700038414852201640
00.0000000477700038414852201640
00.0000000477700038414852201640
00.0000000477700038414852201640
00.0000000477700038414852201640
00.0000000477700038414852201640
00.0000000477700038414852201640
00.0000000477700038414852201640
00.0000000477700038414852201640
00.0000000477700038414852201640
00.0000000477700038414852201640
00.0000000477700038414852201640
00.0000000477700038414852201640
00.0000000477700038414852201640
00.0000000477700038414852201640
00.0000000477700038414852201640
00.0000000477700038414852201640
00.0000000477700038414852201640
00.0000000477700038414852201640
00.0000000477700038414852201640
00.0000000477700038414852201640
00.0000000477700038414852201640
00.0000000477700038414852201640
00.0000000477700038414852201640
00.0000000477700038414852201640
00.0000000477700038414852201640
00.0000000477700038414852201640
00.0000000477700038414852201640
00.0000000477700038414852201640
00.0000000477700038414852201640
00.0000000477700038414852201640
00.0000000477700038414852201640
00.0000000477700038414852201640
00.0000000477700038414852201640
00.0000000477700038414852201640
00.0000000477700038414852201640
00.0000000477700038414852201640
00.0000000477700038414852201640
00.0000000477700038414852201640
00.0000000477700038414852201640
00.0000000477700038414852201640
00.0000000477700038414852201640
00.0000000477700038414852201640
00.0000000477700038414852201640
00.0000000477700038414852201640
00.0000000477700038414852201640
00.0000000477700038414852201640
00.0000000477700038414852201640
00.0000000477700038414852201640
00.0000000477700038414852201640
00.0000000477700038414852201640
00.0000000477700038414852201640
00.0000000477700038414852201640
00.0000000477700038414852201640
00.0000000477700038414852201640
00.0000000477700038414852201640
00.0000000477700038414852201640
00.0000000477700038414852201640
00.0000000477700038414852201640
00.0000000477700038414852201640
00.0000000477700038414852201640
00.0000000477700038414852201640
00.0000000477700038414852201640
00.0000000477700038414852201640
00.0000000477700038414852201640
00.0000000477700038414852201640
00.0000000477700038414852201640
00.0000000477700038414852201640
00.0000000477700038414852201640
00.0000000477700038414852201640
00.0000000477700038414852201640
00.0000000477700038414852201640
00.0000000477700038414852201640
00.0000000477700038414852201640
00.0000000477700038414852201640
00.0000000477700038414852201640
00.0000000477700038414852201640
00.0000000477700038414852201640
00.0000000477700038414852201640
00.0000000477700038414852201640
00.0000000477700038414852201640
00.0000000477700038414852201640
00.0000000477700038414852201640
00.0000000477700038414852201640
00.0000000477700038414852201640
00.0000000477700038414852201640
00.0000000477700038414852201640
00.0000000477700038414852201640
00.0000000477700038414852201640
00.0000000477700038414852201640
00.0000000477700038414852201640
00.0000000477700038414852201640
00.0000000477700038414852201640
00.0000000477700038414852201640
00.0000000477700038414852201640
00.0000000477700038414852201640
00.0000000477700038414852201640
00.0000000477700038414852201640
00.0000000477700038414852201640
00.0000000477700038414852201640
00.0000000477700038414852201640
00.0000000477700038414852201640
00.0000000477700038414852201640
00.0000000477700038414852201640
00.0000000477700038414852201640
00.0000000477700038414852201640
00.0000000477700038414852201640
00.0000000477700038414852201640
00.0000000477700038414852201640
00.0000000477700038414852201640
00.0000000477700038414852201640
00.0000000477700038414852201640
00.0000000477700038414852201640
00.0000000477700038414852201640
00.0000000477700038414852201640
00.0000000477700038414852201640
00.0000000477700038414852201640
00.0000000477700038414852201640
00.0000000477700038414852201640
00.0000000477700038414852201640
00.0000000477700038414852201640
00.0000000477700038414852201640
00.0000000477700038414852201640
00.0000000477700038414852201640
00.0000000477700038414852201640
00.0000000477700038414852201640
00.0000000477700038414852201640
00.0000000477700038414852201640
00.0000000477700038414852201640
00.0000000477700038414852201640
00.0000000477700038414852201640
00.0000000477700038414852201640
00.0000000477700038414852201640
00.0000000477700038414852201640
00.0000000477700038414852201640
00.0000000477700038414852201640
00.0000000477700038414852201640
00.0000000477700038414852201640
00.0000000477700038414852201640
00.0000000477700038414852201640
00.0000000477700038414852201640
00.0000000477700038414852201640
00.0000000477700038414852201640
00.0000000477700038414852201640
00.0000000477700038414852201640
00.0000000477700038414852201640
00.0000000477700038414852201640
00.0000000477700038414852201640
00.0000000477700038414852201640
00.0000000477700038414852201640
00.0000000477700038414852201640
00.0000000477700038414852201640
00.0000000477700038414852201640
00.0000000477700038414852201640
00.0000000477700038414852201640
00.0000000477700038414852201640
00.0000000477700038414852201640
00.0000000477700038414852201640
00.0000000477700038414852201640
00.0000000477700038414852201640
00.0000000477700038414852201640
00.0000000477700038414852201640
00.0000000477700038414852201640
00.0000000477700038414852201640
00.0000000477700038414852201640
00.0000000477700038414852201640
00.0000000477700038414852201640
00.0000000477700038414852201640
00.0000000477700038414852201640
00.0000000477700038414852201640
00.0000000477700038414852201640
00.0000000477700038414852201640
00.0000000477700038414852201640
00.0000000477700038414852201640
00.0000000477700038414852201640
00.0000000477700038414852201640
00.0000000477700038414852201640
00.0000000477700038414852201640
00.0000000477700038414852201640
00.0000000477700038414852201640
00.0000000477700038414852201640
00.0000000477700038414852201640
00.0000000477700038414852201640
00.0000000477700038414852201640
00.0000000477700038414852201640
00.0000000477700038414852201640
00.0000000477700038414852201640
00.0000000477700038414852201640
00.0000000477700038414852201640
00.0000000477700038414852201640
00.0000000477700038414852201640
00.0000000477700038414852201640
00.0000000477700038414852201640
00.0000000477700038414852201640
00.0000000477700038414852201640
00.0000000477700038414852201640
00.0000000477700038414852201640
00.0000000477700038414852201640
00.0000000477700038414852201640
00.0000000477700038414852201640
00.0000000477700038414852201640
00.0000000477700038414852201640
00.0000000477700038414852201640
00.0000000477700038414852201640
00.0000000477700038414852201640
00.0000000477700038414852201640
00.0000000477700038414852201640
00.0000000477700038414852201640
00.0000000477700038414852201640
00.0000000477700038414852201640
00.0000000477700038414852201640
00.0000000477700038414852201640
00.0000000477700038414852201640
00.0000000477700038414852201640
00.0000000477700038414852201640
00.0000000477700038414852201640
00.0000000477700038414852201640
00.0000000477700038414852201640
00.0000000477700038414852201640
00.0000000477700038414852201640
00.0000000477700038414852201640
00.0000000477700038414852201640
00.0000000477700038414852201640
00.0000000477700038414852201640
00.0000000477700038414852201640
00.0000000477700038414852201640
00.0000000477700038414852201640
00.0000000477700038414852201640
00.0000000477700038414852201640
00.0000000477700038414852201640
00.0000000477700038414852201640
00.0000000477700038414852201640
00.0000000477700038414852201640
00.0000000477700038414852201640
00.0000000477700038414852201640
00.0000000477700038414852201640
00.0000000477700038414852201640
00.0000000477700038414852201640
00.0000000477700038414852201640
00.0000000477700038414852201640
00.0000000477700038414852201640
00.0000000477700038414852201640
00.0000000477700038414852201640
00.0000000477700038414852201640
00.0000000477700038414852201640
00.0000000477700038414852201640
00.0000000477700038414852201640
00.0000000477700038414852201640
00.0000000477700038414852201640
00.0000000477700038414852201640
00.0000000477700038414852201640
00.0000000477700038414852201640
00.0000000477700038414852201640
00.0000000477700038414852201640
00.0000000477700038414852201640
00.0000000477700038414852201640
00.0000000477700038414852201640
00.0000000477700038414852201640
00.0000000477700038414852201640
00.0000000477700038414852201640
00.0000000477700038414852201640
00.0000000477700038414852201640
00.0000000477700038414852201640
00.0000000477700038414852201640
00.0000000477700038414852201640
00.0000000477700038414852201640
00.0000000477700038414852201640
00.0000000477700038414852201640
00.0000000477700038414852201640
00.0000000477700038414852201640
00.0000000477700038414852201640
00.0000000477700038414852201640
00.0000000477700038414852201640
00.0000000477700038414852201640
00.0000000477700038414852201640
00.0000000477700038414852201640
00.0000000477700038414852201640
00.0000000477700038414852201640
00.0000000477700038414852201640
00.0000000477700038414852201640
00.0000000477700038414852201640
00.0000000477700038414852201640
00.0000000477700038414852201640
00.0000000477700038414852201640
00.0000000477700038414852201640
00.0000000477700038414852201640
00.0000000477700038414852201640
00.0000000477700038414852201640
00.0000000477700038414852201640
00.0000000477700038414852201640
00.0000000477700038414852201640
00.0000000477700038414852201640
00.0000000477700038414852201640
00.0000000477700038414852201640
00.0000000477700038414852201640
00.0000000477700038414852201640
00.0000000477700038414852201640
00.0000000477700038414852201640
00.0000000477700038414852201640
00.0000000477700038414852201640
00.0000000477700038414852201640
00.0000000477700038414852201640
00.0000000477700038414852201640
00.0000000477700038414852201640
00.0000000477700038414852201640
00.0000000477700038414852201640
00.0000000477700038414852201640
00.0000000477700038414852201640
00.0000000477700038414852201640
00.0000000477700038414852201640
00.0000000477700038414852201640
00.0000000477700038414852201640
00.0000000477700038414852201640
00.0000000477700038414852201640
00.0000000477700038414852201640
00.0000000477700038414852201640
00.0000000477700038414852201640
00.0000000477700038414852201640
00.0000000477700038414852201640
00.0000000477700038414852201640
00.0000000477700038414852201640
00.0000000477700038414852201640
00.0000000477700038414852201640
00.0000000477700038414852201640
00.0000000477700038414852201640
00.0000000477700038414852201640
00.0000000477700038414852201640
00.0000000477700038414852201640
00.0000000477700038414852201640
00.0000000477700038414852201640
00.0000000477700038414852201640
00.0000000477700038414852201640
00.0000000477700038414852201640
00.0000000477700038414852201640
00.0000000477700038414852201640
00.0000000477700038414852201640
00.0000000477700038414852201640
00.0000000477700038414852201640
00.0000000477700038414852201640
00.0000000477700038414852201640
00.0000000477700038414852201640
00.0000000477700038414852201640
00.0000000477700038414852201640
00.0000000477700038414852201640
00.0000000477700038414852201640
00.0000000477700038414852201640
00.0000000477700038414852201640
00.0000000477700038414852201640
00.0000000477700038414852201640
00.0000000477700038414852201640
00.0000000477700038414852201640
00.0000000477700038414852201640
00.0000000477700038414852201640
00.0000000477700038414852201640
00.0000000477700038414852201640
00.0000000477700038414852201640
00.0000000477700038414852201640
00.0000000477700038414852201640
00.0000000477700038414852201640
00.0000000477700038414852201640
00.0000000477700038414852201640
00.0000000477700038414852201640
00.0000000477700038414852201640
00.0000000477700038414852201640
00.0000000477700038414852201640
00.0000000477700038414852201640
00.0000000477700038414852201640
00.0000000477700038414852201640
00.0000000477700038414852201640
00.0000000477700038414852201640
00.0000000477700038414852201640
00.0000000477700038414852201640
00.0000000477700038414852201640
00.0000000477700038414852201640
00.0000000477700038414852201640
00.0000000477700038414852201640
00.0000000477700038414852201640
00.0000000477700038414852201640
00.0000000477700038414852201640
00.0000000477700038414852201640
00.0000000477700038414852201640
00.0000000477700038414852201640
00.0000000477700038414852201640
00.0000000477700038414852201640
00.0000000477700038414852201640
00.0000000477700038414852201640
00.0000000477700038414852201640
00.0000000477700038414852201640
00.0000000477700038414852201640
00.0000000477700038414852201640
00.0000000477700038414852201640
00.0000000477700038414852201640
00.0000000477700038414852201640
00.0000000477700038414852201640
00.0000000477700038414852201640
00.0000000477700038414852201640
00.0000000477700038414852201640
00.0000000477700038414852201640
00.0000000477700038414852201640
00.0000000477700038414852201640
00.0000000477700038414852201640
00.0000000477700038414852201640
00.0000000477700038414852201640
00.0000000477700038414852201640
00.0000000477700038414852201640
00.0000000477700038414852201640
00.0000000477700038414852201640
00.0000000477700038414852201640
00.0000000477700038414852201640
00.0000000477700038414852201640
00.0000000477700038414852201640
00.0000000477700038414852201640
00.0000000477700038414852201640
00.0000000477700038414852201640
00.0000000477700038414852201640
00.0000000477700038414852201640
00.0000000477700038414852201640
00.0000000477700038414852201640
00.0000000477700038414852201640
00.0000000477700038414852201640
00.0000000477700038414852201640
00.0000000477700038414852201640
00.0000000477700038414852201640
00.0000000477700038414852201640
00.0000000477700038414852201640
00.0000000477700038414852201640
00.0000000477700038414852201640
00.0000000477700038414852201640
00.0000000477700038414852201640
00.0000000477700038414852201640
00.0000000477700038414852201640
00.0000000477700038414852201640
00.0000000477700038414852201640
00.0000000477700038414852201640
00.0000000477700038414852201640
00.0000000477700038414852201640
00.0000000477700038414852201640
00.0000000477700038414852201640
00.0000000477700038414852201640
00.0000000477700038414852201640
00.0000000477700038414852201640
00.0000000477700038414852201640
00.0000000477700038414852201640
00.0000000477700038414852201640
00.0000000477700038414852201640
00.0000000477700038414852201640
00.0000000477700038414852201640
00.0000000477700038414852201640
00.0000000477700038414852201640
00.0000000477700038414852201640
00.0000000477700038414852201640
00.0000000477700038414852201640
00.0000000477700038414852201640
00.0000000477700038414852201640
00.0000000477700038414852201640
00.0000000477700038414852201640
00.0000000477700038414852201640
00.0000000477700038414852201640
00.0000000477700038414852201640
00.0000000477700038414852201640
00.0000000477700038414852201640
00.0000000477700038414852201640
00.0000000477700038414852201640
00.0000000477700038414852201640
00.0000000477700038414852201640
00.0000000477700038414852201640
00.0000000477700038414852201640
00.0000000477700038414852201640
00.0000000477700038414852201640
00.0000000477700038414852201640
00.0000000477700038414852201640
00.0000000477700038414852201640
00.0000000477700038414852201640
00.0000000477700038414852201640
00.0000000477700038414852201640
00.0000000477700038414852201640
00.0000000477700038414852201640
00.0000000477700038414852201640
00.0000000477700038414852201640
00.0000000477700038414852201640
00.0000000477700038414852201640
00.0000000477700038414852201640
00.0000000477700038414852201640
00.0000000477700038414852201640
00.0000000477700038414852201640
00.0000000477700038414852201640
00.0000000477700038414852201640
00.0000000477700038414852201640
00.0000000477700038414852201640
00.0000000477700038414852201640
00.0000000477700038414852201640
00.0000000477700038414852201640
00.0000000477700038414852201640
00.0000000477700038414852201640
00.0000000477700038414852201640
00.0000000477700038414852201640
00.0000000477700038414852201640
00.0000000477700038414852201640
00.0000000477700038414852201640
00.0000000477700038414852201640
00.0000000477700038414852201640
00.0000000477700038414852201640
00.0000000477700038414852201640
00.0000000477700038414852201640
00.0000000477700038414852201640
00.0000000477700038414852201640
00.0000000477700038414852201640
00.0000000477700038414852201640
00.0000000477700038414852201640
00.0000000477700038414852201640
00.0000000477700038414852201640
00.0000000477700038414852201640
00.0000000477700038414852201640
00.0000000477700038414852201640
00.0000000477700038414852201640
00.0000000477700038414852201640
00.0000000477700038414852201640
00.0000000477700038414852201640
00.0000000477700038414852201640
00.0000000477700038414852201640
00.0000000477700038414852201640
00.0000000477700038414852201640
00.0000000477700038414852201640
00.0000000477700038414852201640
00.0000000477700038414852201640
00.0000000477700038414852201640
00.0000000477700038414852201640
00.0000000477700038414852201640
00.0000000477700038414852201640
00.0000000477700038414852201640
00.0000000477700038414852201640
00.0000000477700038414852201640
00.0000000477700038414852201640
00.0000000477700038414852201640
00.0000000477700038414852201640
00.0000000477700038414852201640
00.0000000477700038414852201640
00.0000000477700038414852201640
00.0000000477700038414852201640
00.0000000477700038414852201640
00.0000000477700038414852201640
00.0000000477700038414852201640
00.0000000477700038414852201640
00.0000000477700038414852201640
00.0000000477700038414852201640
00.0000000477700038414852201640
00.0000000477700038414852201640
00.0000000477700038414852201640
00.0000000477700038414852201640
00.0000000477700038414852201640
00.0000000477700038414852201640
00.0000000477700038414852201640
00.0000000477700038414852201640
00.0000000477700038414852201640
00.0000000477700038414852201640
00.0000000477700038414852201640
00.0000000477700038414852201640
00.0000000477700038414852201640
00.0000000477700038414852201640
00.0000000477700038414852201640
00.0000000477700038414852201640
00.0000000477700038414852201640
00.0000000477700038414852201640
00.0000000477700038414852201640
00.0000000477700038414852201640
00.0000000477700038414852201640
00.0000000477700038414852201640
00.0000000477700038414852201640
00.0000000477700038414852201640
00.0000000477700038414852201640
00.0000000477700038414852201640
00.0000000477700038414852201640
00.0000000477700038414852201640
00.0000000477700038414852201640
00.0000000477700038414852201640
00.0000000477700038414852201640
00.0000000477700038414852201640
00.0000000477700038414852201640
00.0000000477700038414852201640
00.0000000477700038414852201640
00.0000000477700038414852201640
00.0000000477700038414852201640
00.0000000477700038414852201640
00.0000000477700038414852201640
00.0000000477700038414852201640
00.0000000477700038414852201640
00.0000000477700038414852201640
00.0000000477700038414852201640
00.0000000477700038414852201640
00.0000000477700038414852201640
00.0000000477700038414852201640
00.0000000477700038414852201640
00.0000000477700038414852201640
00.0000000477700038414852201640
00.0000000477700038414852201640
00.0000000477700038414852201640
00.0000000477700038414852201640
00.0000000477700038414852201640
00.0000000477700038414852201640
00.0000000477700038414852201640
00.0000000477700038414852201640
00.0000000477700038414852201640
00.0000000477700038414852201640
00.0000000477700038414852201640
00.0000000477700038414852201640
00.0000000477700038414852201640
00.0000000477700038414852201640
00.0000000477700038414852201640
00.0000000477700038414852201640
00.0000000477700038414852201640
00.0000000477700038414852201640
00.0000000477700038414852201640
00.0000000477700038414852201640
00.0000000477700038414852201640
00.0000000477700038414852201640
00.0000000477700038414852201640
00.0000000477700038414852201640
00.0000000477700038414852201640
00.0000000477700038414852201640
00.0000000477700038414852201640
00.0000000477700038414852201640
00.0000000477700038414852201640
00.0000000477700038414852201640
00.0000000477700038414852201640
00.0000000477700038414852201640
00.0000000477700038414852201640
00.0000000477700038414852201640
00.0000000477700038414852201640
00.0000000477700038414852201640
00.0000000477700038414852201640
00.0000000477700038414852201640
00.0000000477700038414852201640
00.0000000477700038414852201640
00.0000000477700038414852201640
00.0000000477700038414852201640
00.0000000477700038414852201640
00.0000000477700038414852201640
00.0000000477700038414852201640
00.0000000477700038414852201640
00.0000000477700038414852201640
00.0000000477700038414852201640
00.0000000477700038414852201640
00.0000000477700038414852201640
00.0000000477700038414852201640
00.0000000477700038414852201640
00.0000000477700038414852201640
00.0000000477700038414852201640
00.0000000477700038414852201640
00.0000000477700038414852201640
00.0000000477700038414852201640
00.0000000477700038414852201640
00.0000000477700038414852201640
00.0000000477700038414852201640
00.0000000477700038414852201640
00.0000000477700038414852201640
00.0000000477700038414852201640
00.0000000477700038414852201640
00.0000000477700038414852201640
00.0000000477700038414852201640
00.0000000477700038414852201640
00.0000000477700038414852201640
00.0000000477700038414852201640
00.0000000477700038414852201640
00.0000000477700038414852201640
00.0000000477700038414852201640
00.0000000477700038414852201640
00.0000000477700038414852201640
00.0000000477700038414852201640
00.0000000477700038414852201640
00.0000000477700038414852201640
00.0000000477700038414852201640
00.0000000477700038414852201640
00.0000000477700038414852201640
00.0000000477700038414852201640
00.0000000477700038414852201640
00.0000000477700038414852201640
00.0000000477700038414852201640
00.0000000477700038414852201640
00.0000000477700038414852201640
00.0000000477700038414852201640
00.0000000477700038414852201640
00.0000000477700038414852201640
00.0000000477700038414852201640
00.0000000477700038414852201640
00.0000000477700038414852201640
00.0000000477700038414852201640
00.0000000477700038414852201640
00.0000000477700038414852201640
00.0000000477700038414852201640
00.0000000477700038414852201640
00.0000000477700038414852201640
00.0000000477700038414852201640
00.0000000477700038414852201640
00.0000000477700038414852201640
00.0000000477700038414852201640
00.0000000477700038414852201640
00.0000000477700038414852201640
00.0000000477700038414852201640
00.0000000477700038414852201640
00.0000000477700038414852201640
00.0000000477700038414852201640
00.0000000477700038414852201640
00.0000000477700038414852201640
00.0000000477700038414852201640
00.0000000477700038414852201640
00.0000000477700038414852201640
00.0000000477700038414852201640
00.0000000477700038414852201640
00.0000000477700038414852201640
00.0000000477700038414852201640
00.0000000477700038414852201640
00.0000000477700038414852201640
00.0000000477700038414852201640
00.0000000477700038414852201640
00.0000000477700038414852201640
00.0000000477700038414852201640
00.0000000477700038414852201640
00.0000000477700038414852201640
00.0000000477700038414852201640
00.0000000477700038414852201640
00.0000000477700038414852201640
00.0000000477700038414852201640
00.0000000477700038414852201640
00.0000000477700038414852201640
00.0000000477700038414852201640
00.0000000477700038414852201640
00.0000000477700038414852201640
00.0000000477700038414852201640
00.0000000477700038414852201640
00.0000000477700038414852201640
00.0000000477700038414852201640
00.0000000477700038414852201640
00.0000000477700038414852201640
00.0000000477700038414852201640
00.0000000477700038414852201640
00.0000000477700038414852201640
00.0000000477700038414852201640
00.0000000477700038414852201640
00.0000000477700038414852201640
00.0000000477700038414852201640
00.0000000477700038414852201640
00.0000000477700038414852201640
00.0000000477700038414852201640
00.0000000477700038414852201640
00.0000000477700038414852201640
00.0000000477700038414852201640
00.0000000477700038414852201640
00.0000000477700038414852201640
00.0000000477700038414852201640
00.0000000477700038414852201640
00.0000000477700038414852201640
00.0000000477700038414852201640
00.0000000477700038414852201640
00.0000000477700038414852201640
00.0000000477700038414852201640
00.0000000477700038414852201640
00.0000000477700038414852201640
00.0000000477700038414852201640
00.0000000477700038414852201640
00.0000000477700038414852201640
00.0000000477700038414852201640
00.0000000477700038414852201640
00.0000000477700038414852201640
00.0000000477700038414852201640
00.0000000477700038414852201640
00.0000000477700038414852201640
00.0000000477700038414852201640
00.0000000477700038414852201640
00.0000000477700038414852201640
00.0000000477700038414852201640
00.0000000477700038414852201640
00.0000000477700038414852201640
00.0000000477700038414852201640
00.0000000477700038414852201640
00.0000000477700038414852201640
00.0000000477700038414852201640
00.0000000477700038414852201640
00.0000000477700038414852201640
00.0000000477700038414852201640
00.0000000477700038414852201640
00.0000000477700038414852201640
00.0000000477700038414852201640
00.0000000477700038414852201640
00.0000000477700038414852201640
00.0000000477700038414852201640
00.0000000477700038414852201640
00.0000000477700038414852201640
00.0000000477700038414852201640
00.0000000477700038414852201640
00.0000000477700038414852201640
00.0000000477700038414852201640
00.0000000477700038414852201640
00.0000000477700038414852201640
00.0000000477700038414852201640
00.0000000477700038414852201640
00.0000000477700038414852201640
00.0000000477700038414852201640
00.0000000477700038414852201640
00.0000000477700038414852201640
00.0000000477700038414852201640
00.0000000477700038414852201640
00.0000000477700038414852201640
00.0000000353915082795808189076
00.0000000353915082795808189076
00.0000000353915082795808189076
00.0000000353915082795808189076
00.0000000353915082795808189076
00.0000000353915082795808189076
00.0000000353915082795808189076
00.0000000353915082795808189076
00.0000000353915082795808189076
00.0000000353915082795808189076
00.0000000353915082795808189076
00.0000000353915082795808189076
00.0000000353915082795808189076
00.0000000353915082795808189076
00.0000000353915082795808189076
00.0000000353915082795808189076
00.0000000353915082795808189076
00.0000000353915082795808189076
00.0000000353915082795808189076
00.0000000353915082795808189076
00.0000000353915082795808189076
00.0000000353915082795808189076
00.0000000353915082795808189076
00.0000000353915082795808189076
00.0000000353915082795808189076
00.0000000353915082795808189076
00.0000000353915082795808189076
00.0000000353915082795808189076
00.0000000353915082795808189076
00.0000000353915082795808189076
00.0000000353915082795808189076
00.0000000353915082795808189076
00.0000000353915082795808189076
00.0000000353915082795808189076
00.0000000353915082795808189076
00.0000000353915082795808189076
00.0000000353915082795808189076
00.0000000353915082795808189076
00.0000000353915082795808189076
00.0000000353915082795808189076
00.0000000353915082795808189076
00.0000000353915082795808189076
00.0000000353915082795808189076
00.0000000353915082795808189076
00.0000000353915082795808189076
00.0000000353915082795808189076
00.0000000353915082795808189076
00.0000000353915082795808189076
00.0000000353915082795808189076
00.0000000353915082795808189076
00.0000000353915082795808189076
00.0000000353915082795808189076
00.0000000353915082795808189076
00.0000000353915082795808189076
00.0000000353915082795808189076
00.0000000353915082795808189076
00.0000000353915082795808189076
00.0000000353915082795808189076
00.0000000353915082795808189076
00.0000000353915082795808189076
00.0000000353915082795808189076
00.0000000353915082795808189076
00.0000000353915082795808189076
00.0000000353915082795808189076
00.0000000353915082795808189076
00.0000000353915082795808189076
00.0000000353915082795808189076
00.0000000353915082795808189076
00.0000000353915082795808189076
00.0000000353915082795808189076
00.0000000353915082795808189076
00.0000000353915082795808189076
00.0000000353915082795808189076
00.0000000353915082795808189076
00.0000000353915082795808189076
00.0000000353915082795808189076
00.0000000353915082795808189076
00.0000000353915082795808189076
00.0000000353915082795808189076
00.0000000353915082795808189076
00.0000000353915082795808189076
00.0000000353915082795808189076
00.0000000353915082795808189076
00.0000000353915082795808189076
00.0000000353915082795808189076
00.0000000353915082795808189076
00.0000000353915082795808189076
00.0000000353915082795808189076
00.0000000353915082795808189076
00.0000000353915082795808189076
00.0000000353915082795808189076
00.0000000353915082795808189076
00.0000000353915082795808189076
00.0000000353915082795808189076
00.0000000353915082795808189076
00.0000000353915082795808189076
00.0000000353915082795808189076
00.0000000353915082795808189076
00.0000000353915082795808189076
00.0000000353915082795808189076
00.0000000353915082795808189076
00.0000000353915082795808189076
00.0000000353915082795808189076
00.0000000353915082795808189076
00.0000000353915082795808189076
00.0000000353915082795808189076
00.0000000353915082795808189076
00.0000000353915082795808189076
00.0000000353915082795808189076
00.0000000353915082795808189076
00.0000000353915082795808189076
00.0000000353915082795808189076
00.0000000353915082795808189076
00.0000000353915082795808189076
00.0000000353915082795808189076
00.0000000353915082795808189076
00.0000000353915082795808189076
00.0000000353915082795808189076
00.0000000353915082795808189076
00.0000000353915082795808189076
00.0000000353915082795808189076
00.0000000353915082795808189076
00.0000000353915082795808189076
00.0000000353915082795808189076
00.0000000353915082795808189076
00.0000000353915082795808189076
00.0000000353915082795808189076
00.0000000353915082795808189076
00.0000000353915082795808189076
00.0000000353915082795808189076
00.0000000353915082795808189076
00.0000000353915082795808189076
00.0000000353915082795808189076
00.0000000353915082795808189076
00.0000000353915082795808189076
00.0000000353915082795808189076
00.0000000353915082795808189076
00.0000000353915082795808189076
00.0000000353915082795808189076
00.0000000353915082795808189076
00.0000000353915082795808189076
00.0000000353915082795808189076
00.0000000353915082795808189076
00.0000000353915082795808189076
00.0000000353915082795808189076
00.0000000353915082795808189076
00.0000000353915082795808189076
00.0000000353915082795808189076
00.0000000353915082795808189076
00.0000000353915082795808189076
00.0000000353915082795808189076
00.0000000353915082795808189076
00.0000000353915082795808189076
00.0000000353915082795808189076
00.0000000353915082795808189076
00.0000000353915082795808189076
00.0000000353915082795808189076
00.0000000353915082795808189076
00.0000000353915082795808189076
00.0000000353915082795808189076
00.0000000353915082795808189076
00.0000000353915082795808189076
00.0000000353915082795808189076
00.0000000353915082795808189076
00.0000000353915082795808189076
00.0000000353915082795808189076
00.0000000353915082795808189076
00.0000000353915082795808189076
00.0000000353915082795808189076
00.0000000353915082795808189076
00.0000000353915082795808189076
00.0000000353915082795808189076
00.0000000353915082795808189076
00.0000000353915082795808189076
00.0000000353915082795808189076
00.0000000353915082795808189076
00.0000000353915082795808189076
00.0000000353915082795808189076
00.0000000353915082795808189076
00.0000000353915082795808189076
00.0000000353915082795808189076
00.0000000353915082795808189076
00.0000000353915082795808189076
00.0000000353915082795808189076
00.0000000353915082795808189076
00.0000000353915082795808189076
00.0000000353915082795808189076
00.0000000353915082795808189076
00.0000000353915082795808189076
00.0000000353915082795808189076
00.0000000353915082795808189076
00.0000000353915082795808189076
00.0000000353915082795808189076
00.0000000353915082795808189076
00.0000000353915082795808189076
00.0000000353915082795808189076
00.0000000353915082795808189076
00.0000000353915082795808189076
00.0000000353915082795808189076
00.0000000353915082795808189076
00.0000000353915082795808189076
00.0000000353915082795808189076
00.0000000353915082795808189076
00.0000000353915082795808189076
00.0000000353915082795808189076
00.0000000353915082795808189076
00.0000000353915082795808189076
00.0000000353915082795808189076
00.0000000353915082795808189076
00.0000000353915082795808189076
00.0000000353915082795808189076
00.0000000353915082795808189076
00.0000000353915082795808189076
00.0000000353915082795808189076
00.0000000353915082795808189076
00.0000000353915082795808189076
00.0000000353915082795808189076
00.0000000353915082795808189076
00.0000000353915082795808189076
00.0000000353915082795808189076
00.0000000353915082795808189076
00.0000000353915082795808189076
00.0000000353915082795808189076
00.0000000353915082795808189076
00.0000000353915082795808189076
00.0000000353915082795808189076
00.0000000353915082795808189076
00.0000000353915082795808189076
00.0000000353915082795808189076
00.0000000353915082795808189076
00.0000000353915082795808189076
00.0000000353915082795808189076
00.0000000353915082795808189076
00.0000000353915082795808189076
00.0000000353915082795808189076
00.0000000353915082795808189076
00.0000000353915082795808189076
00.0000000353915082795808189076
00.0000000353915082795808189076
00.0000000353915082795808189076
00.0000000353915082795808189076
00.0000000353915082795808189076
00.0000000353915082795808189076
00.0000000353915082795808189076
00.0000000353915082795808189076
00.0000000353915082795808189076
00.0000000353915082795808189076
00.0000000353915082795808189076
00.0000000353915082795808189076
00.0000000353915082795808189076
00.0000000353915082795808189076
00.0000000353915082795808189076
00.0000000353915082795808189076
00.0000000353915082795808189076
00.0000000353915082795808189076
00.0000000353915082795808189076
00.0000000353915082795808189076
00.0000000353915082795808189076
00.0000000353915082795808189076
00.0000000353915082795808189076
00.0000000353915082795808189076
00.0000000353915082795808189076
00.0000000353915082795808189076
00.0000000353915082795808189076
00.0000000353915082795808189076
00.0000000353915082795808189076
00.0000000353915082795808189076
00.0000000353915082795808189076
00.0000000353915082795808189076
00.0000000353915082795808189076
00.0000000353915082795808189076
00.0000000353915082795808189076
00.0000000353915082795808189076
00.0000000353915082795808189076
00.0000000353915082795808189076
00.0000000353915082795808189076
00.0000000353915082795808189076
00.0000000353915082795808189076
00.0000000353915082795808189076
00.0000000353915082795808189076
00.0000000353915082795808189076
00.0000000353915082795808189076
00.0000000353915082795808189076
00.0000000353915082795808189076
00.0000000353915082795808189076
00.0000000353915082795808189076
00.0000000353915082795808189076
00.0000000353915082795808189076
00.0000000353915082795808189076
00.0000000353915082795808189076
00.0000000353915082795808189076
00.0000000353915082795808189076
00.0000000353915082795808189076
00.0000000353915082795808189076
00.0000000353915082795808189076
00.0000000353915082795808189076
00.0000000353915082795808189076
00.0000000353915082795808189076
00.0000000353915082795808189076
00.0000000353915082795808189076
00.0000000353915082795808189076
00.0000000353915082795808189076
00.0000000353915082795808189076
00.0000000353915082795808189076
00.0000000353915082795808189076
00.0000000353915082795808189076
00.0000000353915082795808189076
00.0000000353915082795808189076
00.0000000353915082795808189076
00.0000000353915082795808189076
00.0000000353915082795808189076
00.0000000353915082795808189076
00.0000000353915082795808189076
00.0000000353915082795808189076
00.0000000353915082795808189076
00.0000000353915082795808189076
00.0000000353915082795808189076
00.0000000353915082795808189076
00.0000000353915082795808189076
00.0000000353915082795808189076
00.0000000353915082795808189076
00.0000000353915082795808189076
00.0000000353915082795808189076
00.0000000353915082795808189076
00.0000000353915082795808189076
00.0000000353915082795808189076
00.0000000353915082795808189076
00.0000000353915082795808189076
00.0000000353915082795808189076
00.0000000353915082795808189076
00.0000000353915082795808189076
00.0000000353915082795808189076
00.0000000353915082795808189076
00.0000000353915082795808189076
00.0000000353915082795808189076
00.0000000353915082795808189076
00.0000000353915082795808189076
00.0000000353915082795808189076
00.0000000353915082795808189076
00.0000000353915082795808189076
00.0000000353915082795808189076
00.0000000353915082795808189076
00.0000000353915082795808189076
00.0000000353915082795808189076
00.0000000353915082795808189076
00.0000000353915082795808189076
00.0000000353915082795808189076
00.0000000353915082795808189076
00.0000000353915082795808189076
00.0000000353915082795808189076
00.0000000353915082795808189076
00.0000000353915082795808189076
00.0000000353915082795808189076
00.0000000353915082795808189076
00.0000000353915082795808189076
00.0000000353915082795808189076
00.0000000353915082795808189076
00.0000000353915082795808189076
00.0000000353915082795808189076
00.0000000353915082795808189076
00.0000000353915082795808189076
00.0000000353915082795808189076
00.0000000353915082795808189076
00.0000000353915082795808189076
00.0000000353915082795808189076
00.0000000353915082795808189076
00.0000000353915082795808189076
00.0000000353915082795808189076
00.0000000353915082795808189076
00.0000000353915082795808189076
00.0000000353915082795808189076
00.0000000353915082795808189076
00.0000000353915082795808189076
00.0000000353915082795808189076
00.0000000353915082795808189076
00.0000000353915082795808189076
00.0000000353915082795808189076
00.0000000353915082795808189076
00.0000000353915082795808189076
00.0000000353915082795808189076
00.0000000353915082795808189076
00.0000000353915082795808189076
00.0000000353915082795808189076
00.0000000353915082795808189076
00.0000000353915082795808189076
00.0000000353915082795808189076
00.0000000353915082795808189076
00.0000000353915082795808189076
00.0000000353915082795808189076
00.0000000353915082795808189076
00.0000000353915082795808189076
00.0000000353915082795808189076
00.0000000353915082795808189076
00.0000000353915082795808189076
00.0000000353915082795808189076
00.0000000353915082795808189076
00.0000000353915082795808189076
00.0000000353915082795808189076
00.0000000353915082795808189076
00.0000000353915082795808189076
00.0000000353915082795808189076
00.0000000353915082795808189076
00.0000000353915082795808189076
00.0000000353915082795808189076
00.0000000353915082795808189076
00.0000000353915082795808189076
00.0000000353915082795808189076
00.0000000353915082795808189076
00.0000000353915082795808189076
00.0000000353915082795808189076
00.0000000353915082795808189076
00.0000000353915082795808189076
00.0000000353915082795808189076
00.0000000353915082795808189076
00.0000000353915082795808189076
00.0000000353915082795808189076
00.0000000353915082795808189076
00.0000000353915082795808189076
00.0000000353915082795808189076
00.0000000353915082795808189076
00.0000000353915082795808189076
00.0000000353915082795808189076
00.0000000353915082795808189076
00.0000000353915082795808189076
00.0000000353915082795808189076
00.0000000353915082795808189076
00.0000000353915082795808189076
00.0000000353915082795808189076
00.0000000353915082795808189076
00.0000000353915082795808189076
00.0000000353915082795808189076
00.0000000353915082795808189076
00.0000000353915082795808189076
00.0000000353915082795808189076
00.0000000353915082795808189076
00.0000000353915082795808189076
00.0000000353915082795808189076
00.0000000353915082795808189076
00.0000000353915082795808189076
00.0000000353915082795808189076
00.0000000353915082795808189076
00.0000000353915082795808189076
00.0000000353915082795808189076
00.0000000353915082795808189076
00.0000000353915082795808189076
00.0000000353915082795808189076
00.0000000353915082795808189076
00.0000000353915082795808189076
00.0000000353915082795808189076
00.0000000353915082795808189076
00.0000000353915082795808189076
00.0000000353915082795808189076
00.0000000353915082795808189076
00.0000000353915082795808189076
00.0000000353915082795808189076
00.0000000353915082795808189076
00.0000000353915082795808189076
00.0000000353915082795808189076
00.0000000353915082795808189076
00.0000000353915082795808189076
00.0000000353915082795808189076
00.0000000353915082795808189076
00.0000000353915082795808189076
00.0000000353915082795808189076
00.0000000353915082795808189076
00.0000000353915082795808189076
00.0000000353915082795808189076
00.0000000353915082795808189076
00.0000000353915082795808189076
00.0000000353915082795808189076
00.0000000353915082795808189076
00.0000000353915082795808189076
00.0000000353915082795808189076
00.0000000353915082795808189076
00.0000000353915082795808189076
00.0000000353915082795808189076
00.0000000353915082795808189076
00.0000000353915082795808189076
00.0000000353915082795808189076
00.0000000353915082795808189076
00.0000000353915082795808189076
00.0000000353915082795808189076
00.0000000353915082795808189076
00.0000000353915082795808189076
00.0000000353915082795808189076
00.0000000353915082795808189076
00.0000000353915082795808189076
00.0000000353915082795808189076
00.0000000353915082795808189076
00.0000000353915082795808189076
00.0000000353915082795808189076
00.0000000353915082795808189076
00.0000000353915082795808189076
00.0000000353915082795808189076
00.0000000353915082795808189076
00.0000000353915082795808189076
00.0000000353915082795808189076
00.0000000353915082795808189076
00.0000000353915082795808189076
00.0000000353915082795808189076
00.0000000353915082795808189076
00.0000000353915082795808189076
00.0000000353915082795808189076
00.0000000353915082795808189076
00.0000000353915082795808189076
00.0000000353915082795808189076
00.0000000353915082795808189076
00.0000000353915082795808189076
00.0000000353915082795808189076
00.0000000353915082795808189076
00.0000000353915082795808189076
00.0000000353915082795808189076
00.0000000353915082795808189076
00.0000000353915082795808189076
00.0000000353915082795808189076
00.0000000353915082795808189076
00.0000000353915082795808189076
00.0000000353915082795808189076
00.0000000353915082795808189076
00.0000000353915082795808189076
00.0000000353915082795808189076
00.0000000353915082795808189076
00.0000000353915082795808189076
00.0000000353915082795808189076
00.0000000353915082795808189076
00.0000000353915082795808189076
00.0000000353915082795808189076
00.0000000353915082795808189076
00.0000000353915082795808189076
00.0000000353915082795808189076
00.0000000353915082795808189076
00.0000000353915082795808189076
00.0000000353915082795808189076
00.0000000353915082795808189076
00.0000000353915082795808189076
00.0000000353915082795808189076
00.0000000353915082795808189076
00.0000000353915082795808189076
00.0000000353915082795808189076
00.0000000353915082795808189076
00.0000000353915082795808189076
00.0000000353915082795808189076
00.0000000353915082795808189076
00.0000000353915082795808189076
00.0000000353915082795808189076
00.0000000353915082795808189076
00.0000000353915082795808189076
00.0000000353915082795808189076
00.0000000353915082795808189076
00.0000000353915082795808189076
00.0000000353915082795808189076
00.0000000353915082795808189076
00.0000000353915082795808189076
00.0000000353915082795808189076
00.0000000353915082795808189076
00.0000000353915082795808189076
00.0000000353915082795808189076
00.0000000353915082795808189076
00.0000000353915082795808189076
00.0000000353915082795808189076
00.0000000353915082795808189076
00.0000000353915082795808189076
00.0000000353915082795808189076
00.0000000353915082795808189076
00.0000000353915082795808189076
00.0000000353915082795808189076
00.0000000353915082795808189076
00.0000000353915082795808189076
00.0000000353915082795808189076
00.0000000353915082795808189076
00.0000000353915082795808189076
00.0000000353915082795808189076
00.0000000353915082795808189076
00.0000000353915082795808189076
00.0000000353915082795808189076
00.0000000353915082795808189076
00.0000000353915082795808189076
00.0000000353915082795808189076
00.0000000353915082795808189076
00.0000000353915082795808189076
00.0000000353915082795808189076
00.0000000353915082795808189076
00.0000000353915082795808189076
00.0000000353915082795808189076
00.0000000353915082795808189076
00.0000000353915082795808189076
00.0000000353915082795808189076
00.0000000353915082795808189076
00.0000000353915082795808189076
00.0000000353915082795808189076
00.0000000353915082795808189076
00.0000000353915082795808189076
00.0000000353915082795808189076
00.0000000353915082795808189076
00.0000000353915082795808189076
00.0000000353915082795808189076
00.0000000353915082795808189076
00.0000000353915082795808189076
00.0000000353915082795808189076
00.0000000353915082795808189076
00.0000000353915082795808189076
00.0000000353915082795808189076
00.0000000353915082795808189076
00.0000000353915082795808189076
00.0000000353915082795808189076
00.0000000353915082795808189076
00.0000000353915082795808189076
00.0000000353915082795808189076
00.0000000353915082795808189076
00.0000000353915082795808189076
00.0000000353915082795808189076
00.0000000353915082795808189076
00.0000000353915082795808189076
00.0000000353915082795808189076
00.0000000353915082795808189076
00.0000000353915082795808189076
00.0000000353915082795808189076
00.0000000353915082795808189076
00.0000000353915082795808189076
00.0000000353915082795808189076
00.0000000353915082795808189076
00.0000000353915082795808189076
00.0000000353915082795808189076
00.0000000353915082795808189076
00.0000000353915082795808189076
00.0000000353915082795808189076
00.0000000353915082795808189076
00.0000000353915082795808189076
00.0000000353915082795808189076
00.0000000353915082795808189076
00.0000000353915082795808189076
00.0000000353915082795808189076
00.0000000353915082795808189076
00.0000000353915082795808189076
00.0000000353915082795808189076
00.0000000353915082795808189076
00.0000000353915082795808189076
00.0000000353915082795808189076
00.0000000353915082795808189076
00.0000000353915082795808189076
00.0000000353915082795808189076
00.0000000353915082795808189076
00.0000000353915082795808189076
00.0000000353915082795808189076
00.0000000353915082795808189076
00.0000000353915082795808189076
00.0000000353915082795808189076
00.0000000353915082795808189076
00.0000000353915082795808189076
00.0000000353915082795808189076
00.0000000353915082795808189076
00.0000000353915082795808189076
00.0000000353915082795808189076
00.0000000353915082795808189076
00.0000000353915082795808189076
00.0000000353915082795808189076
00.0000000353915082795808189076
00.0000000353915082795808189076
00.0000000353915082795808189076
00.0000000353915082795808189076
00.0000000353915082795808189076
00.0000000353915082795808189076
00.0000000353915082795808189076
00.0000000353915082795808189076
00.0000000353915082795808189076
00.0000000353915082795808189076
00.0000000353915082795808189076
00.0000000353915082795808189076
00.0000000353915082795808189076
00.0000000353915082795808189076
00.0000000353915082795808189076
00.0000000353915082795808189076
00.0000000353915082795808189076
00.0000000353915082795808189076
00.0000000353915082795808189076
00.0000000353915082795808189076
00.0000000353915082795808189076
00.0000000353915082795808189076
00.0000000353915082795808189076
00.0000000353915082795808189076
00.0000000353915082795808189076
00.0000000353915082795808189076
00.0000000353915082795808189076
00.0000000353915082795808189076
00.0000000353915082795808189076
00.0000000353915082795808189076
00.0000000353915082795808189076
00.0000000353915082795808189076
00.0000000353915082795808189076
00.0000000353915082795808189076
00.0000000353915082795808189076
00.0000000353915082795808189076
00.0000000353915082795808189076
00.0000000353915082795808189076
00.0000000353915082795808189076
00.0000000353915082795808189076
00.0000000353915082795808189076
00.0000000353915082795808189076
00.0000000353915082795808189076
00.0000000353915082795808189076
00.0000000353915082795808189076
00.0000000353915082795808189076
00.0000000353915082795808189076
00.0000000353915082795808189076
00.0000000353915082795808189076
00.0000000353915082795808189076
00.0000000353915082795808189076
00.0000000353915082795808189076
00.0000000353915082795808189076
00.0000000353915082795808189076
00.0000000353915082795808189076
00.0000000353915082795808189076
00.0000000353915082795808189076
00.0000000353915082795808189076
00.0000000353915082795808189076
00.0000000353915082795808189076
00.0000000353915082795808189076
00.0000000353915082795808189076
00.0000000353915082795808189076
00.0000000353915082795808189076
00.0000000353915082795808189076
00.0000000353915082795808189076
00.0000000353915082795808189076
00.0000000353915082795808189076
00.0000000353915082795808189076
00.0000000353915082795808189076
00.0000000353915082795808189076
00.0000000353915082795808189076
00.0000000353915082795808189076
00.0000000353915082795808189076
00.0000000353915082795808189076
00.0000000353915082795808189076
00.0000000353915082795808189076
00.0000000353915082795808189076
00.0000000353915082795808189076
00.0000000353915082795808189076
00.0000000353915082795808189076
00.0000000353915082795808189076
00.0000000353915082795808189076
00.0000000353915082795808189076
00.0000000353915082795808189076
00.0000000353915082795808189076
00.0000000353915082795808189076
00.0000000353915082795808189076
00.0000000353915082795808189076
00.0000000353915082795808189076
00.0000000353915082795808189076
00.0000000353915082795808189076
00.0000000353915082795808189076
00.0000000353915082795808189076
00.0000000353915082795808189076
00.0000000353915082795808189076
00.0000000353915082795808189076
00.0000000353915082795808189076
00.0000000353915082795808189076
00.0000000353915082795808189076
00.0000000353915082795808189076
00.0000000353915082795808189076
00.0000000353915082795808189076
00.0000000353915082795808189076
00.0000000353915082795808189076
00.0000000353915082795808189076
00.0000000353915082795808189076
00.0000000353915082795808189076
00.0000000353915082795808189076
00.0000000353915082795808189076
00.0000000353915082795808189076
00.0000000353915082795808189076
00.0000000353915082795808189076
00.0000000353915082795808189076
00.0000000353915082795808189076
00.0000000353915082795808189076
00.0000000353915082795808189076
00.0000000353915082795808189076
00.0000000353915082795808189076
00.0000000353915082795808189076
00.0000000353915082795808189076
00.0000000353915082795808189076
00.0000000353915082795808189076
00.0000000353915082795808189076
00.0000000353915082795808189076
00.0000000353915082795808189076
00.0000000353915082795808189076
00.0000000353915082795808189076
00.0000000353915082795808189076
00.0000000353915082795808189076
00.0000000353915082795808189076
00.0000000353915082795808189076
00.0000000353915082795808189076
00.0000000353915082795808189076
00.0000000353915082795808189076
00.0000000353915082795808189076
00.0000000353915082795808189076
00.0000000353915082795808189076
00.0000000353915082795808189076
00.0000000353915082795808189076
00.0000000353915082795808189076
00.0000000353915082795808189076
00.0000000353915082795808189076
00.0000000353915082795808189076
00.0000000353915082795808189076
00.0000000353915082795808189076
00.0000000353915082795808189076
00.0000000353915082795808189076
00.0000000353915082795808189076
00.0000000353915082795808189076
00.0000000353915082795808189076
00.0000000353915082795808189076
00.0000000353915082795808189076
00.0000000353915082795808189076
00.0000000353915082795808189076
00.0000000353915082795808189076
00.0000000353915082795808189076
00.0000000353915082795808189076
00.0000000353915082795808189076
00.0000000353915082795808189076
00.0000000353915082795808189076
00.0000000353915082795808189076
00.0000000353915082795808189076
00.0000000353915082795808189076
00.0000000353915082795808189076
00.0000000353915082795808189076
00.0000000353915082795808189076
00.0000000353915082795808189076
00.0000000353915082795808189076
00.0000000353915082795808189076
00.0000000353915082795808189076
00.0000000353915082795808189076
00.0000000353915082795808189076
00.0000000353915082795808189076
00.0000000353915082795808189076
00.0000000353915082795808189076
00.0000000353915082795808189076
00.0000000353915082795808189076
00.0000000353915082795808189076
00.0000000353915082795808189076
00.0000000353915082795808189076
00.0000000353915082795808189076
00.0000000353915082795808189076
00.0000000353915082795808189076
00.0000000353915082795808189076
00.0000000353915082795808189076
00.0000000353915082795808189076
00.0000000353915082795808189076
00.0000000353915082795808189076
00.0000000353915082795808189076
00.0000000353915082795808189076
00.0000000353915082795808189076
00.0000000353915082795808189076
00.0000000353915082795808189076
00.0000000353915082795808189076
00.0000000353915082795808189076
00.0000000353915082795808189076
00.0000000353915082795808189076
00.0000000353915082795808189076
00.0000000353915082795808189076
00.0000000353915082795808189076
00.0000000353915082795808189076
00.0000000353915082795808189076
00.0000000353915082795808189076
00.0000000353915082795808189076
00.0000000353915082795808189076
00.0000000353915082795808189076
00.0000000353915082795808189076
00.0000000353915082795808189076
00.0000000353915082795808189076
00.0000000353915082795808189076
00.0000000353915082795808189076
00.0000000353915082795808189076
00.0000000353915082795808189076
00.0000000353915082795808189076
00.0000000353915082795808189076
00.0000000353915082795808189076
00.0000000353915082795808189076
00.0000000353915082795808189076
00.0000000353915082795808189076
00.0000000353915082795808189076
00.0000000353915082795808189076
00.0000000353915082795808189076
00.0000000353915082795808189076
00.0000000353915082795808189076
00.0000000353915082795808189076
00.0000000353915082795808189076
00.0000000353915082795808189076
00.0000000353915082795808189076
00.0000000353915082795808189076
00.0000000353915082795808189076
00.0000000353915082795808189076
00.0000000353915082795808189076
00.0000000353915082795808189076
00.0000000353915082795808189076
00.0000000353915082795808189076
00.0000000353915082795808189076
00.0000000353915082795808189076
00.0000000353915082795808189076
00.0000000353915082795808189076
00.0000000353915082795808189076
00.0000000353915082795808189076
00.0000000353915082795808189076
00.0000000353915082795808189076
00.0000000353915082795808189076
00.0000000353915082795808189076
00.0000000353915082795808189076
00.0000000353915082795808189076
00.0000000353915082795808189076
00.0000000353915082795808189076
00.0000000353915082795808189076
00.0000000353915082795808189076
00.0000000353915082795808189076
00.0000000353915082795808189076
00.0000000353915082795808189076
00.0000000353915082795808189076
00.0000000353915082795808189076
00.0000000353915082795808189076
00.0000000353915082795808189076
00.0000000353915082795808189076
00.0000000353915082795808189076
00.0000000353915082795808189076
00.0000000353915082795808189076
00.0000000353915082795808189076
00.0000000353915082795808189076
00.0000000353915082795808189076
00.0000000353915082795808189076
00.0000000353915082795808189076
00.0000000353915082795808189076
00.0000000353915082795808189076
00.0000000353915082795808189076
00.0000000353915082795808189076
00.0000000353915082795808189076
00.0000000353915082795808189076
00.0000000353915082795808189076
00.0000000353915082795808189076
00.0000000353915082795808189076
00.0000000353915082795808189076
00.0000000353915082795808189076
00.0000000353915082795808189076
00.0000000353915082795808189076
00.0000000353915082795808189076
00.0000000353915082795808189076
00.0000000353915082795808189076
00.0000000353915082795808189076
00.0000000353915082795808189076
00.0000000353915082795808189076
00.0000000353915082795808189076
00.0000000353915082795808189076
00.0000000353915082795808189076
00.0000000353915082795808189076
00.0000000353915082795808189076
00.0000000353915082795808189076
00.0000000353915082795808189076
00.0000000353915082795808189076
00.0000000353915082795808189076
00.0000000353915082795808189076
00.0000000353915082795808189076
00.0000000353915082795808189076
00.0000000353915082795808189076
00.0000000353915082795808189076
00.0000000353915082795808189076
00.0000000353915082795808189076
00.0000000353915082795808189076
00.0000000353915082795808189076
00.0000000353915082795808189076
00.0000000353915082795808189076
00.0000000353915082795808189076
00.0000000353915082795808189076
00.0000000353915082795808189076
00.0000000353915082795808189076
00.0000000353915082795808189076
00.0000000353915082795808189076
00.0000000353915082795808189076
00.0000000353915082795808189076
00.0000000353915082795808189076
00.0000000353915082795808189076
00.0000000353915082795808189076
00.0000000353915082795808189076
00.0000000353915082795808189076
00.0000000353915082795808189076
00.0000000353915082795808189076
00.0000000353915082795808189076
00.0000000353915082795808189076
00.0000000353915082795808189076
00.0000000353915082795808189076
00.0000000353915082795808189076
00.0000000353915082795808189076
00.0000000353915082795808189076
00.0000000353915082795808189076
00.0000000353915082795808189076
00.0000000353915082795808189076
00.0000000353915082795808189076
00.0000000353915082795808189076
00.0000000353915082795808189076
00.0000000353915082795808189076
00.0000000353915082795808189076
00.0000000353915082795808189076
00.0000000353915082795808189076
00.0000000353915082795808189076
00.0000000353915082795808189076
00.0000000353915082795808189076
00.0000000353915082795808189076
00.0000000353915082795808189076
00.0000000344362648396767667691
00.0000000344362648396767667691
00.0000000344362648396767667691
00.0000000344362648396767667691
00.0000000344362648396767667691
00.0000000344362648396767667691
00.0000000344362648396767667691
00.0000000344362648396767667691
00.0000000344362648396767667691
00.0000000344362648396767667691
00.0000000344362648396767667691
00.0000000344362648396767667691
00.0000000344362648396767667691
00.0000000344362648396767667691
00.0000000344362648396767667691
00.0000000344362648396767667691
00.0000000344362648396767667691
00.0000000344362648396767667691
00.0000000344362648396767667691
00.0000000344362648396767667691
00.0000000344362648396767667691
00.0000000344362648396767667691
00.0000000344362648396767667691
00.0000000344362648396767667691
00.0000000344362648396767667691
00.0000000344362648396767667691
00.0000000344362648396767667691
00.0000000344362648396767667691
00.0000000344362648396767667691
00.0000000344362648396767667691
00.0000000344362648396767667691
00.0000000344362648396767667691
00.0000000344362648396767667691
00.0000000344362648396767667691
00.0000000344362648396767667691
00.0000000344362648396767667691
00.0000000344362648396767667691
00.0000000344362648396767667691
00.0000000344362648396767667691
00.0000000344362648396767667691
00.0000000344362648396767667691
00.0000000344362648396767667691
00.0000000344362648396767667691
00.0000000344362648396767667691
00.0000000344362648396767667691
00.0000000344362648396767667691
00.0000000344362648396767667691
00.0000000344362648396767667691
00.0000000344362648396767667691
00.0000000344362648396767667691
00.0000000344362648396767667691
00.0000000344362648396767667691
00.0000000344362648396767667691
00.0000000344362648396767667691
00.0000000344362648396767667691
00.0000000344362648396767667691
00.0000000344362648396767667691
00.0000000344362648396767667691
00.0000000344362648396767667691
00.0000000344362648396767667691
00.0000000344362648396767667691
00.0000000344362648396767667691
00.0000000344362648396767667691
00.0000000344362648396767667691
00.0000000344362648396767667691
00.0000000344362648396767667691
00.0000000344362648396767667691
00.0000000344362648396767667691
00.0000000344362648396767667691
00.0000000344362648396767667691
00.0000000344362648396767667691
00.0000000344362648396767667691
00.0000000344362648396767667691
00.0000000344362648396767667691
00.0000000344362648396767667691
00.0000000344362648396767667691
00.0000000344362648396767667691
00.0000000344362648396767667691
00.0000000344362648396767667691
00.0000000344362648396767667691
00.0000000344362648396767667691
00.0000000344362648396767667691
00.0000000344362648396767667691
00.0000000344362648396767667691
00.0000000344362648396767667691
00.0000000344362648396767667691
00.0000000344362648396767667691
00.0000000344362648396767667691
00.0000000344362648396767667691
00.0000000344362648396767667691
00.0000000344362648396767667691
00.0000000344362648396767667691
00.0000000344362648396767667691
00.0000000344362648396767667691
00.0000000344362648396767667691
00.0000000344362648396767667691
00.0000000344362648396767667691
00.0000000344362648396767667691
00.0000000344362648396767667691
00.0000000344362648396767667691
00.0000000344362648396767667691
00.0000000344362648396767667691
00.0000000344362648396767667691
00.0000000344362648396767667691
00.0000000344362648396767667691
00.0000000344362648396767667691
00.0000000344362648396767667691
00.0000000344362648396767667691
00.0000000344362648396767667691
00.0000000344362648396767667691
00.0000000344362648396767667691
00.0000000344362648396767667691
00.0000000344362648396767667691
00.0000000344362648396767667691
00.0000000344362648396767667691
00.0000000344362648396767667691
00.0000000344362648396767667691
00.0000000344362648396767667691
00.0000000344362648396767667691
00.0000000344362648396767667691
00.0000000344362648396767667691
00.0000000344362648396767667691
00.0000000344362648396767667691
00.0000000344362648396767667691
00.0000000344362648396767667691
00.0000000344362648396767667691
00.0000000344362648396767667691
00.0000000344362648396767667691
00.0000000344362648396767667691
00.0000000344362648396767667691
00.0000000344362648396767667691
00.0000000344362648396767667691
00.0000000344362648396767667691
00.0000000344362648396767667691
00.0000000344362648396767667691
00.0000000344362648396767667691
00.0000000344362648396767667691
00.0000000344362648396767667691
00.0000000344362648396767667691
00.0000000344362648396767667691
00.0000000344362648396767667691
00.0000000344362648396767667691
00.0000000344362648396767667691
00.0000000344362648396767667691
00.0000000344362648396767667691
00.0000000344362648396767667691
00.0000000344362648396767667691
00.0000000344362648396767667691
00.0000000344362648396767667691
00.0000000344362648396767667691
00.0000000344362648396767667691
00.0000000344362648396767667691
00.0000000344362648396767667691
00.0000000344362648396767667691
00.0000000344362648396767667691
00.0000000344362648396767667691
00.0000000344362648396767667691
00.0000000344362648396767667691
00.0000000344362648396767667691
00.0000000344362648396767667691
00.0000000344362648396767667691
00.0000000344362648396767667691
00.0000000344362648396767667691
00.0000000344362648396767667691
00.0000000344362648396767667691
00.0000000344362648396767667691
00.0000000344362648396767667691
00.0000000344362648396767667691
00.0000000344362648396767667691
00.0000000344362648396767667691
00.0000000344362648396767667691
00.0000000344362648396767667691
00.0000000344362648396767667691
00.0000000344362648396767667691
00.0000000344362648396767667691
00.0000000344362648396767667691
00.0000000344362648396767667691
00.0000000344362648396767667691
00.0000000344362648396767667691
00.0000000344362648396767667691
00.0000000344362648396767667691
00.0000000344362648396767667691
00.0000000344362648396767667691
00.0000000344362648396767667691
00.0000000344362648396767667691
00.0000000344362648396767667691
00.0000000344362648396767667691
00.0000000344362648396767667691
00.0000000344362648396767667691
00.0000000344362648396767667691
00.0000000344362648396767667691
00.0000000344362648396767667691
00.0000000344362648396767667691
00.0000000344362648396767667691
00.0000000344362648396767667691
00.0000000344362648396767667691
00.0000000344362648396767667691
00.0000000344362648396767667691
00.0000000344362648396767667691
00.0000000344362648396767667691
00.0000000344362648396767667691
00.0000000344362648396767667691
00.0000000344362648396767667691
00.0000000344362648396767667691
00.0000000344362648396767667691
00.0000000344362648396767667691
00.0000000344362648396767667691
00.0000000344362648396767667691
00.0000000344362648396767667691
00.0000000344362648396767667691
00.0000000344362648396767667691
00.0000000344362648396767667691
00.0000000344362648396767667691
00.0000000344362648396767667691
00.0000000344362648396767667691
00.0000000344362648396767667691
00.0000000344362648396767667691
00.0000000344362648396767667691
00.0000000344362648396767667691
00.0000000344362648396767667691
00.0000000344362648396767667691
00.0000000344362648396767667691
00.0000000344362648396767667691
00.0000000344362648396767667691
00.0000000344362648396767667691
00.0000000344362648396767667691
00.0000000344362648396767667691
00.0000000344362648396767667691
00.0000000344362648396767667691
00.0000000344362648396767667691
00.0000000344362648396767667691
00.0000000344362648396767667691
00.0000000344362648396767667691
00.0000000344362648396767667691
00.0000000344362648396767667691
00.0000000344362648396767667691
00.0000000344362648396767667691
00.0000000344362648396767667691
00.0000000344362648396767667691
00.0000000344362648396767667691
00.0000000344362648396767667691
00.0000000344362648396767667691
00.0000000344362648396767667691
00.0000000344362648396767667691
00.0000000344362648396767667691
00.0000000344362648396767667691
00.0000000344362648396767667691
00.0000000344362648396767667691
00.0000000344362648396767667691
00.0000000344362648396767667691
00.0000000344362648396767667691
00.0000000344362648396767667691
00.0000000344362648396767667691
00.0000000344362648396767667691
00.0000000344362648396767667691
00.0000000344362648396767667691
00.0000000344362648396767667691
00.0000000344362648396767667691
00.0000000344362648396767667691
00.0000000344362648396767667691
00.0000000344362648396767667691
00.0000000344362648396767667691
00.0000000344362648396767667691
00.0000000344362648396767667691
00.0000000344362648396767667691
00.0000000344362648396767667691
00.0000000344362648396767667691
00.0000000344362648396767667691
00.0000000344362648396767667691
00.0000000344362648396767667691
00.0000000344362648396767667691
00.0000000344362648396767667691
00.0000000344362648396767667691
00.0000000344362648396767667691
00.0000000344362648396767667691
00.0000000344362648396767667691
00.0000000344362648396767667691
00.0000000344362648396767667691
00.0000000344362648396767667691
00.0000000344362648396767667691
00.0000000344362648396767667691
00.0000000344362648396767667691
00.0000000344362648396767667691
00.0000000344362648396767667691
00.0000000344362648396767667691
00.0000000344362648396767667691
00.0000000344362648396767667691
00.0000000344362648396767667691
00.0000000344362648396767667691
00.0000000344362648396767667691
00.0000000344362648396767667691
00.0000000344362648396767667691
00.0000000344362648396767667691
00.0000000344362648396767667691
00.0000000344362648396767667691
00.0000000344362648396767667691
00.0000000344362648396767667691
00.0000000344362648396767667691
00.0000000344362648396767667691
00.0000000344362648396767667691
00.0000000344362648396767667691
00.0000000344362648396767667691
00.0000000344362648396767667691
00.0000000344362648396767667691
00.0000000344362648396767667691
00.0000000344362648396767667691
00.0000000344362648396767667691
00.0000000344362648396767667691
00.0000000344362648396767667691
00.0000000344362648396767667691
00.0000000344362648396767667691
00.0000000344362648396767667691
00.0000000344362648396767667691
00.0000000344362648396767667691
00.0000000344362648396767667691
00.0000000344362648396767667691
00.0000000344362648396767667691
00.0000000344362648396767667691
00.0000000344362648396767667691
00.0000000344362648396767667691
00.0000000344362648396767667691
00.0000000344362648396767667691
00.0000000344362648396767667691
00.0000000344362648396767667691
00.0000000344362648396767667691
00.0000000344362648396767667691
00.0000000344362648396767667691
00.0000000344362648396767667691
00.0000000344362648396767667691
00.0000000344362648396767667691
00.0000000344362648396767667691
00.0000000344362648396767667691
00.0000000344362648396767667691
00.0000000344362648396767667691
00.0000000344362648396767667691
00.0000000344362648396767667691
00.0000000344362648396767667691
00.0000000344362648396767667691
00.0000000344362648396767667691
00.0000000344362648396767667691
00.0000000344362648396767667691
00.0000000344362648396767667691
00.0000000344362648396767667691
00.0000000344362648396767667691
00.0000000344362648396767667691
00.0000000344362648396767667691
00.0000000344362648396767667691
00.0000000344362648396767667691
00.0000000344362648396767667691
00.0000000344362648396767667691
00.0000000344362648396767667691
00.0000000344362648396767667691
00.0000000344362648396767667691
00.0000000344362648396767667691
00.0000000344362648396767667691
00.0000000344362648396767667691
00.0000000344362648396767667691
00.0000000344362648396767667691
00.0000000344362648396767667691
00.0000000344362648396767667691
00.0000000344362648396767667691
00.0000000344362648396767667691
00.0000000344362648396767667691
00.0000000344362648396767667691
00.0000000344362648396767667691
00.0000000344362648396767667691
00.0000000344362648396767667691
00.0000000344362648396767667691
00.0000000344362648396767667691
00.0000000344362648396767667691
00.0000000344362648396767667691
00.0000000344362648396767667691
00.0000000344362648396767667691
00.0000000344362648396767667691
00.0000000344362648396767667691
00.0000000344362648396767667691
00.0000000344362648396767667691
00.0000000344362648396767667691
00.0000000344362648396767667691
00.0000000344362648396767667691
00.0000000344362648396767667691
00.0000000344362648396767667691
00.0000000344362648396767667691
00.0000000344362648396767667691
00.0000000344362648396767667691
00.0000000344362648396767667691
00.0000000344362648396767667691
00.0000000344362648396767667691
00.0000000344362648396767667691
00.0000000344362648396767667691
00.0000000344362648396767667691
00.0000000344362648396767667691
00.0000000344362648396767667691
00.0000000344362648396767667691
00.0000000344362648396767667691
00.0000000344362648396767667691
00.0000000344362648396767667691
00.0000000344362648396767667691
00.0000000344362648396767667691
00.0000000344362648396767667691
00.0000000344362648396767667691
00.0000000344362648396767667691
00.0000000344362648396767667691
00.0000000344362648396767667691
00.0000000344362648396767667691
00.0000000344362648396767667691
00.0000000344362648396767667691
00.0000000344362648396767667691
00.0000000344362648396767667691
00.0000000344362648396767667691
00.0000000344362648396767667691
00.0000000344362648396767667691
00.0000000344362648396767667691
00.0000000344362648396767667691
00.0000000344362648396767667691
00.0000000344362648396767667691
00.0000000344362648396767667691
00.0000000344362648396767667691
00.0000000344362648396767667691
00.0000000344362648396767667691
00.0000000344362648396767667691
00.0000000344362648396767667691
00.0000000344362648396767667691
00.0000000344362648396767667691
00.0000000344362648396767667691
00.0000000344362648396767667691
00.0000000344362648396767667691
00.0000000344362648396767667691
00.0000000344362648396767667691
00.0000000344362648396767667691
00.0000000344362648396767667691
00.0000000344362648396767667691
00.0000000344362648396767667691
00.0000000344362648396767667691
00.0000000344362648396767667691
00.0000000344362648396767667691
00.0000000344362648396767667691
00.0000000344362648396767667691
00.0000000344362648396767667691
00.0000000344362648396767667691
00.0000000344362648396767667691
00.0000000344362648396767667691
00.0000000344362648396767667691
00.0000000344362648396767667691
00.0000000344362648396767667691
00.0000000344362648396767667691
00.0000000344362648396767667691
00.0000000344362648396767667691
00.0000000344362648396767667691
00.0000000344362648396767667691
00.0000000344362648396767667691
00.0000000344362648396767667691
00.0000000344362648396767667691
00.0000000344362648396767667691
00.0000000344362648396767667691
00.0000000344362648396767667691
00.0000000344362648396767667691
00.0000000344362648396767667691
00.0000000344362648396767667691
00.0000000344362648396767667691
00.0000000344362648396767667691
00.0000000344362648396767667691
00.0000000344362648396767667691
00.0000000344362648396767667691
00.0000000344362648396767667691
00.0000000344362648396767667691
00.0000000344362648396767667691
00.0000000344362648396767667691
00.0000000344362648396767667691
00.0000000344362648396767667691
00.0000000344362648396767667691
00.0000000344362648396767667691
00.0000000344362648396767667691
00.0000000344362648396767667691
00.0000000344362648396767667691
00.0000000344362648396767667691
00.0000000344362648396767667691
00.0000000344362648396767667691
00.0000000344362648396767667691
00.0000000344362648396767667691
00.0000000344362648396767667691
00.0000000344362648396767667691
00.0000000344362648396767667691
00.0000000344362648396767667691
00.0000000344362648396767667691
00.0000000344362648396767667691
00.0000000344362648396767667691
00.0000000344362648396767667691
00.0000000344362648396767667691
00.0000000344362648396767667691
00.0000000344362648396767667691
00.0000000344362648396767667691
00.0000000344362648396767667691
00.0000000344362648396767667691
00.0000000344362648396767667691
00.0000000344362648396767667691
00.0000000344362648396767667691
00.0000000344362648396767667691
00.0000000344362648396767667691
00.0000000344362648396767667691
00.0000000344362648396767667691
00.0000000344362648396767667691
00.0000000344362648396767667691
00.0000000344362648396767667691
00.0000000344362648396767667691
00.0000000344362648396767667691
00.0000000344362648396767667691
00.0000000344362648396767667691
00.0000000344362648396767667691
00.0000000344362648396767667691
00.0000000344362648396767667691
00.0000000344362648396767667691
00.0000000344362648396767667691
00.0000000344362648396767667691
00.0000000344362648396767667691
00.0000000344362648396767667691
00.0000000344362648396767667691
00.0000000344362648396767667691
00.0000000344362648396767667691
00.0000000344362648396767667691
00.0000000344362648396767667691
00.0000000344362648396767667691
00.0000000344362648396767667691
00.0000000344362648396767667691
00.0000000344362648396767667691
00.0000000344362648396767667691
00.0000000344362648396767667691
00.0000000344362648396767667691
00.0000000344362648396767667691
00.0000000344362648396767667691
00.0000000344362648396767667691
00.0000000344362648396767667691
00.0000000344362648396767667691
00.0000000344362648396767667691
00.0000000344362648396767667691
00.0000000344362648396767667691
00.0000000344362648396767667691
00.0000000344362648396767667691
00.0000000344362648396767667691
00.0000000344362648396767667691
00.0000000344362648396767667691
00.0000000344362648396767667691
00.0000000344362648396767667691
00.0000000344362648396767667691
00.0000000344362648396767667691
00.0000000344362648396767667691
00.0000000344362648396767667691
00.0000000344362648396767667691
00.0000000344362648396767667691
00.0000000344362648396767667691
00.0000000344362648396767667691
00.0000000344362648396767667691
00.0000000344362648396767667691
00.0000000344362648396767667691
00.0000000344362648396767667691
00.0000000344362648396767667691
00.0000000344362648396767667691
00.0000000344362648396767667691
00.0000000344362648396767667691
00.0000000344362648396767667691
00.0000000344362648396767667691
00.0000000344362648396767667691
00.0000000344362648396767667691
00.0000000344362648396767667691
00.0000000344362648396767667691
00.0000000344362648396767667691
00.0000000344362648396767667691
00.0000000344362648396767667691
00.0000000344362648396767667691
00.0000000344362648396767667691
00.0000000344362648396767667691
00.0000000344362648396767667691
00.0000000344362648396767667691
00.0000000344362648396767667691
00.0000000344362648396767667691
00.0000000344362648396767667691
00.0000000344362648396767667691
00.0000000344362648396767667691
00.0000000344362648396767667691
00.0000000344362648396767667691
00.0000000344362648396767667691
00.0000000344362648396767667691
00.0000000344362648396767667691
00.0000000344362648396767667691
00.0000000344362648396767667691
00.0000000344362648396767667691
00.0000000344362648396767667691
00.0000000344362648396767667691
00.0000000344362648396767667691
00.0000000344362648396767667691
00.0000000344362648396767667691
00.0000000344362648396767667691
00.0000000344362648396767667691
00.0000000344362648396767667691
00.0000000344362648396767667691
00.0000000344362648396767667691
00.0000000344362648396767667691
00.0000000344362648396767667691
00.0000000344362648396767667691
00.0000000344362648396767667691
00.0000000344362648396767667691
00.0000000344362648396767667691
00.0000000344362648396767667691
00.0000000344362648396767667691
00.0000000344362648396767667691
00.0000000344362648396767667691
00.0000000344362648396767667691
00.0000000344362648396767667691
00.0000000344362648396767667691
00.0000000344362648396767667691
00.0000000344362648396767667691
00.0000000344362648396767667691
00.0000000344362648396767667691
00.0000000344362648396767667691
00.0000000344362648396767667691
00.0000000344362648396767667691
00.0000000344362648396767667691
00.0000000344362648396767667691
00.0000000344362648396767667691
00.0000000344362648396767667691
00.0000000344362648396767667691
00.0000000344362648396767667691
00.0000000344362648396767667691
00.0000000344362648396767667691
00.0000000344362648396767667691
00.0000000344362648396767667691
00.0000000344362648396767667691
00.0000000344362648396767667691
00.0000000344362648396767667691
00.0000000344362648396767667691
00.0000000344362648396767667691
00.0000000344362648396767667691
00.0000000344362648396767667691
00.0000000344362648396767667691
00.0000000344362648396767667691
00.0000000344362648396767667691
00.0000000344362648396767667691
00.0000000344362648396767667691
00.0000000344362648396767667691
00.0000000344362648396767667691
00.0000000344362648396767667691
00.0000000344362648396767667691
00.0000000344362648396767667691
00.0000000344362648396767667691
00.0000000344362648396767667691
00.0000000344362648396767667691
00.0000000344362648396767667691
00.0000000344362648396767667691
00.0000000344362648396767667691
00.0000000344362648396767667691
00.0000000344362648396767667691
00.0000000344362648396767667691
00.0000000344362648396767667691
00.0000000344362648396767667691
00.0000000344362648396767667691
00.0000000344362648396767667691
00.0000000344362648396767667691
00.0000000344362648396767667691
00.0000000344362648396767667691
00.0000000344362648396767667691
00.0000000344362648396767667691
00.0000000344362648396767667691
00.0000000344362648396767667691
00.0000000344362648396767667691
00.0000000344362648396767667691
00.0000000344362648396767667691
00.0000000344362648396767667691
00.0000000344362648396767667691
00.0000000344362648396767667691
00.0000000344362648396767667691
00.0000000344362648396767667691
00.0000000344362648396767667691
00.0000000344362648396767667691
00.0000000344362648396767667691
00.0000000344362648396767667691
00.0000000344362648396767667691
00.0000000344362648396767667691
00.0000000344362648396767667691
00.0000000344362648396767667691
00.0000000344362648396767667691
00.0000000344362648396767667691
00.0000000344362648396767667691
00.0000000344362648396767667691
00.0000000344362648396767667691
00.0000000344362648396767667691
00.0000000344362648396767667691
00.0000000344362648396767667691
00.0000000344362648396767667691
00.0000000344362648396767667691
00.0000000344362648396767667691
00.0000000344362648396767667691
00.0000000344362648396767667691
00.0000000344362648396767667691
00.0000000344362648396767667691
00.0000000344362648396767667691
00.0000000344362648396767667691
00.0000000344362648396767667691
00.0000000344362648396767667691
00.0000000344362648396767667691
00.0000000344362648396767667691
00.0000000344362648396767667691
00.0000000344362648396767667691
00.0000000344362648396767667691
00.0000000344362648396767667691
00.0000000344362648396767667691
00.0000000344362648396767667691
00.0000000344362648396767667691
00.0000000344362648396767667691
00.0000000344362648396767667691
00.0000000344362648396767667691
00.0000000344362648396767667691
00.0000000344362648396767667691
00.0000000344362648396767667691
00.0000000344362648396767667691
00.0000000344362648396767667691
00.0000000344362648396767667691
00.0000000344362648396767667691
00.0000000344362648396767667691
00.0000000344362648396767667691
00.0000000344362648396767667691
00.0000000344362648396767667691
00.0000000344362648396767667691
00.0000000344362648396767667691
00.0000000344362648396767667691
00.0000000344362648396767667691
00.0000000344362648396767667691
00.0000000344362648396767667691
00.0000000344362648396767667691
00.0000000344362648396767667691
00.0000000344362648396767667691
00.0000000344362648396767667691
00.0000000344362648396767667691
00.0000000344362648396767667691
00.0000000344362648396767667691
00.0000000344362648396767667691
00.0000000344362648396767667691
00.0000000344362648396767667691
00.0000000344362648396767667691
00.0000000344362648396767667691
00.0000000344362648396767667691
00.0000000344362648396767667691
00.0000000344362648396767667691
00.0000000344362648396767667691
00.0000000344362648396767667691
00.0000000344362648396767667691
00.0000000344362648396767667691
00.0000000344362648396767667691
00.0000000344362648396767667691
00.0000000344362648396767667691
00.0000000344362648396767667691
00.0000000344362648396767667691
00.0000000344362648396767667691
00.0000000344362648396767667691
00.0000000344362648396767667691
00.0000000344362648396767667691
00.0000000344362648396767667691
00.0000000344362648396767667691
00.0000000344362648396767667691
00.0000000344362648396767667691
00.0000000344362648396767667691
00.0000000344362648396767667691
00.0000000344362648396767667691
00.0000000344362648396767667691
00.0000000344362648396767667691
00.0000000344362648396767667691
00.0000000344362648396767667691
00.0000000344362648396767667691
00.0000000344362648396767667691
00.0000000344362648396767667691
00.0000000344362648396767667691
00.0000000344362648396767667691
00.0000000344362648396767667691
00.0000000344362648396767667691
00.0000000344362648396767667691
00.0000000344362648396767667691
00.0000000344362648396767667691
00.0000000344362648396767667691
00.0000000344362648396767667691
00.0000000344362648396767667691
00.0000000344362648396767667691
00.0000000344362648396767667691
00.0000000344362648396767667691
00.0000000344362648396767667691
00.0000000344362648396767667691
00.0000000344362648396767667691
00.0000000344362648396767667691
00.0000000344362648396767667691
00.0000000344362648396767667691
00.0000000344362648396767667691
00.0000000344362648396767667691
00.0000000344362648396767667691
00.0000000344362648396767667691
00.0000000344362648396767667691
00.0000000344362648396767667691
00.0000000344362648396767667691
00.0000000344362648396767667691
00.0000000344362648396767667691
00.0000000344362648396767667691
00.0000000344362648396767667691
00.0000000344362648396767667691
00.0000000344362648396767667691
00.0000000344362648396767667691
00.0000000344362648396767667691
00.0000000344362648396767667691
00.0000000344362648396767667691
00.0000000344362648396767667691
00.0000000344362648396767667691
00.0000000344362648396767667691
00.0000000344362648396767667691
00.0000000344362648396767667691
00.0000000344362648396767667691
00.0000000344362648396767667691
00.0000000344362648396767667691
00.0000000344362648396767667691
00.0000000344362648396767667691
00.0000000344362648396767667691
00.0000000344362648396767667691
00.0000000344362648396767667691
00.0000000344362648396767667691
00.0000000344362648396767667691
00.0000000344362648396767667691
00.0000000344362648396767667691
00.0000000344362648396767667691
00.0000000344362648396767667691
00.0000000344362648396767667691
00.0000000344362648396767667691
00.0000000344362648396767667691
00.0000000344362648396767667691
00.0000000344362648396767667691
00.0000000344362648396767667691
00.0000000344362648396767667691
00.0000000344362648396767667691
00.0000000344362648396767667691
00.0000000344362648396767667691
00.0000000344362648396767667691
00.0000000344362648396767667691
00.0000000344362648396767667691
00.0000000344362648396767667691
00.0000000344362648396767667691
00.0000000344362648396767667691
00.0000000344362648396767667691
00.0000000344362648396767667691
00.0000000344362648396767667691
00.0000000344362648396767667691
00.0000000344362648396767667691
00.0000000344362648396767667691
00.0000000344362648396767667691
00.0000000344362648396767667691
00.0000000344362648396767667691
00.0000000344362648396767667691
00.0000000344362648396767667691
00.0000000344362648396767667691
00.0000000344362648396767667691
00.0000000344362648396767667691
00.0000000344362648396767667691
00.0000000344362648396767667691
00.0000000344362648396767667691
00.0000000344362648396767667691
00.0000000344362648396767667691
00.0000000344362648396767667691
00.0000000344362648396767667691
00.0000000344362648396767667691
00.0000000344362648396767667691
00.0000000344362648396767667691
00.0000000344362648396767667691
00.0000000344362648396767667691
00.0000000344362648396767667691
00.0000000344362648396767667691
00.0000000344362648396767667691
00.0000000344362648396767667691
00.0000000344362648396767667691
00.0000000344362648396767667691
00.0000000344362648396767667691
00.0000000344362648396767667691
00.0000000344362648396767667691
00.0000000344362648396767667691
00.0000000344362648396767667691
00.0000000344362648396767667691
00.0000000344362648396767667691
00.0000000344362648396767667691
00.0000000344362648396767667691
00.0000000344362648396767667691
00.0000000344362648396767667691
00.0000000344362648396767667691
00.0000000344362648396767667691
00.0000000344362648396767667691
00.0000000344362648396767667691
00.0000000344362648396767667691
00.0000000344362648396767667691
00.0000000344362648396767667691
00.0000000344362648396767667691
00.0000000344362648396767667691
00.0000000344362648396767667691
00.0000000344362648396767667691
00.0000000344362648396767667691
00.0000000344362648396767667691
00.0000000344362648396767667691
00.0000000344362648396767667691
00.0000000344362648396767667691
00.0000000344362648396767667691
00.0000000344362648396767667691
00.0000000344362648396767667691
00.0000000344362648396767667691
00.0000000344362648396767667691
00.0000000344362648396767667691
00.0000000344362648396767667691
00.0000000344362648396767667691
00.0000000344362648396767667691
00.0000000344362648396767667691
00.0000000344362648396767667691
00.0000000344362648396767667691
00.0000000344362648396767667691
00.0000000344362648396767667691
00.0000000344362648396767667691
00.0000000344362648396767667691
00.0000000344362648396767667691
00.0000000344362648396767667691
00.0000000344362648396767667691
00.0000000344362648396767667691
00.0000000344362648396767667691
00.0000000344362648396767667691
00.0000000344362648396767667691
00.0000000344362648396767667691
00.0000000344362648396767667691
00.0000000344362648396767667691
00.0000000344362648396767667691
00.0000000344362648396767667691
00.0000000344362648396767667691
00.0000000344362648396767667691
00.0000000344362648396767667691
00.0000000344362648396767667691
00.0000000344362648396767667691
00.0000000344362648396767667691
00.0000000344362648396767667691
00.0000000344362648396767667691
00.0000000344362648396767667691
00.0000000344362648396767667691
00.0000000344362648396767667691
00.0000000344362648396767667691
00.0000000344362648396767667691
00.0000000344362648396767667691
00.0000000344362648396767667691
00.0000000344362648396767667691
00.0000000344362648396767667691
00.0000000344362648396767667691
00.0000000344362648396767667691
00.0000000344362648396767667691
00.0000000344362648396767667691
00.0000000344362648396767667691
00.0000000344362648396767667691
00.0000000344362648396767667691
00.0000000344362648396767667691
00.0000000344362648396767667691
00.0000000344362648396767667691
00.0000000344362648396767667691
00.0000000344362648396767667691
00.0000000344362648396767667691
00.0000000344362648396767667691
00.0000000344362648396767667691
00.0000000344362648396767667691
00.0000000344362648396767667691
00.0000000344362648396767667691
00.0000000344362648396767667691
00.0000000344362648396767667691
00.0000000344362648396767667691
00.0000000344362648396767667691
00.0000000344362648396767667691
00.0000000344362648396767667691
00.0000000344362648396767667691
00.0000000344362648396767667691
00.0000000344362648396767667691
00.0000000344362648396767667691
00.0000000344362648396767667691
00.0000000344362648396767667691
00.0000000344362648396767667691
00.0000000344362648396767667691
00.0000000344362648396767667691
00.0000000344362648396767667691
00.0000000344362648396767667691
00.0000000344362648396767667691
00.0000000344362648396767667691
00.0000000344362648396767667691
00.0000000344362648396767667691
00.0000000344362648396767667691
00.0000000344362648396767667691
00.0000000344362648396767667691
00.0000000344362648396767667691
00.0000000344362648396767667691
00.0000000344362648396767667691
00.0000000344362648396767667691
00.0000000344362648396767667691
00.0000000344362648396767667691
00.0000000344362648396767667691
00.0000000344362648396767667691
00.0000000344362648396767667691
00.0000000344362648396767667691
00.0000000344362648396767667691
00.0000000344362648396767667691
00.0000000344362648396767667691
00.0000000344362648396767667691
00.0000000335062667611296660652
00.0000000335062667611296660652
00.0000000335062667611296660652
00.0000000335062667611296660652
00.0000000335062667611296660652
00.0000000335062667611296660652
00.0000000335062667611296660652
00.0000000335062667611296660652
00.0000000335062667611296660652
00.0000000335062667611296660652
00.0000000335062667611296660652
00.0000000335062667611296660652
00.0000000335062667611296660652
00.0000000335062667611296660652
00.0000000335062667611296660652
00.0000000335062667611296660652
00.0000000335062667611296660652
00.0000000335062667611296660652
00.0000000335062667611296660652
00.0000000335062667611296660652
00.0000000335062667611296660652
00.0000000335062667611296660652
00.0000000335062667611296660652
00.0000000335062667611296660652
00.0000000335062667611296660652
00.0000000335062667611296660652
00.0000000335062667611296660652
00.0000000335062667611296660652
00.0000000335062667611296660652
00.0000000335062667611296660652
00.0000000335062667611296660652
00.0000000335062667611296660652
00.0000000335062667611296660652
00.0000000335062667611296660652
00.0000000335062667611296660652
00.0000000335062667611296660652
00.0000000335062667611296660652
00.0000000335062667611296660652
00.0000000335062667611296660652
00.0000000335062667611296660652
00.0000000335062667611296660652
00.0000000335062667611296660652
00.0000000335062667611296660652
00.0000000335062667611296660652
00.0000000335062667611296660652
00.0000000335062667611296660652
00.0000000335062667611296660652
00.0000000335062667611296660652
00.0000000335062667611296660652
00.0000000335062667611296660652
00.0000000335062667611296660652
00.0000000335062667611296660652
00.0000000335062667611296660652
00.0000000335062667611296660652
00.0000000335062667611296660652
00.0000000335062667611296660652
00.0000000335062667611296660652
00.0000000335062667611296660652
00.0000000335062667611296660652
00.0000000335062667611296660652
00.0000000335062667611296660652
00.0000000335062667611296660652
00.0000000335062667611296660652
00.0000000335062667611296660652
00.0000000335062667611296660652
00.0000000335062667611296660652
00.0000000335062667611296660652
00.0000000335062667611296660652
00.0000000335062667611296660652
00.0000000335062667611296660652
00.0000000335062667611296660652
00.0000000335062667611296660652
00.0000000335062667611296660652
00.0000000335062667611296660652
00.0000000335062667611296660652
00.0000000335062667611296660652
00.0000000335062667611296660652
00.0000000335062667611296660652
00.0000000335062667611296660652
00.0000000335062667611296660652
00.0000000335062667611296660652
00.0000000335062667611296660652
00.0000000335062667611296660652
00.0000000335062667611296660652
00.0000000335062667611296660652
00.0000000335062667611296660652
00.0000000335062667611296660652
00.0000000335062667611296660652
00.0000000335062667611296660652
00.0000000335062667611296660652
00.0000000335062667611296660652
00.0000000335062667611296660652
00.0000000335062667611296660652
00.0000000335062667611296660652
00.0000000335062667611296660652
00.0000000335062667611296660652
00.0000000335062667611296660652
00.0000000335062667611296660652
00.0000000335062667611296660652
00.0000000335062667611296660652
00.0000000335062667611296660652
00.0000000335062667611296660652
00.0000000335062667611296660652
00.0000000335062667611296660652
00.0000000335062667611296660652
00.0000000335062667611296660652
00.0000000335062667611296660652
00.0000000335062667611296660652
00.0000000335062667611296660652
00.0000000335062667611296660652
00.0000000335062667611296660652
00.0000000335062667611296660652
00.0000000335062667611296660652
00.0000000335062667611296660652
00.0000000335062667611296660652
00.0000000335062667611296660652
00.0000000335062667611296660652
00.0000000335062667611296660652
00.0000000335062667611296660652
00.0000000335062667611296660652
00.0000000335062667611296660652
00.0000000335062667611296660652
00.0000000335062667611296660652
00.0000000335062667611296660652
00.0000000335062667611296660652
00.0000000335062667611296660652
00.0000000335062667611296660652
00.0000000335062667611296660652
00.0000000335062667611296660652
00.0000000335062667611296660652
00.0000000335062667611296660652
00.0000000335062667611296660652
00.0000000335062667611296660652
00.0000000335062667611296660652
00.0000000335062667611296660652
00.0000000335062667611296660652
00.0000000335062667611296660652
00.0000000335062667611296660652
00.0000000335062667611296660652
00.0000000335062667611296660652
00.0000000335062667611296660652
00.0000000335062667611296660652
00.0000000335062667611296660652
00.0000000335062667611296660652
00.0000000335062667611296660652
00.0000000335062667611296660652
00.0000000335062667611296660652
00.0000000335062667611296660652
00.0000000335062667611296660652
00.0000000335062667611296660652
00.0000000335062667611296660652
00.0000000335062667611296660652
00.0000000335062667611296660652
00.0000000335062667611296660652
00.0000000335062667611296660652
00.0000000335062667611296660652
00.0000000335062667611296660652
00.0000000335062667611296660652
00.0000000335062667611296660652
00.0000000335062667611296660652
00.0000000335062667611296660652
00.0000000335062667611296660652
00.0000000335062667611296660652
00.0000000335062667611296660652
00.0000000335062667611296660652
00.0000000335062667611296660652
00.0000000335062667611296660652
00.0000000335062667611296660652
00.0000000335062667611296660652
00.0000000335062667611296660652
00.0000000335062667611296660652
00.0000000335062667611296660652
00.0000000335062667611296660652
00.0000000335062667611296660652
00.0000000335062667611296660652
00.0000000335062667611296660652
00.0000000335062667611296660652
00.0000000335062667611296660652
00.0000000335062667611296660652
00.0000000335062667611296660652
00.0000000335062667611296660652
00.0000000335062667611296660652
00.0000000335062667611296660652
00.0000000335062667611296660652
00.0000000335062667611296660652
00.0000000335062667611296660652
00.0000000335062667611296660652
00.0000000335062667611296660652
00.0000000335062667611296660652
00.0000000335062667611296660652
00.0000000335062667611296660652
00.0000000335062667611296660652
00.0000000335062667611296660652
00.0000000335062667611296660652
00.0000000335062667611296660652
00.0000000335062667611296660652
00.0000000335062667611296660652
00.0000000335062667611296660652
00.0000000335062667611296660652
00.0000000335062667611296660652
00.0000000335062667611296660652
00.0000000335062667611296660652
00.0000000335062667611296660652
00.0000000335062667611296660652
00.0000000335062667611296660652
00.0000000335062667611296660652
00.0000000335062667611296660652
00.0000000335062667611296660652
00.0000000335062667611296660652
00.0000000335062667611296660652
00.0000000335062667611296660652
00.0000000335062667611296660652
00.0000000335062667611296660652
00.0000000335062667611296660652
00.0000000335062667611296660652
00.0000000335062667611296660652
00.0000000335062667611296660652
00.0000000335062667611296660652
00.0000000335062667611296660652
00.0000000335062667611296660652
00.0000000335062667611296660652
00.0000000335062667611296660652
00.0000000335062667611296660652
00.0000000335062667611296660652
00.0000000335062667611296660652
00.0000000335062667611296660652
00.0000000335062667611296660652
00.0000000335062667611296660652
00.0000000335062667611296660652
00.0000000335062667611296660652
00.0000000335062667611296660652
00.0000000335062667611296660652
00.0000000335062667611296660652
00.0000000335062667611296660652
00.0000000335062667611296660652
00.0000000335062667611296660652
00.0000000335062667611296660652
00.0000000335062667611296660652
00.0000000335062667611296660652
00.0000000335062667611296660652
00.0000000335062667611296660652
00.0000000335062667611296660652
00.0000000335062667611296660652
00.0000000335062667611296660652
00.0000000335062667611296660652
00.0000000335062667611296660652
00.0000000335062667611296660652
00.0000000335062667611296660652
00.0000000335062667611296660652
00.0000000335062667611296660652
00.0000000335062667611296660652
00.0000000335062667611296660652
00.0000000335062667611296660652
00.0000000335062667611296660652
00.0000000335062667611296660652
00.0000000335062667611296660652
00.0000000335062667611296660652
00.0000000335062667611296660652
00.0000000335062667611296660652
00.0000000335062667611296660652
00.0000000335062667611296660652
00.0000000335062667611296660652
00.0000000335062667611296660652
00.0000000335062667611296660652
00.0000000335062667611296660652
00.0000000335062667611296660652
00.0000000335062667611296660652
00.0000000335062667611296660652
00.0000000335062667611296660652
00.0000000335062667611296660652
00.0000000335062667611296660652
00.0000000335062667611296660652
00.0000000335062667611296660652
00.0000000335062667611296660652
00.0000000335062667611296660652
00.0000000335062667611296660652
00.0000000335062667611296660652
00.0000000335062667611296660652
00.0000000335062667611296660652
00.0000000335062667611296660652
00.0000000335062667611296660652
00.0000000335062667611296660652
00.0000000335062667611296660652
00.0000000335062667611296660652
00.0000000335062667611296660652
00.0000000335062667611296660652
00.0000000335062667611296660652
00.0000000335062667611296660652
00.0000000335062667611296660652
00.0000000335062667611296660652
00.0000000335062667611296660652
00.0000000335062667611296660652
00.0000000335062667611296660652
00.0000000335062667611296660652
00.0000000335062667611296660652
00.0000000335062667611296660652
00.0000000335062667611296660652
00.0000000335062667611296660652
00.0000000335062667611296660652
00.0000000335062667611296660652
00.0000000335062667611296660652
00.0000000335062667611296660652
00.0000000335062667611296660652
00.0000000335062667611296660652
00.0000000335062667611296660652
00.0000000335062667611296660652
00.0000000335062667611296660652
00.0000000335062667611296660652
00.0000000335062667611296660652
00.0000000335062667611296660652
00.0000000335062667611296660652
00.0000000335062667611296660652
00.0000000335062667611296660652
00.0000000335062667611296660652
00.0000000335062667611296660652
00.0000000335062667611296660652
00.0000000335062667611296660652
00.0000000335062667611296660652
00.0000000335062667611296660652
00.0000000335062667611296660652
00.0000000335062667611296660652
00.0000000335062667611296660652
00.0000000335062667611296660652
00.0000000335062667611296660652
00.0000000335062667611296660652
00.0000000335062667611296660652
00.0000000335062667611296660652
00.0000000335062667611296660652
00.0000000335062667611296660652
00.0000000335062667611296660652
00.0000000335062667611296660652
00.0000000335062667611296660652
00.0000000335062667611296660652
00.0000000335062667611296660652
00.0000000335062667611296660652
00.0000000335062667611296660652
00.0000000335062667611296660652
00.0000000335062667611296660652
00.0000000335062667611296660652
00.0000000335062667611296660652
00.0000000335062667611296660652
00.0000000335062667611296660652
00.0000000335062667611296660652
00.0000000335062667611296660652
00.0000000335062667611296660652
00.0000000335062667611296660652
00.0000000335062667611296660652
00.0000000335062667611296660652
00.0000000335062667611296660652
00.0000000335062667611296660652
00.0000000335062667611296660652
00.0000000335062667611296660652
00.0000000335062667611296660652
00.0000000335062667611296660652
00.0000000335062667611296660652
00.0000000335062667611296660652
00.0000000335062667611296660652
00.0000000335062667611296660652
00.0000000335062667611296660652
00.0000000335062667611296660652
00.0000000335062667611296660652
00.0000000335062667611296660652
00.0000000335062667611296660652
00.0000000335062667611296660652
00.0000000335062667611296660652
00.0000000335062667611296660652
00.0000000335062667611296660652
00.0000000335062667611296660652
00.0000000335062667611296660652
00.0000000335062667611296660652
00.0000000335062667611296660652
00.0000000335062667611296660652
00.0000000335062667611296660652
00.0000000335062667611296660652
00.0000000335062667611296660652
00.0000000335062667611296660652
00.0000000335062667611296660652
00.0000000335062667611296660652
00.0000000335062667611296660652
00.0000000335062667611296660652
00.0000000335062667611296660652
00.0000000335062667611296660652
00.0000000335062667611296660652
00.0000000335062667611296660652
00.0000000335062667611296660652
00.0000000335062667611296660652
00.0000000335062667611296660652
00.0000000335062667611296660652
00.0000000335062667611296660652
00.0000000335062667611296660652
00.0000000335062667611296660652
00.0000000335062667611296660652
00.0000000335062667611296660652
00.0000000335062667611296660652
00.0000000335062667611296660652
00.0000000335062667611296660652
00.0000000335062667611296660652
00.0000000335062667611296660652
00.0000000335062667611296660652
00.0000000335062667611296660652
00.0000000335062667611296660652
00.0000000335062667611296660652
00.0000000335062667611296660652
00.0000000335062667611296660652
00.0000000335062667611296660652
00.0000000335062667611296660652
00.0000000335062667611296660652
00.0000000335062667611296660652
00.0000000335062667611296660652
00.0000000335062667611296660652
00.0000000335062667611296660652
00.0000000335062667611296660652
00.0000000335062667611296660652
00.0000000335062667611296660652
00.0000000335062667611296660652
00.0000000335062667611296660652
00.0000000335062667611296660652
00.0000000335062667611296660652
00.0000000335062667611296660652
00.0000000335062667611296660652
00.0000000335062667611296660652
00.0000000335062667611296660652
00.0000000335062667611296660652
00.0000000335062667611296660652
00.0000000335062667611296660652
00.0000000335062667611296660652
00.0000000335062667611296660652
00.0000000335062667611296660652
00.0000000335062667611296660652
00.0000000335062667611296660652
00.0000000335062667611296660652
00.0000000335062667611296660652
00.0000000335062667611296660652
00.0000000335062667611296660652
00.0000000335062667611296660652
00.0000000335062667611296660652
00.0000000335062667611296660652
00.0000000335062667611296660652
00.0000000335062667611296660652
00.0000000335062667611296660652
00.0000000335062667611296660652
00.0000000335062667611296660652
00.0000000335062667611296660652
00.0000000335062667611296660652
00.0000000335062667611296660652
00.0000000335062667611296660652
00.0000000335062667611296660652
00.0000000335062667611296660652
00.0000000335062667611296660652
00.0000000335062667611296660652
00.0000000335062667611296660652
00.0000000335062667611296660652
00.0000000335062667611296660652
00.0000000335062667611296660652
00.0000000335062667611296660652
00.0000000335062667611296660652
00.0000000335062667611296660652
00.0000000335062667611296660652
00.0000000335062667611296660652
00.0000000335062667611296660652
00.0000000335062667611296660652
00.0000000335062667611296660652
00.0000000335062667611296660652
00.0000000335062667611296660652
00.0000000335062667611296660652
00.0000000335062667611296660652
00.0000000335062667611296660652
00.0000000335062667611296660652
00.0000000335062667611296660652
00.0000000335062667611296660652
00.0000000335062667611296660652
00.0000000335062667611296660652
00.0000000335062667611296660652
00.0000000335062667611296660652
00.0000000335062667611296660652
00.0000000335062667611296660652
00.0000000335062667611296660652
00.0000000335062667611296660652
00.0000000335062667611296660652
00.0000000335062667611296660652
00.0000000335062667611296660652
00.0000000335062667611296660652
00.0000000335062667611296660652
00.0000000335062667611296660652
00.0000000335062667611296660652
00.0000000335062667611296660652
00.0000000335062667611296660652
00.0000000335062667611296660652
00.0000000335062667611296660652
00.0000000335062667611296660652
00.0000000335062667611296660652
00.0000000335062667611296660652
00.0000000335062667611296660652
00.0000000335062667611296660652
00.0000000335062667611296660652
00.0000000335062667611296660652
00.0000000335062667611296660652
00.0000000335062667611296660652
00.0000000335062667611296660652
00.0000000335062667611296660652
00.0000000335062667611296660652
00.0000000335062667611296660652
00.0000000335062667611296660652
00.0000000335062667611296660652
00.0000000335062667611296660652
00.0000000335062667611296660652
00.0000000335062667611296660652
00.0000000335062667611296660652
00.0000000335062667611296660652
00.0000000335062667611296660652
00.0000000335062667611296660652
00.0000000335062667611296660652
00.0000000335062667611296660652
00.0000000335062667611296660652
00.0000000335062667611296660652
00.0000000335062667611296660652
00.0000000335062667611296660652
00.0000000335062667611296660652
00.0000000335062667611296660652
00.0000000335062667611296660652
00.0000000335062667611296660652
00.0000000335062667611296660652
00.0000000335062667611296660652
00.0000000335062667611296660652
00.0000000335062667611296660652
00.0000000335062667611296660652
00.0000000335062667611296660652
00.0000000335062667611296660652
00.0000000335062667611296660652
00.0000000335062667611296660652
00.0000000335062667611296660652
00.0000000335062667611296660652
00.0000000335062667611296660652
00.0000000335062667611296660652
00.0000000335062667611296660652
00.0000000335062667611296660652
00.0000000335062667611296660652
00.0000000335062667611296660652
00.0000000335062667611296660652
00.0000000335062667611296660652
00.0000000335062667611296660652
00.0000000335062667611296660652
00.0000000335062667611296660652
00.0000000335062667611296660652
00.0000000335062667611296660652
00.0000000335062667611296660652
00.0000000335062667611296660652
00.0000000335062667611296660652
00.0000000335062667611296660652
00.0000000335062667611296660652
00.0000000335062667611296660652
00.0000000335062667611296660652
00.0000000335062667611296660652
00.0000000335062667611296660652
00.0000000335062667611296660652
00.0000000335062667611296660652
00.0000000335062667611296660652
00.0000000335062667611296660652
00.0000000335062667611296660652
00.0000000335062667611296660652
00.0000000335062667611296660652
00.0000000335062667611296660652
00.0000000335062667611296660652
00.0000000335062667611296660652
00.0000000335062667611296660652
00.0000000335062667611296660652
00.0000000335062667611296660652
00.0000000335062667611296660652
00.0000000335062667611296660652
00.0000000335062667611296660652
00.0000000335062667611296660652
00.0000000335062667611296660652
00.0000000335062667611296660652
00.0000000335062667611296660652
00.0000000335062667611296660652
00.0000000335062667611296660652
00.0000000335062667611296660652
00.0000000335062667611296660652
00.0000000335062667611296660652
00.0000000335062667611296660652
00.0000000335062667611296660652
00.0000000335062667611296660652
00.0000000335062667611296660652
00.0000000335062667611296660652
00.0000000335062667611296660652
00.0000000335062667611296660652
00.0000000335062667611296660652
00.0000000335062667611296660652
00.0000000335062667611296660652
00.0000000335062667611296660652
00.0000000335062667611296660652
00.0000000335062667611296660652
00.0000000335062667611296660652
00.0000000335062667611296660652
00.0000000335062667611296660652
00.0000000335062667611296660652
00.0000000335062667611296660652
00.0000000335062667611296660652
00.0000000335062667611296660652
00.0000000335062667611296660652
00.0000000335062667611296660652
00.0000000335062667611296660652
00.0000000335062667611296660652
00.0000000335062667611296660652
00.0000000335062667611296660652
00.0000000335062667611296660652
00.0000000335062667611296660652
00.0000000335062667611296660652
00.0000000335062667611296660652
00.0000000335062667611296660652
00.0000000335062667611296660652
00.0000000335062667611296660652
00.0000000335062667611296660652
00.0000000335062667611296660652
00.0000000335062667611296660652
00.0000000335062667611296660652
00.0000000335062667611296660652
00.0000000335062667611296660652
00.0000000335062667611296660652
00.0000000335062667611296660652
00.0000000335062667611296660652
00.0000000335062667611296660652
00.0000000335062667611296660652
00.0000000335062667611296660652
00.0000000335062667611296660652
00.0000000335062667611296660652
00.0000000335062667611296660652
00.0000000335062667611296660652
00.0000000335062667611296660652
00.0000000335062667611296660652
00.0000000335062667611296660652
00.0000000335062667611296660652
00.0000000335062667611296660652
00.0000000335062667611296660652
00.0000000335062667611296660652
00.0000000335062667611296660652
00.0000000335062667611296660652
00.0000000335062667611296660652
00.0000000335062667611296660652
00.0000000335062667611296660652
00.0000000335062667611296660652
00.0000000335062667611296660652
00.0000000335062667611296660652
00.0000000335062667611296660652
00.0000000335062667611296660652
00.0000000335062667611296660652
00.0000000335062667611296660652
00.0000000335062667611296660652
00.0000000335062667611296660652
00.0000000335062667611296660652
00.0000000335062667611296660652
00.0000000335062667611296660652
00.0000000335062667611296660652
00.0000000335062667611296660652
00.0000000335062667611296660652
00.0000000335062667611296660652
00.0000000335062667611296660652
00.0000000335062667611296660652
00.0000000335062667611296660652
00.0000000335062667611296660652
00.0000000335062667611296660652
00.0000000335062667611296660652
00.0000000335062667611296660652
00.0000000335062667611296660652
00.0000000335062667611296660652
00.0000000335062667611296660652
00.0000000335062667611296660652
00.0000000335062667611296660652
00.0000000335062667611296660652
00.0000000335062667611296660652
00.0000000335062667611296660652
00.0000000335062667611296660652
00.0000000335062667611296660652
00.0000000335062667611296660652
00.0000000335062667611296660652
00.0000000335062667611296660652
00.0000000335062667611296660652
00.0000000335062667611296660652
00.0000000335062667611296660652
00.0000000335062667611296660652
00.0000000335062667611296660652
00.0000000335062667611296660652
00.0000000335062667611296660652
00.0000000335062667611296660652
00.0000000335062667611296660652
00.0000000335062667611296660652
00.0000000335062667611296660652
00.0000000335062667611296660652
00.0000000335062667611296660652
00.0000000335062667611296660652
00.0000000335062667611296660652
00.0000000335062667611296660652
00.0000000335062667611296660652
00.0000000335062667611296660652
00.0000000335062667611296660652
00.0000000335062667611296660652
00.0000000335062667611296660652
00.0000000335062667611296660652
00.0000000335062667611296660652
00.0000000335062667611296660652
00.0000000335062667611296660652
00.0000000335062667611296660652
00.0000000335062667611296660652
00.0000000335062667611296660652
00.0000000335062667611296660652
00.0000000335062667611296660652
00.0000000335062667611296660652
00.0000000335062667611296660652
00.0000000335062667611296660652
00.0000000335062667611296660652
00.0000000335062667611296660652
00.0000000335062667611296660652
00.0000000335062667611296660652
00.0000000335062667611296660652
00.0000000335062667611296660652
00.0000000335062667611296660652
00.0000000335062667611296660652
00.0000000335062667611296660652
00.0000000335062667611296660652
00.0000000335062667611296660652
00.0000000335062667611296660652
00.0000000335062667611296660652
00.0000000335062667611296660652
00.0000000335062667611296660652
00.0000000335062667611296660652
00.0000000335062667611296660652
00.0000000335062667611296660652
00.0000000335062667611296660652
00.0000000335062667611296660652
00.0000000335062667611296660652
00.0000000335062667611296660652
00.0000000335062667611296660652
00.0000000335062667611296660652
00.0000000335062667611296660652
00.0000000335062667611296660652
00.0000000335062667611296660652
00.0000000335062667611296660652
00.0000000335062667611296660652
00.0000000335062667611296660652
00.0000000335062667611296660652
00.0000000335062667611296660652
00.0000000335062667611296660652
00.0000000335062667611296660652
00.0000000335062667611296660652
00.0000000335062667611296660652
00.0000000335062667611296660652
00.0000000335062667611296660652
00.0000000335062667611296660652
00.0000000335062667611296660652
00.0000000335062667611296660652
00.0000000335062667611296660652
00.0000000335062667611296660652
00.0000000335062667611296660652
00.0000000335062667611296660652
00.0000000335062667611296660652
00.0000000335062667611296660652
00.0000000335062667611296660652
00.0000000335062667611296660652
00.0000000335062667611296660652
00.0000000335062667611296660652
00.0000000335062667611296660652
00.0000000335062667611296660652
00.0000000335062667611296660652
00.0000000335062667611296660652
00.0000000335062667611296660652
00.0000000335062667611296660652
00.0000000335062667611296660652
00.0000000335062667611296660652
00.0000000335062667611296660652
00.0000000335062667611296660652
00.0000000335062667611296660652
00.0000000335062667611296660652
00.0000000335062667611296660652
00.0000000335062667611296660652
00.0000000335062667611296660652
00.0000000335062667611296660652
00.0000000335062667611296660652
00.0000000335062667611296660652
00.0000000335062667611296660652
00.0000000335062667611296660652
00.0000000335062667611296660652
00.0000000335062667611296660652
00.0000000335062667611296660652
00.0000000335062667611296660652
00.0000000335062667611296660652
00.0000000335062667611296660652
00.0000000335062667611296660652
00.0000000335062667611296660652
00.0000000335062667611296660652
00.0000000335062667611296660652
00.0000000335062667611296660652
00.0000000335062667611296660652
00.0000000335062667611296660652
00.0000000335062667611296660652
00.0000000335062667611296660652
00.0000000335062667611296660652
00.0000000335062667611296660652
00.0000000335062667611296660652
00.0000000335062667611296660652
00.0000000335062667611296660652
00.0000000335062667611296660652
00.0000000335062667611296660652
00.0000000335062667611296660652
00.0000000335062667611296660652
00.0000000335062667611296660652
00.0000000335062667611296660652
00.0000000335062667611296660652
00.0000000335062667611296660652
00.0000000335062667611296660652
00.0000000335062667611296660652
00.0000000335062667611296660652
00.0000000335062667611296660652
00.0000000335062667611296660652
00.0000000335062667611296660652
00.0000000335062667611296660652
00.0000000335062667611296660652
00.0000000335062667611296660652
00.0000000335062667611296660652
00.0000000335062667611296660652
00.0000000335062667611296660652
00.0000000335062667611296660652
00.0000000335062667611296660652
00.0000000335062667611296660652
00.0000000335062667611296660652
00.0000000335062667611296660652
00.0000000335062667611296660652
00.0000000335062667611296660652
00.0000000335062667611296660652
00.0000000335062667611296660652
00.0000000335062667611296660652
00.0000000335062667611296660652
00.0000000335062667611296660652
00.0000000335062667611296660652
00.0000000335062667611296660652
00.0000000335062667611296660652
00.0000000335062667611296660652
00.0000000335062667611296660652
00.0000000335062667611296660652
00.0000000335062667611296660652
00.0000000335062667611296660652
00.0000000335062667611296660652
00.0000000335062667611296660652
00.0000000335062667611296660652
00.0000000335062667611296660652
00.0000000335062667611296660652
00.0000000335062667611296660652
00.0000000335062667611296660652
00.0000000335062667611296660652
00.0000000335062667611296660652
00.0000000335062667611296660652
00.0000000335062667611296660652
00.0000000335062667611296660652
00.0000000335062667611296660652
00.0000000335062667611296660652
00.0000000335062667611296660652
00.0000000335062667611296660652
00.0000000335062667611296660652
00.0000000335062667611296660652
00.0000000335062667611296660652
00.0000000335062667611296660652
00.0000000335062667611296660652
00.0000000335062667611296660652
00.0000000335062667611296660652
00.0000000335062667611296660652
00.0000000335062667611296660652
00.0000000335062667611296660652
00.0000000335062667611296660652
00.0000000335062667611296660652
00.0000000335062667611296660652
00.0000000335062667611296660652
00.0000000335062667611296660652
00.0000000335062667611296660652
00.0000000335062667611296660652
00.0000000335062667611296660652
00.0000000335062667611296660652
00.0000000335062667611296660652
00.0000000335062667611296660652
00.0000000335062667611296660652
00.0000000335062667611296660652
00.0000000335062667611296660652
00.0000000335062667611296660652
00.0000000335062667611296660652
00.0000000335062667611296660652
00.0000000335062667611296660652
00.0000000335062667611296660652
00.0000000335062667611296660652
00.0000000335062667611296660652
00.0000000335062667611296660652
00.0000000335062667611296660652
00.0000000335062667611296660652
00.0000000335062667611296660652
00.0000000335062667611296660652
00.0000000335062667611296660652
00.0000000335062667611296660652
00.0000000335062667611296660652
00.0000000335062667611296660652
00.0000000335062667611296660652
00.0000000335062667611296660652
00.0000000335062667611296660652
00.0000000335062667611296660652
00.0000000335062667611296660652
00.0000000335062667611296660652
00.0000000335062667611296660652
00.0000000335062667611296660652
00.0000000335062667611296660652
00.0000000335062667611296660652
00.0000000335062667611296660652
00.0000000335062667611296660652
00.0000000335062667611296660652
00.0000000335062667611296660652
00.0000000335062667611296660652
00.0000000335062667611296660652
00.0000000335062667611296660652
00.0000000335062667611296660652
00.0000000335062667611296660652
00.0000000335062667611296660652
00.0000000335062667611296660652
00.0000000335062667611296660652
00.0000000335062667611296660652
00.0000000335062667611296660652
00.0000000335062667611296660652
00.0000000335062667611296660652
00.0000000335062667611296660652
00.0000000335062667611296660652
00.0000000335062667611296660652
00.0000000335062667611296660652
00.0000000335062667611296660652
00.0000000335062667611296660652
00.0000000335062667611296660652
00.0000000335062667611296660652
00.0000000335062667611296660652
00.0000000335062667611296660652
00.0000000335062667611296660652
00.0000000335062667611296660652
00.0000000335062667611296660652
00.0000000335062667611296660652
00.0000000335062667611296660652
00.0000000335062667611296660652
00.0000000335062667611296660652
00.0000000335062667611296660652
00.0000000335062667611296660652
00.0000000335062667611296660652
00.0000000335062667611296660652
00.0000000335062667611296660652
00.0000000335062667611296660652
00.0000000335062667611296660652
00.0000000335062667611296660652
00.0000000335062667611296660652
00.0000000335062667611296660652
00.0000000335062667611296660652
00.0000000335062667611296660652
00.0000000335062667611296660652
00.0000000335062667611296660652
00.0000000335062667611296660652
00.0000000335062667611296660652
00.0000000335062667611296660652
00.0000000335062667611296660652
00.0000000335062667611296660652
00.0000000335062667611296660652
00.0000000335062667611296660652
00.0000000335062667611296660652
00.0000000335062667611296660652
00.0000000335062667611296660652
00.0000000335062667611296660652
00.0000000335062667611296660652
00.0000000335062667611296660652
00.0000000335062667611296660652
00.0000000335062667611296660652
00.0000000335062667611296660652
00.0000000335062667611296660652
00.0000000335062667611296660652
00.0000000335062667611296660652
00.0000000335062667611296660652
00.0000000335062667611296660652
00.0000000335062667611296660652
00.0000000335062667611296660652
00.0000000335062667611296660652
00.0000000335062667611296660652
00.0000000335062667611296660652
00.0000000335062667611296660652
00.0000000335062667611296660652
00.0000000335062667611296660652
00.0000000335062667611296660652
00.0000000335062667611296660652
00.0000000335062667611296660652
00.0000000335062667611296660652
00.0000000335062667611296660652
00.0000000335062667611296660652
00.0000000335062667611296660652
00.0000000335062667611296660652
00.0000000335062667611296660652
00.0000000335062667611296660652
00.0000000335062667611296660652
00.0000000335062667611296660652
00.0000000335062667611296660652
00.0000000335062667611296660652
00.0000000335062667611296660652
00.0000000335062667611296660652
00.0000000335062667611296660652
00.0000000335062667611296660652
00.0000000326008613438233396664
00.0000000326008613438233396664
00.0000000326008613438233396664
00.0000000326008613438233396664
00.0000000326008613438233396664
00.0000000326008613438233396664
00.0000000326008613438233396664
00.0000000326008613438233396664
00.0000000326008613438233396664
00.0000000326008613438233396664
00.0000000326008613438233396664
00.0000000326008613438233396664
00.0000000326008613438233396664
00.0000000326008613438233396664
00.0000000326008613438233396664
00.0000000326008613438233396664
00.0000000326008613438233396664
00.0000000326008613438233396664
00.0000000326008613438233396664
00.0000000326008613438233396664
00.0000000326008613438233396664
00.0000000326008613438233396664
00.0000000326008613438233396664
00.0000000326008613438233396664
00.0000000326008613438233396664
00.0000000326008613438233396664
00.0000000326008613438233396664
00.0000000326008613438233396664
00.0000000326008613438233396664
00.0000000326008613438233396664
00.0000000326008613438233396664
00.0000000326008613438233396664
00.0000000326008613438233396664
00.0000000326008613438233396664
00.0000000326008613438233396664
00.0000000326008613438233396664
00.0000000326008613438233396664
00.0000000326008613438233396664
00.0000000326008613438233396664
00.0000000326008613438233396664
00.0000000326008613438233396664
00.0000000326008613438233396664
00.0000000326008613438233396664
00.0000000326008613438233396664
00.0000000326008613438233396664
00.0000000326008613438233396664
00.0000000326008613438233396664
00.0000000326008613438233396664
00.0000000326008613438233396664
00.0000000326008613438233396664
00.0000000326008613438233396664
00.0000000326008613438233396664
00.0000000326008613438233396664
00.0000000326008613438233396664
00.0000000326008613438233396664
00.0000000326008613438233396664
00.0000000326008613438233396664
00.0000000326008613438233396664
00.0000000326008613438233396664
00.0000000326008613438233396664
00.0000000326008613438233396664
00.0000000326008613438233396664
00.0000000326008613438233396664
00.0000000326008613438233396664
00.0000000326008613438233396664
00.0000000326008613438233396664
00.0000000326008613438233396664
00.0000000326008613438233396664
00.0000000326008613438233396664
00.0000000326008613438233396664
00.0000000326008613438233396664
00.0000000326008613438233396664
00.0000000326008613438233396664
00.0000000326008613438233396664
00.0000000326008613438233396664
00.0000000326008613438233396664
00.0000000326008613438233396664
00.0000000326008613438233396664
00.0000000326008613438233396664
00.0000000326008613438233396664
00.0000000326008613438233396664
00.0000000326008613438233396664
00.0000000326008613438233396664
00.0000000326008613438233396664
00.0000000326008613438233396664
00.0000000326008613438233396664
00.0000000326008613438233396664
00.0000000326008613438233396664
00.0000000326008613438233396664
00.0000000326008613438233396664
00.0000000326008613438233396664
00.0000000326008613438233396664
00.0000000326008613438233396664
00.0000000326008613438233396664
00.0000000326008613438233396664
00.0000000326008613438233396664
00.0000000326008613438233396664
00.0000000326008613438233396664
00.0000000326008613438233396664
00.0000000326008613438233396664
00.0000000326008613438233396664
00.0000000326008613438233396664
00.0000000326008613438233396664
00.0000000326008613438233396664
00.0000000326008613438233396664
00.0000000326008613438233396664
00.0000000326008613438233396664
00.0000000326008613438233396664
00.0000000326008613438233396664
00.0000000326008613438233396664
00.0000000326008613438233396664
00.0000000326008613438233396664
00.0000000326008613438233396664
00.0000000326008613438233396664
00.0000000326008613438233396664
00.0000000326008613438233396664
00.0000000326008613438233396664
00.0000000326008613438233396664
00.0000000326008613438233396664
00.0000000326008613438233396664
00.0000000326008613438233396664
00.0000000326008613438233396664
00.0000000326008613438233396664
00.0000000326008613438233396664
00.0000000326008613438233396664
00.0000000326008613438233396664
00.0000000326008613438233396664
00.0000000326008613438233396664
00.0000000326008613438233396664
00.0000000326008613438233396664
00.0000000326008613438233396664
00.0000000326008613438233396664
00.0000000326008613438233396664
00.0000000326008613438233396664
00.0000000326008613438233396664
00.0000000326008613438233396664
00.0000000326008613438233396664
00.0000000326008613438233396664
00.0000000326008613438233396664
00.0000000326008613438233396664
00.0000000326008613438233396664
00.0000000326008613438233396664
00.0000000326008613438233396664
00.0000000326008613438233396664
00.0000000326008613438233396664
00.0000000326008613438233396664
00.0000000326008613438233396664
00.0000000326008613438233396664
00.0000000326008613438233396664
00.0000000326008613438233396664
00.0000000326008613438233396664
00.0000000326008613438233396664
00.0000000326008613438233396664
00.0000000326008613438233396664
00.0000000326008613438233396664
00.0000000326008613438233396664
00.0000000326008613438233396664
00.0000000326008613438233396664
00.0000000326008613438233396664
00.0000000326008613438233396664
00.0000000326008613438233396664
00.0000000326008613438233396664
00.0000000326008613438233396664
00.0000000326008613438233396664
00.0000000326008613438233396664
00.0000000326008613438233396664
00.0000000326008613438233396664
00.0000000326008613438233396664
00.0000000326008613438233396664
00.0000000326008613438233396664
00.0000000326008613438233396664
00.0000000326008613438233396664
00.0000000326008613438233396664
00.0000000326008613438233396664
00.0000000326008613438233396664
00.0000000326008613438233396664
00.0000000326008613438233396664
00.0000000326008613438233396664
00.0000000326008613438233396664
00.0000000326008613438233396664
00.0000000326008613438233396664
00.0000000326008613438233396664
00.0000000326008613438233396664
00.0000000326008613438233396664
00.0000000326008613438233396664
00.0000000326008613438233396664
00.0000000326008613438233396664
00.0000000326008613438233396664
00.0000000326008613438233396664
00.0000000326008613438233396664
00.0000000326008613438233396664
00.0000000326008613438233396664
00.0000000326008613438233396664
00.0000000326008613438233396664
00.0000000326008613438233396664
00.0000000326008613438233396664
00.0000000326008613438233396664
00.0000000326008613438233396664
00.0000000326008613438233396664
00.0000000326008613438233396664
00.0000000326008613438233396664
00.0000000326008613438233396664
00.0000000326008613438233396664
00.0000000326008613438233396664
00.0000000326008613438233396664
00.0000000326008613438233396664
00.0000000326008613438233396664
00.0000000326008613438233396664
00.0000000326008613438233396664
00.0000000326008613438233396664
00.0000000326008613438233396664
00.0000000326008613438233396664
00.0000000326008613438233396664
00.0000000326008613438233396664
00.0000000326008613438233396664
00.0000000326008613438233396664
00.0000000326008613438233396664
00.0000000326008613438233396664
00.0000000326008613438233396664
00.0000000326008613438233396664
00.0000000326008613438233396664
00.0000000326008613438233396664
00.0000000326008613438233396664
00.0000000326008613438233396664
00.0000000326008613438233396664
00.0000000326008613438233396664
00.0000000326008613438233396664
00.0000000326008613438233396664
00.0000000326008613438233396664
00.0000000326008613438233396664
00.0000000326008613438233396664
00.0000000326008613438233396664
00.0000000326008613438233396664
00.0000000326008613438233396664
00.0000000326008613438233396664
00.0000000326008613438233396664
00.0000000326008613438233396664
00.0000000326008613438233396664
00.0000000326008613438233396664
00.0000000326008613438233396664
00.0000000326008613438233396664
00.0000000326008613438233396664
00.0000000326008613438233396664
00.0000000326008613438233396664
00.0000000326008613438233396664
00.0000000326008613438233396664
00.0000000326008613438233396664
00.0000000326008613438233396664
00.0000000326008613438233396664
00.0000000326008613438233396664
00.0000000326008613438233396664
00.0000000326008613438233396664
00.0000000326008613438233396664
00.0000000326008613438233396664
00.0000000326008613438233396664
00.0000000326008613438233396664
00.0000000326008613438233396664
00.0000000326008613438233396664
00.0000000326008613438233396664
00.0000000326008613438233396664
00.0000000326008613438233396664
00.0000000326008613438233396664
00.0000000326008613438233396664
00.0000000326008613438233396664
00.0000000326008613438233396664
00.0000000326008613438233396664
00.0000000326008613438233396664
00.0000000326008613438233396664
00.0000000326008613438233396664
00.0000000326008613438233396664
00.0000000326008613438233396664
00.0000000326008613438233396664
00.0000000326008613438233396664
00.0000000326008613438233396664
00.0000000326008613438233396664
00.0000000326008613438233396664
00.0000000326008613438233396664
00.0000000326008613438233396664
00.0000000326008613438233396664
00.0000000326008613438233396664
00.0000000326008613438233396664
00.0000000326008613438233396664
00.0000000326008613438233396664
00.0000000326008613438233396664
00.0000000326008613438233396664
00.0000000326008613438233396664
00.0000000326008613438233396664
00.0000000326008613438233396664
00.0000000326008613438233396664
00.0000000326008613438233396664
00.0000000326008613438233396664
00.0000000326008613438233396664
00.0000000326008613438233396664
00.0000000326008613438233396664
00.0000000326008613438233396664
00.0000000326008613438233396664
00.0000000326008613438233396664
00.0000000326008613438233396664
00.0000000326008613438233396664
00.0000000326008613438233396664
00.0000000326008613438233396664
00.0000000326008613438233396664
00.0000000326008613438233396664
00.0000000326008613438233396664
00.0000000326008613438233396664
00.0000000326008613438233396664
00.0000000326008613438233396664
00.0000000326008613438233396664
00.0000000326008613438233396664
00.0000000326008613438233396664
00.0000000326008613438233396664
00.0000000326008613438233396664
00.0000000326008613438233396664
00.0000000326008613438233396664
00.0000000326008613438233396664
00.0000000326008613438233396664
00.0000000326008613438233396664
00.0000000326008613438233396664
00.0000000326008613438233396664
00.0000000326008613438233396664
00.0000000326008613438233396664
00.0000000326008613438233396664
00.0000000326008613438233396664
00.0000000326008613438233396664
00.0000000326008613438233396664
00.0000000326008613438233396664
00.0000000326008613438233396664
00.0000000326008613438233396664
00.0000000326008613438233396664
00.0000000326008613438233396664
00.0000000326008613438233396664
00.0000000326008613438233396664
00.0000000326008613438233396664
00.0000000326008613438233396664
00.0000000326008613438233396664
00.0000000326008613438233396664
00.0000000326008613438233396664
00.0000000326008613438233396664
00.0000000326008613438233396664
00.0000000326008613438233396664
00.0000000326008613438233396664
00.0000000326008613438233396664
00.0000000326008613438233396664
00.0000000326008613438233396664
00.0000000326008613438233396664
00.0000000326008613438233396664
00.0000000326008613438233396664
00.0000000326008613438233396664
00.0000000326008613438233396664
00.0000000326008613438233396664
00.0000000326008613438233396664
00.0000000326008613438233396664
00.0000000326008613438233396664
00.0000000326008613438233396664
00.0000000326008613438233396664
00.0000000326008613438233396664
00.0000000326008613438233396664
00.0000000326008613438233396664
00.0000000326008613438233396664
00.0000000326008613438233396664
00.0000000326008613438233396664
00.0000000326008613438233396664
00.0000000326008613438233396664
00.0000000326008613438233396664
00.0000000326008613438233396664
00.0000000326008613438233396664
00.0000000326008613438233396664
00.0000000326008613438233396664
00.0000000326008613438233396664
00.0000000326008613438233396664
00.0000000326008613438233396664
00.0000000326008613438233396664
00.0000000326008613438233396664
00.0000000326008613438233396664
00.0000000326008613438233396664
00.0000000326008613438233396664
00.0000000326008613438233396664
00.0000000326008613438233396664
00.0000000326008613438233396664
00.0000000326008613438233396664
00.0000000326008613438233396664
00.0000000326008613438233396664
00.0000000326008613438233396664
00.0000000326008613438233396664
00.0000000326008613438233396664
00.0000000326008613438233396664
00.0000000326008613438233396664
00.0000000326008613438233396664
00.0000000326008613438233396664
00.0000000326008613438233396664
00.0000000326008613438233396664
00.0000000326008613438233396664
00.0000000326008613438233396664
00.0000000326008613438233396664
00.0000000326008613438233396664
00.0000000326008613438233396664
00.0000000326008613438233396664
00.0000000326008613438233396664
00.0000000326008613438233396664
00.0000000326008613438233396664
00.0000000326008613438233396664
00.0000000326008613438233396664
00.0000000326008613438233396664
00.0000000326008613438233396664
00.0000000326008613438233396664
00.0000000326008613438233396664
00.0000000326008613438233396664
00.0000000326008613438233396664
00.0000000326008613438233396664
00.0000000326008613438233396664
00.0000000326008613438233396664
00.0000000326008613438233396664
00.0000000326008613438233396664
00.0000000326008613438233396664
00.0000000326008613438233396664
00.0000000326008613438233396664
00.0000000326008613438233396664
00.0000000326008613438233396664
00.0000000326008613438233396664
00.0000000326008613438233396664
00.0000000326008613438233396664
00.0000000326008613438233396664
00.0000000326008613438233396664
00.0000000326008613438233396664
00.0000000326008613438233396664
00.0000000326008613438233396664
00.0000000326008613438233396664
00.0000000326008613438233396664
00.0000000326008613438233396664
00.0000000326008613438233396664
00.0000000326008613438233396664
00.0000000326008613438233396664
00.0000000326008613438233396664
00.0000000326008613438233396664
00.0000000326008613438233396664
00.0000000326008613438233396664
00.0000000326008613438233396664
00.0000000326008613438233396664
00.0000000326008613438233396664
00.0000000326008613438233396664
00.0000000326008613438233396664
00.0000000326008613438233396664
00.0000000326008613438233396664
00.0000000326008613438233396664
00.0000000326008613438233396664
00.0000000326008613438233396664
00.0000000326008613438233396664
00.0000000326008613438233396664
00.0000000326008613438233396664
00.0000000326008613438233396664
00.0000000326008613438233396664
00.0000000326008613438233396664
00.0000000326008613438233396664
00.0000000326008613438233396664
00.0000000326008613438233396664
00.0000000326008613438233396664
00.0000000326008613438233396664
00.0000000326008613438233396664
00.0000000326008613438233396664
00.0000000326008613438233396664
00.0000000326008613438233396664
00.0000000326008613438233396664
00.0000000326008613438233396664
00.0000000326008613438233396664
00.0000000326008613438233396664
00.0000000326008613438233396664
00.0000000326008613438233396664
00.0000000326008613438233396664
00.0000000326008613438233396664
00.0000000326008613438233396664
00.0000000326008613438233396664
00.0000000326008613438233396664
00.0000000326008613438233396664
00.0000000326008613438233396664
00.0000000326008613438233396664
00.0000000326008613438233396664
00.0000000326008613438233396664
00.0000000326008613438233396664
00.0000000326008613438233396664
00.0000000326008613438233396664
00.0000000326008613438233396664
00.0000000326008613438233396664
00.0000000326008613438233396664
00.0000000326008613438233396664
00.0000000326008613438233396664
00.0000000326008613438233396664
00.0000000326008613438233396664
00.0000000326008613438233396664
00.0000000326008613438233396664
00.0000000326008613438233396664
00.0000000326008613438233396664
00.0000000326008613438233396664
00.0000000326008613438233396664
00.0000000326008613438233396664
00.0000000326008613438233396664
00.0000000326008613438233396664
00.0000000326008613438233396664
00.0000000326008613438233396664
00.0000000326008613438233396664
00.0000000326008613438233396664
00.0000000326008613438233396664
00.0000000326008613438233396664
00.0000000326008613438233396664
00.0000000326008613438233396664
00.0000000326008613438233396664
00.0000000326008613438233396664
00.0000000326008613438233396664
00.0000000326008613438233396664
00.0000000326008613438233396664
00.0000000326008613438233396664
00.0000000326008613438233396664
00.0000000326008613438233396664
00.0000000326008613438233396664
00.0000000326008613438233396664
00.0000000326008613438233396664
00.0000000326008613438233396664
00.0000000326008613438233396664
00.0000000326008613438233396664
00.0000000326008613438233396664
00.0000000326008613438233396664
00.0000000326008613438233396664
00.0000000326008613438233396664
00.0000000326008613438233396664
00.0000000326008613438233396664
00.0000000326008613438233396664
00.0000000326008613438233396664
00.0000000326008613438233396664
00.0000000326008613438233396664
00.0000000326008613438233396664
00.0000000326008613438233396664
00.0000000326008613438233396664
00.0000000326008613438233396664
00.0000000326008613438233396664
00.0000000326008613438233396664
00.0000000326008613438233396664
00.0000000326008613438233396664
00.0000000326008613438233396664
00.0000000326008613438233396664
00.0000000326008613438233396664
00.0000000326008613438233396664
00.0000000326008613438233396664
00.0000000326008613438233396664
00.0000000326008613438233396664
00.0000000326008613438233396664
00.0000000326008613438233396664
00.0000000326008613438233396664
00.0000000326008613438233396664
00.0000000326008613438233396664
00.0000000326008613438233396664
00.0000000326008613438233396664
00.0000000326008613438233396664
00.0000000326008613438233396664
00.0000000326008613438233396664
00.0000000326008613438233396664
00.0000000326008613438233396664
00.0000000326008613438233396664
00.0000000326008613438233396664
00.0000000326008613438233396664
00.0000000326008613438233396664
00.0000000326008613438233396664
00.0000000326008613438233396664
00.0000000326008613438233396664
00.0000000326008613438233396664
00.0000000326008613438233396664
00.0000000326008613438233396664
00.0000000326008613438233396664
00.0000000326008613438233396664
00.0000000326008613438233396664
00.0000000326008613438233396664
00.0000000326008613438233396664
00.0000000326008613438233396664
00.0000000326008613438233396664
00.0000000326008613438233396664
00.0000000326008613438233396664
00.0000000326008613438233396664
00.0000000326008613438233396664
00.0000000326008613438233396664
00.0000000326008613438233396664
00.0000000326008613438233396664
00.0000000326008613438233396664
00.0000000326008613438233396664
00.0000000326008613438233396664
00.0000000326008613438233396664
00.0000000326008613438233396664
00.0000000326008613438233396664
00.0000000326008613438233396664
00.0000000326008613438233396664
00.0000000326008613438233396664
00.0000000326008613438233396664
00.0000000326008613438233396664
00.0000000326008613438233396664
00.0000000326008613438233396664
00.0000000326008613438233396664
00.0000000326008613438233396664
00.0000000326008613438233396664
00.0000000326008613438233396664
00.0000000326008613438233396664
00.0000000326008613438233396664
00.0000000326008613438233396664
00.0000000326008613438233396664
00.0000000326008613438233396664
00.0000000326008613438233396664
00.0000000326008613438233396664
00.0000000326008613438233396664
00.0000000326008613438233396664
00.0000000326008613438233396664
00.0000000326008613438233396664
00.0000000326008613438233396664
00.0000000326008613438233396664
00.0000000326008613438233396664
00.0000000326008613438233396664
00.0000000326008613438233396664
00.0000000326008613438233396664
00.0000000326008613438233396664
00.0000000326008613438233396664
00.0000000326008613438233396664
00.0000000326008613438233396664
00.0000000326008613438233396664
00.0000000326008613438233396664
00.0000000326008613438233396664
00.0000000326008613438233396664
00.0000000326008613438233396664
00.0000000326008613438233396664
00.0000000326008613438233396664
00.0000000326008613438233396664
00.0000000326008613438233396664
00.0000000326008613438233396664
00.0000000326008613438233396664
00.0000000326008613438233396664
00.0000000326008613438233396664
00.0000000326008613438233396664
00.0000000326008613438233396664
00.0000000326008613438233396664
00.0000000326008613438233396664
00.0000000326008613438233396664
00.0000000326008613438233396664
00.0000000326008613438233396664
00.0000000326008613438233396664
00.0000000326008613438233396664
00.0000000326008613438233396664
00.0000000326008613438233396664
00.0000000326008613438233396664
00.0000000326008613438233396664
00.0000000326008613438233396664
00.0000000326008613438233396664
00.0000000326008613438233396664
00.0000000326008613438233396664
00.0000000326008613438233396664
00.0000000326008613438233396664
00.0000000326008613438233396664
00.0000000326008613438233396664
00.0000000326008613438233396664
00.0000000326008613438233396664
00.0000000326008613438233396664
00.0000000326008613438233396664
00.0000000326008613438233396664
00.0000000326008613438233396664
00.0000000326008613438233396664
00.0000000326008613438233396664
00.0000000326008613438233396664
00.0000000326008613438233396664
00.0000000326008613438233396664
00.0000000326008613438233396664
00.0000000326008613438233396664
00.0000000326008613438233396664
00.0000000326008613438233396664
00.0000000326008613438233396664
00.0000000326008613438233396664
00.0000000326008613438233396664
00.0000000326008613438233396664
00.0000000326008613438233396664
00.0000000326008613438233396664
00.0000000326008613438233396664
00.0000000326008613438233396664
00.0000000326008613438233396664
00.0000000326008613438233396664
00.0000000326008613438233396664
00.0000000326008613438233396664
00.0000000326008613438233396664
00.0000000326008613438233396664
00.0000000326008613438233396664
00.0000000326008613438233396664
00.0000000326008613438233396664
00.0000000326008613438233396664
00.0000000326008613438233396664
00.0000000326008613438233396664
00.0000000326008613438233396664
00.0000000326008613438233396664
00.0000000326008613438233396664
00.0000000326008613438233396664
00.0000000326008613438233396664
00.0000000326008613438233396664
00.0000000326008613438233396664
00.0000000326008613438233396664
00.0000000326008613438233396664
00.0000000326008613438233396664
00.0000000326008613438233396664
00.0000000326008613438233396664
00.0000000326008613438233396664
00.0000000326008613438233396664
00.0000000326008613438233396664
00.0000000326008613438233396664
00.0000000326008613438233396664
00.0000000326008613438233396664
00.0000000326008613438233396664
00.0000000326008613438233396664
00.0000000326008613438233396664
00.0000000326008613438233396664
00.0000000326008613438233396664
00.0000000326008613438233396664
00.0000000326008613438233396664
00.0000000326008613438233396664
00.0000000326008613438233396664
00.0000000326008613438233396664
00.0000000326008613438233396664
00.0000000326008613438233396664
00.0000000326008613438233396664
00.0000000326008613438233396664
00.0000000326008613438233396664
00.0000000326008613438233396664
00.0000000326008613438233396664
00.0000000326008613438233396664
00.0000000326008613438233396664
00.0000000326008613438233396664
00.0000000326008613438233396664
00.0000000326008613438233396664
00.0000000326008613438233396664
00.0000000326008613438233396664
00.0000000326008613438233396664
00.0000000326008613438233396664
00.0000000326008613438233396664
00.0000000326008613438233396664
00.0000000326008613438233396664
00.0000000326008613438233396664
00.0000000326008613438233396664
00.0000000326008613438233396664
00.0000000326008613438233396664
00.0000000326008613438233396664
00.0000000326008613438233396664
00.0000000326008613438233396664
00.0000000326008613438233396664
00.0000000326008613438233396664
00.0000000326008613438233396664
00.0000000326008613438233396664
00.0000000326008613438233396664
00.0000000326008613438233396664
00.0000000326008613438233396664
00.0000000326008613438233396664
00.0000000326008613438233396664
00.0000000326008613438233396664
00.0000000326008613438233396664
00.0000000326008613438233396664
00.0000000326008613438233396664
00.0000000326008613438233396664
00.0000000326008613438233396664
00.0000000326008613438233396664
00.0000000326008613438233396664
00.0000000326008613438233396664
00.0000000326008613438233396664
00.0000000326008613438233396664
00.0000000326008613438233396664
00.0000000326008613438233396664
00.0000000326008613438233396664
00.0000000326008613438233396664
00.0000000326008613438233396664
00.0000000326008613438233396664
00.0000000326008613438233396664
00.0000000326008613438233396664
00.0000000326008613438233396664
00.0000000326008613438233396664
00.0000000326008613438233396664
00.0000000326008613438233396664
00.0000000326008613438233396664
00.0000000326008613438233396664
00.0000000326008613438233396664
00.0000000326008613438233396664
00.0000000326008613438233396664
00.0000000326008613438233396664
00.0000000326008613438233396664
00.0000000326008613438233396664
00.0000000326008613438233396664
00.0000000326008613438233396664
00.0000000326008613438233396664
00.0000000326008613438233396664
00.0000000326008613438233396664
00.0000000326008613438233396664
00.0000000326008613438233396664
00.0000000326008613438233396664
00.0000000326008613438233396664
00.0000000326008613438233396664
00.0000000326008613438233396664
00.0000000326008613438233396664
00.0000000326008613438233396664
00.0000000326008613438233396664
00.0000000326008613438233396664
00.0000000326008613438233396664
00.0000000326008613438233396664
00.0000000326008613438233396664
00.0000000326008613438233396664
00.0000000326008613438233396664
00.0000000326008613438233396664
00.0000000326008613438233396664
00.0000000326008613438233396664
00.0000000326008613438233396664
00.0000000326008613438233396664
00.0000000326008613438233396664
00.0000000326008613438233396664
00.0000000326008613438233396664
00.0000000326008613438233396664
00.0000000326008613438233396664
00.0000000326008613438233396664
00.0000000326008613438233396664
00.0000000326008613438233396664
00.0000000326008613438233396664
00.0000000326008613438233396664
00.0000000326008613438233396664
00.0000000326008613438233396664
00.0000000326008613438233396664
00.0000000326008613438233396664
00.0000000326008613438233396664
00.0000000326008613438233396664
00.0000000326008613438233396664
00.0000000326008613438233396664
00.0000000326008613438233396664
00.0000000326008613438233396664
00.0000000326008613438233396664
00.0000000326008613438233396664
00.0000000326008613438233396664
00.0000000326008613438233396664
00.0000000326008613438233396664
00.0000000326008613438233396664
00.0000000326008613438233396664
00.0000000326008613438233396664
00.0000000326008613438233396664
00.0000000326008613438233396664
00.0000000326008613438233396664
00.0000000326008613438233396664
00.0000000326008613438233396664
00.0000000326008613438233396664
00.0000000326008613438233396664
00.0000000326008613438233396664
00.0000000326008613438233396664
00.0000000326008613438233396664
00.0000000326008613438233396664
00.0000000326008613438233396664
00.0000000326008613438233396664
00.0000000326008613438233396664
00.0000000326008613438233396664
00.0000000326008613438233396664
00.0000000326008613438233396664
00.0000000326008613438233396664
00.0000000326008613438233396664
00.0000000326008613438233396664
00.0000000326008613438233396664
00.0000000326008613438233396664
00.0000000326008613438233396664
00.0000000326008613438233396664
00.0000000326008613438233396664
00.0000000326008613438233396664
00.0000000326008613438233396664
00.0000000326008613438233396664
00.0000000326008613438233396664
00.0000000326008613438233396664
00.0000000326008613438233396664
00.0000000326008613438233396664
00.0000000326008613438233396664
00.0000000326008613438233396664
00.0000000326008613438233396664
00.0000000326008613438233396664
00.0000000326008613438233396664
00.0000000326008613438233396664
00.0000000326008613438233396664
00.0000000326008613438233396664
00.0000000326008613438233396664
00.0000000326008613438233396664
00.0000000326008613438233396664
00.0000000326008613438233396664
00.0000000326008613438233396664
00.0000000326008613438233396664
00.0000000326008613438233396664
00.0000000326008613438233396664
00.0000000326008613438233396664
00.0000000326008613438233396664
00.0000000326008613438233396664
00.0000000326008613438233396664
00.0000000326008613438233396664
00.0000000326008613438233396664
00.0000000326008613438233396664
00.0000000326008613438233396664
00.0000000326008613438233396664
00.0000000326008613438233396664
00.0000000326008613438233396664
00.0000000326008613438233396664
00.0000000326008613438233396664
00.0000000326008613438233396664
00.0000000326008613438233396664
00.0000000326008613438233396664
00.0000000326008613438233396664
00.0000000326008613438233396664
00.0000000326008613438233396664
00.0000000326008613438233396664
00.0000000326008613438233396664
00.0000000326008613438233396664
00.0000000326008613438233396664
00.0000000326008613438233396664
00.0000000326008613438233396664
00.0000000326008613438233396664
00.0000000326008613438233396664
00.0000000326008613438233396664
00.0000000326008613438233396664
00.0000000326008613438233396664
00.0000000326008613438233396664
00.0000000326008613438233396664
00.0000000326008613438233396664
00.0000000326008613438233396664
00.0000000326008613438233396664
00.0000000326008613438233396664
00.0000000326008613438233396664
00.0000000326008613438233396664
00.0000000326008613438233396664
00.0000000326008613438233396664
00.0000000326008613438233396664
00.0000000326008613438233396664
00.0000000326008613438233396664
00.0000000326008613438233396664
00.0000000326008613438233396664
00.0000000326008613438233396664
00.0000000326008613438233396664
00.0000000326008613438233396664
00.0000000326008613438233396664
00.0000000326008613438233396664
00.0000000326008613438233396664
00.0000000326008613438233396664
00.0000000326008613438233396664
00.0000000326008613438233396664
00.0000000326008613438233396664
00.0000000326008613438233396664
00.0000000326008613438233396664
00.0000000326008613438233396664
00.0000000326008613438233396664
00.0000000326008613438233396664
00.0000000326008613438233396664
00.0000000326008613438233396664
00.0000000326008613438233396664
00.0000000326008613438233396664
00.0000000326008613438233396664
00.0000000326008613438233396664
00.0000000326008613438233396664
00.0000000326008613438233396664
00.0000000326008613438233396664
00.0000000326008613438233396664
00.0000000326008613438233396664
00.0000000326008613438233396664
00.0000000326008613438233396664
00.0000000326008613438233396664
00.0000000326008613438233396664
00.0000000326008613438233396664
00.0000000326008613438233396664
00.0000000326008613438233396664
00.0000000326008613438233396664
00.0000000326008613438233396664
00.0000000326008613438233396664
00.0000000326008613438233396664
00.0000000326008613438233396664
00.0000000326008613438233396664
00.0000000326008613438233396664
00.0000000326008613438233396664
00.0000000326008613438233396664
00.0000000326008613438233396664
00.0000000326008613438233396664
00.0000000326008613438233396664
00.0000000326008613438233396664
00.0000000326008613438233396664
00.0000000326008613438233396664
00.0000000326008613438233396664
00.0000000326008613438233396664
00.0000000326008613438233396664
00.0000000326008613438233396664
00.0000000326008613438233396664
00.0000000326008613438233396664
00.0000000326008613438233396664
00.0000000326008613438233396664
00.0000000326008613438233396664
00.0000000326008613438233396664
00.0000000326008613438233396664
00.0000000326008613438233396664
00.0000000326008613438233396664
00.0000000326008613438233396664
00.0000000326008613438233396664
00.0000000326008613438233396664
00.0000000326008613438233396664
00.0000000326008613438233396664
00.0000000326008613438233396664
00.0000000326008613438233396664
00.0000000326008613438233396664
00.0000000326008613438233396664
00.0000000326008613438233396664
00.0000000326008613438233396664
00.0000000326008613438233396664
00.0000000326008613438233396664
00.0000000284210028844711359852
00.0000000284210028844711359852
00.0000000284210028844711359852
00.0000000284210028844711359852
00.0000000284210028844711359852
00.0000000284210028844711359852
00.0000000284210028844711359852
00.0000000284210028844711359852
00.0000000284210028844711359852
00.0000000284210028844711359852
00.0000000284210028844711359852
00.0000000284210028844711359852
00.0000000284210028844711359852
00.0000000284210028844711359852
00.0000000284210028844711359852
00.0000000284210028844711359852
00.0000000284210028844711359852
00.0000000284210028844711359852
00.0000000284210028844711359852
00.0000000284210028844711359852
00.0000000284210028844711359852
00.0000000284210028844711359852
00.0000000284210028844711359852
00.0000000284210028844711359852
00.0000000284210028844711359852
00.0000000284210028844711359852
00.0000000284210028844711359852
00.0000000284210028844711359852
00.0000000284210028844711359852
00.0000000284210028844711359852
00.0000000284210028844711359852
00.0000000284210028844711359852
00.0000000284210028844711359852
00.0000000284210028844711359852
00.0000000284210028844711359852
00.0000000284210028844711359852
00.0000000284210028844711359852
00.0000000284210028844711359852
00.0000000284210028844711359852
00.0000000284210028844711359852
00.0000000284210028844711359852
00.0000000284210028844711359852
00.0000000284210028844711359852
00.0000000284210028844711359852
00.0000000284210028844711359852
00.0000000284210028844711359852
00.0000000284210028844711359852
00.0000000284210028844711359852
00.0000000284210028844711359852
00.0000000284210028844711359852
00.0000000284210028844711359852
00.0000000284210028844711359852
00.0000000284210028844711359852
00.0000000284210028844711359852
00.0000000284210028844711359852
00.0000000284210028844711359852
00.0000000284210028844711359852
00.0000000284210028844711359852
00.0000000284210028844711359852
00.0000000284210028844711359852
00.0000000284210028844711359852
00.0000000284210028844711359852
00.0000000284210028844711359852
00.0000000284210028844711359852
00.0000000284210028844711359852
00.0000000284210028844711359852
00.0000000284210028844711359852
00.0000000284210028844711359852
00.0000000284210028844711359852
00.0000000284210028844711359852
00.0000000284210028844711359852
00.0000000284210028844711359852
00.0000000284210028844711359852
00.0000000284210028844711359852
00.0000000284210028844711359852
00.0000000284210028844711359852
00.0000000284210028844711359852
00.0000000284210028844711359852
00.0000000284210028844711359852
00.0000000284210028844711359852
00.0000000284210028844711359852
00.0000000284210028844711359852
00.0000000284210028844711359852
00.0000000284210028844711359852
00.0000000284210028844711359852
00.0000000284210028844711359852
00.0000000284210028844711359852
00.0000000284210028844711359852
00.0000000284210028844711359852
00.0000000284210028844711359852
00.0000000284210028844711359852
00.0000000284210028844711359852
00.0000000284210028844711359852
00.0000000284210028844711359852
00.0000000284210028844711359852
00.0000000284210028844711359852
00.0000000284210028844711359852
00.0000000284210028844711359852
00.0000000284210028844711359852
00.0000000284210028844711359852
00.0000000284210028844711359852
00.0000000284210028844711359852
00.0000000284210028844711359852
00.0000000284210028844711359852
00.0000000284210028844711359852
00.0000000284210028844711359852
00.0000000284210028844711359852
00.0000000284210028844711359852
00.0000000284210028844711359852
00.0000000284210028844711359852
00.0000000284210028844711359852
00.0000000284210028844711359852
00.0000000284210028844711359852
00.0000000284210028844711359852
00.0000000284210028844711359852
00.0000000284210028844711359852
00.0000000284210028844711359852
00.0000000284210028844711359852
00.0000000284210028844711359852
00.0000000284210028844711359852
00.0000000284210028844711359852
00.0000000284210028844711359852
00.0000000284210028844711359852
00.0000000284210028844711359852
00.0000000284210028844711359852
00.0000000284210028844711359852
00.0000000284210028844711359852
00.0000000284210028844711359852
00.0000000284210028844711359852
00.0000000284210028844711359852
00.0000000284210028844711359852
00.0000000284210028844711359852
00.0000000284210028844711359852
00.0000000284210028844711359852
00.0000000284210028844711359852
00.0000000284210028844711359852
00.0000000284210028844711359852
00.0000000284210028844711359852
00.0000000284210028844711359852
00.0000000284210028844711359852
00.0000000284210028844711359852
00.0000000284210028844711359852
00.0000000284210028844711359852
00.0000000284210028844711359852
00.0000000284210028844711359852
00.0000000284210028844711359852
00.0000000284210028844711359852
00.0000000284210028844711359852
00.0000000284210028844711359852
00.0000000284210028844711359852
00.0000000284210028844711359852
00.0000000284210028844711359852
00.0000000284210028844711359852
00.0000000284210028844711359852
00.0000000284210028844711359852
00.0000000284210028844711359852
00.0000000284210028844711359852
00.0000000284210028844711359852
00.0000000284210028844711359852
00.0000000284210028844711359852
00.0000000284210028844711359852
00.0000000284210028844711359852
00.0000000284210028844711359852
00.0000000284210028844711359852
00.0000000284210028844711359852
00.0000000284210028844711359852
00.0000000284210028844711359852
00.0000000284210028844711359852
00.0000000284210028844711359852
00.0000000284210028844711359852
00.0000000284210028844711359852
00.0000000284210028844711359852
00.0000000284210028844711359852
00.0000000284210028844711359852
00.0000000284210028844711359852
00.0000000284210028844711359852
00.0000000284210028844711359852
00.0000000284210028844711359852
00.0000000284210028844711359852
00.0000000284210028844711359852
00.0000000284210028844711359852
00.0000000284210028844711359852
00.0000000284210028844711359852
00.0000000284210028844711359852
00.0000000284210028844711359852
00.0000000284210028844711359852
00.0000000284210028844711359852
00.0000000284210028844711359852
00.0000000284210028844711359852
00.0000000284210028844711359852
00.0000000284210028844711359852
00.0000000284210028844711359852
00.0000000284210028844711359852
00.0000000284210028844711359852
00.0000000284210028844711359852
00.0000000284210028844711359852
00.0000000284210028844711359852
00.0000000284210028844711359852
00.0000000284210028844711359852
00.0000000284210028844711359852
00.0000000284210028844711359852
00.0000000284210028844711359852
00.0000000284210028844711359852
00.0000000284210028844711359852
00.0000000284210028844711359852
00.0000000284210028844711359852
00.0000000284210028844711359852
00.0000000284210028844711359852
00.0000000284210028844711359852
00.0000000284210028844711359852
00.0000000284210028844711359852
00.0000000284210028844711359852
00.0000000284210028844711359852
00.0000000284210028844711359852
00.0000000284210028844711359852
00.0000000284210028844711359852
00.0000000284210028844711359852
00.0000000284210028844711359852
00.0000000284210028844711359852
00.0000000284210028844711359852
00.0000000284210028844711359852
00.0000000284210028844711359852
00.0000000284210028844711359852
00.0000000284210028844711359852
00.0000000284210028844711359852
00.0000000284210028844711359852
00.0000000284210028844711359852
00.0000000284210028844711359852
00.0000000284210028844711359852
00.0000000284210028844711359852
00.0000000284210028844711359852
00.0000000284210028844711359852
00.0000000284210028844711359852
00.0000000284210028844711359852
00.0000000284210028844711359852
00.0000000284210028844711359852
00.0000000284210028844711359852
00.0000000284210028844711359852
00.0000000284210028844711359852
00.0000000284210028844711359852
00.0000000284210028844711359852
00.0000000284210028844711359852
00.0000000284210028844711359852
00.0000000284210028844711359852
00.0000000284210028844711359852
00.0000000284210028844711359852
00.0000000284210028844711359852
00.0000000284210028844711359852
00.0000000284210028844711359852
00.0000000284210028844711359852
00.0000000284210028844711359852
00.0000000284210028844711359852
00.0000000284210028844711359852
00.0000000284210028844711359852
00.0000000284210028844711359852
00.0000000284210028844711359852
00.0000000284210028844711359852
00.0000000284210028844711359852
00.0000000284210028844711359852
00.0000000284210028844711359852
00.0000000284210028844711359852
00.0000000284210028844711359852
00.0000000284210028844711359852
00.0000000284210028844711359852
00.0000000284210028844711359852
00.0000000284210028844711359852
00.0000000284210028844711359852
00.0000000284210028844711359852
00.0000000284210028844711359852
00.0000000284210028844711359852
00.0000000284210028844711359852
00.0000000284210028844711359852
00.0000000284210028844711359852
00.0000000284210028844711359852
00.0000000284210028844711359852
00.0000000284210028844711359852
00.0000000284210028844711359852
00.0000000284210028844711359852
00.0000000284210028844711359852
00.0000000284210028844711359852
00.0000000284210028844711359852
00.0000000284210028844711359852
00.0000000284210028844711359852
00.0000000284210028844711359852
00.0000000284210028844711359852
00.0000000284210028844711359852
00.0000000284210028844711359852
00.0000000284210028844711359852
00.0000000284210028844711359852
00.0000000284210028844711359852
00.0000000284210028844711359852
00.0000000284210028844711359852
00.0000000284210028844711359852
00.0000000284210028844711359852
00.0000000284210028844711359852
00.0000000284210028844711359852
00.0000000284210028844711359852
00.0000000284210028844711359852
00.0000000284210028844711359852
00.0000000284210028844711359852
00.0000000284210028844711359852
00.0000000284210028844711359852
00.0000000284210028844711359852
00.0000000284210028844711359852
00.0000000284210028844711359852
00.0000000284210028844711359852
00.0000000284210028844711359852
00.0000000284210028844711359852
00.0000000284210028844711359852
00.0000000284210028844711359852
00.0000000284210028844711359852
00.0000000284210028844711359852
00.0000000284210028844711359852
00.0000000284210028844711359852
00.0000000284210028844711359852
00.0000000284210028844711359852
00.0000000284210028844711359852
00.0000000284210028844711359852
00.0000000284210028844711359852
00.0000000284210028844711359852
00.0000000284210028844711359852
00.0000000284210028844711359852
00.0000000284210028844711359852
00.0000000284210028844711359852
00.0000000284210028844711359852
00.0000000284210028844711359852
00.0000000284210028844711359852
00.0000000284210028844711359852
00.0000000284210028844711359852
00.0000000284210028844711359852
00.0000000284210028844711359852
00.0000000284210028844711359852
00.0000000284210028844711359852
00.0000000284210028844711359852
00.0000000284210028844711359852
00.0000000284210028844711359852
00.0000000284210028844711359852
00.0000000284210028844711359852
00.0000000284210028844711359852
00.0000000284210028844711359852
00.0000000284210028844711359852
00.0000000284210028844711359852
00.0000000284210028844711359852
00.0000000284210028844711359852
00.0000000284210028844711359852
00.0000000284210028844711359852
00.0000000284210028844711359852
00.0000000284210028844711359852
00.0000000284210028844711359852
00.0000000284210028844711359852
00.0000000284210028844711359852
00.0000000284210028844711359852
00.0000000284210028844711359852
00.0000000284210028844711359852
00.0000000284210028844711359852
00.0000000284210028844711359852
00.0000000284210028844711359852
00.0000000284210028844711359852
00.0000000284210028844711359852
00.0000000284210028844711359852
00.0000000284210028844711359852
00.0000000284210028844711359852
00.0000000284210028844711359852
00.0000000284210028844711359852
00.0000000284210028844711359852
00.0000000284210028844711359852
00.0000000284210028844711359852
00.0000000284210028844711359852
00.0000000284210028844711359852
00.0000000284210028844711359852
00.0000000284210028844711359852
00.0000000284210028844711359852
00.0000000284210028844711359852
00.0000000284210028844711359852
00.0000000284210028844711359852
00.0000000284210028844711359852
00.0000000284210028844711359852
00.0000000284210028844711359852
00.0000000284210028844711359852
00.0000000284210028844711359852
00.0000000284210028844711359852
00.0000000284210028844711359852
00.0000000284210028844711359852
00.0000000284210028844711359852
00.0000000284210028844711359852
00.0000000284210028844711359852
00.0000000284210028844711359852
00.0000000284210028844711359852
00.0000000284210028844711359852
00.0000000284210028844711359852
00.0000000284210028844711359852
00.0000000284210028844711359852
00.0000000284210028844711359852
00.0000000284210028844711359852
00.0000000284210028844711359852
00.0000000284210028844711359852
00.0000000284210028844711359852
00.0000000284210028844711359852
00.0000000284210028844711359852
00.0000000284210028844711359852
00.0000000284210028844711359852
00.0000000284210028844711359852
00.0000000284210028844711359852
00.0000000284210028844711359852
00.0000000284210028844711359852
00.0000000284210028844711359852
00.0000000284210028844711359852
00.0000000284210028844711359852
00.0000000284210028844711359852
00.0000000284210028844711359852
00.0000000284210028844711359852
00.0000000284210028844711359852
00.0000000284210028844711359852
00.0000000284210028844711359852
00.0000000284210028844711359852
00.0000000284210028844711359852
00.0000000284210028844711359852
00.0000000284210028844711359852
00.0000000284210028844711359852
00.0000000284210028844711359852
00.0000000284210028844711359852
00.0000000284210028844711359852
00.0000000284210028844711359852
00.0000000284210028844711359852
00.0000000284210028844711359852
00.0000000284210028844711359852
00.0000000284210028844711359852
00.0000000284210028844711359852
00.0000000284210028844711359852
00.0000000284210028844711359852
00.0000000284210028844711359852
00.0000000284210028844711359852
00.0000000284210028844711359852
00.0000000284210028844711359852
00.0000000284210028844711359852
00.0000000284210028844711359852
00.0000000284210028844711359852
00.0000000284210028844711359852
00.0000000284210028844711359852
00.0000000284210028844711359852
00.0000000284210028844711359852
00.0000000284210028844711359852
00.0000000284210028844711359852
00.0000000284210028844711359852
00.0000000284210028844711359852
00.0000000284210028844711359852
00.0000000284210028844711359852
00.0000000284210028844711359852
00.0000000284210028844711359852
00.0000000284210028844711359852
00.0000000284210028844711359852
00.0000000284210028844711359852
00.0000000284210028844711359852
00.0000000284210028844711359852
00.0000000284210028844711359852
00.0000000284210028844711359852
00.0000000284210028844711359852
00.0000000284210028844711359852
00.0000000284210028844711359852
00.0000000284210028844711359852
00.0000000284210028844711359852
00.0000000284210028844711359852
00.0000000284210028844711359852
00.0000000284210028844711359852
00.0000000284210028844711359852
00.0000000284210028844711359852
00.0000000284210028844711359852
00.0000000284210028844711359852
00.0000000284210028844711359852
00.0000000284210028844711359852
00.0000000284210028844711359852
00.0000000284210028844711359852
00.0000000284210028844711359852
00.0000000284210028844711359852
00.0000000284210028844711359852
00.0000000284210028844711359852
00.0000000284210028844711359852
00.0000000284210028844711359852
00.0000000284210028844711359852
00.0000000284210028844711359852
00.0000000284210028844711359852
00.0000000284210028844711359852
00.0000000284210028844711359852
00.0000000284210028844711359852
00.0000000284210028844711359852
00.0000000284210028844711359852
00.0000000284210028844711359852
00.0000000284210028844711359852
00.0000000284210028844711359852
00.0000000284210028844711359852
00.0000000284210028844711359852
00.0000000284210028844711359852
00.0000000284210028844711359852
00.0000000284210028844711359852
00.0000000284210028844711359852
00.0000000284210028844711359852
00.0000000284210028844711359852
00.0000000284210028844711359852
00.0000000284210028844711359852
00.0000000284210028844711359852
00.0000000284210028844711359852
00.0000000284210028844711359852
00.0000000284210028844711359852
00.0000000284210028844711359852
00.0000000284210028844711359852
00.0000000284210028844711359852
00.0000000284210028844711359852
00.0000000284210028844711359852
00.0000000284210028844711359852
00.0000000284210028844711359852
00.0000000284210028844711359852
00.0000000284210028844711359852
00.0000000284210028844711359852
00.0000000284210028844711359852
00.0000000284210028844711359852
00.0000000284210028844711359852
00.0000000284210028844711359852
00.0000000284210028844711359852
00.0000000284210028844711359852
00.0000000284210028844711359852
00.0000000284210028844711359852
00.0000000284210028844711359852
00.0000000284210028844711359852
00.0000000284210028844711359852
00.0000000284210028844711359852
00.0000000284210028844711359852
00.0000000284210028844711359852
00.0000000284210028844711359852
00.0000000284210028844711359852
00.0000000284210028844711359852
00.0000000284210028844711359852
00.0000000284210028844711359852
00.0000000284210028844711359852
00.0000000284210028844711359852
00.0000000284210028844711359852
00.0000000284210028844711359852
00.0000000284210028844711359852
00.0000000284210028844711359852
00.0000000284210028844711359852
00.0000000284210028844711359852
00.0000000284210028844711359852
00.0000000284210028844711359852
00.0000000284210028844711359852
00.0000000284210028844711359852
00.0000000284210028844711359852
00.0000000284210028844711359852
00.0000000284210028844711359852
00.0000000284210028844711359852
00.0000000284210028844711359852
00.0000000284210028844711359852
00.0000000284210028844711359852
00.0000000284210028844711359852
00.0000000284210028844711359852
00.0000000284210028844711359852
00.0000000284210028844711359852
00.0000000284210028844711359852
00.0000000284210028844711359852
00.0000000284210028844711359852
00.0000000284210028844711359852
00.0000000284210028844711359852
00.0000000284210028844711359852
00.0000000284210028844711359852
00.0000000284210028844711359852
00.0000000284210028844711359852
00.0000000284210028844711359852
00.0000000284210028844711359852
00.0000000284210028844711359852
00.0000000284210028844711359852
00.0000000284210028844711359852
00.0000000284210028844711359852
00.0000000284210028844711359852
00.0000000284210028844711359852
00.0000000284210028844711359852
00.0000000284210028844711359852
00.0000000284210028844711359852
00.0000000284210028844711359852
00.0000000284210028844711359852
00.0000000284210028844711359852
00.0000000284210028844711359852
00.0000000284210028844711359852
00.0000000284210028844711359852
00.0000000284210028844711359852
00.0000000284210028844711359852
00.0000000284210028844711359852
00.0000000284210028844711359852
00.0000000284210028844711359852
00.0000000284210028844711359852
00.0000000284210028844711359852
00.0000000284210028844711359852
00.0000000284210028844711359852
00.0000000284210028844711359852
00.0000000284210028844711359852
00.0000000284210028844711359852
00.0000000284210028844711359852
00.0000000284210028844711359852
00.0000000284210028844711359852
00.0000000284210028844711359852
00.0000000284210028844711359852
00.0000000284210028844711359852
00.0000000284210028844711359852
00.0000000284210028844711359852
00.0000000284210028844711359852
00.0000000284210028844711359852
00.0000000284210028844711359852
00.0000000284210028844711359852
00.0000000284210028844711359852
00.0000000284210028844711359852
00.0000000284210028844711359852
00.0000000284210028844711359852
00.0000000284210028844711359852
00.0000000284210028844711359852
00.0000000284210028844711359852
00.0000000284210028844711359852
00.0000000284210028844711359852
00.0000000284210028844711359852
00.0000000284210028844711359852
00.0000000284210028844711359852
00.0000000284210028844711359852
00.0000000284210028844711359852
00.0000000284210028844711359852
00.0000000284210028844711359852
00.0000000284210028844711359852
00.0000000284210028844711359852
00.0000000284210028844711359852
00.0000000284210028844711359852
00.0000000284210028844711359852
00.0000000284210028844711359852
00.0000000284210028844711359852
00.0000000284210028844711359852
00.0000000284210028844711359852
00.0000000284210028844711359852
00.0000000284210028844711359852
00.0000000284210028844711359852
00.0000000284210028844711359852
00.0000000284210028844711359852
00.0000000284210028844711359852
00.0000000284210028844711359852
00.0000000284210028844711359852
00.0000000284210028844711359852
00.0000000284210028844711359852
00.0000000284210028844711359852
00.0000000284210028844711359852
00.0000000284210028844711359852
00.0000000284210028844711359852
00.0000000284210028844711359852
00.0000000284210028844711359852
00.0000000284210028844711359852
00.0000000284210028844711359852
00.0000000284210028844711359852
00.0000000284210028844711359852
00.0000000284210028844711359852
00.0000000284210028844711359852
00.0000000284210028844711359852
00.0000000284210028844711359852
00.0000000284210028844711359852
00.0000000284210028844711359852
00.0000000284210028844711359852
00.0000000284210028844711359852
00.0000000284210028844711359852
00.0000000284210028844711359852
00.0000000284210028844711359852
00.0000000284210028844711359852
00.0000000284210028844711359852
00.0000000284210028844711359852
00.0000000284210028844711359852
00.0000000284210028844711359852
00.0000000284210028844711359852
00.0000000284210028844711359852
00.0000000284210028844711359852
00.0000000284210028844711359852
00.0000000284210028844711359852
00.0000000284210028844711359852
00.0000000284210028844711359852
00.0000000284210028844711359852
00.0000000284210028844711359852
00.0000000284210028844711359852
00.0000000284210028844711359852
00.0000000284210028844711359852
00.0000000284210028844711359852
00.0000000284210028844711359852
00.0000000284210028844711359852
00.0000000284210028844711359852
00.0000000284210028844711359852
00.0000000284210028844711359852
00.0000000284210028844711359852
00.0000000284210028844711359852
00.0000000284210028844711359852
00.0000000284210028844711359852
00.0000000284210028844711359852
00.0000000284210028844711359852
00.0000000284210028844711359852
00.0000000284210028844711359852
00.0000000284210028844711359852
00.0000000284210028844711359852
00.0000000284210028844711359852
00.0000000284210028844711359852
00.0000000284210028844711359852
00.0000000284210028844711359852
00.0000000284210028844711359852
00.0000000284210028844711359852
00.0000000284210028844711359852
00.0000000284210028844711359852
00.0000000284210028844711359852
00.0000000284210028844711359852
00.0000000284210028844711359852
00.0000000284210028844711359852
00.0000000284210028844711359852
00.0000000284210028844711359852
00.0000000284210028844711359852
00.0000000284210028844711359852
00.0000000284210028844711359852
00.0000000284210028844711359852
00.0000000284210028844711359852
00.0000000284210028844711359852
00.0000000284210028844711359852
00.0000000284210028844711359852
00.0000000284210028844711359852
00.0000000284210028844711359852
00.0000000284210028844711359852
00.0000000284210028844711359852
00.0000000284210028844711359852
00.0000000284210028844711359852
00.0000000284210028844711359852
00.0000000284210028844711359852
00.0000000284210028844711359852
00.0000000284210028844711359852
00.0000000284210028844711359852
00.0000000284210028844711359852
00.0000000284210028844711359852
00.0000000284210028844711359852
00.0000000284210028844711359852
00.0000000284210028844711359852
00.0000000284210028844711359852
00.0000000284210028844711359852
00.0000000284210028844711359852
00.0000000284210028844711359852
00.0000000284210028844711359852
00.0000000284210028844711359852
00.0000000284210028844711359852
00.0000000284210028844711359852
00.0000000284210028844711359852
00.0000000284210028844711359852
00.0000000284210028844711359852
00.0000000284210028844711359852
00.0000000284210028844711359852
00.0000000284210028844711359852
00.0000000284210028844711359852
00.0000000284210028844711359852
00.0000000284210028844711359852
00.0000000284210028844711359852
00.0000000284210028844711359852
00.0000000284210028844711359852
00.0000000284210028844711359852
00.0000000284210028844711359852
00.0000000284210028844711359852
00.0000000284210028844711359852
00.0000000284210028844711359852
00.0000000284210028844711359852
00.0000000284210028844711359852
00.0000000284210028844711359852
00.0000000284210028844711359852
00.0000000284210028844711359852
00.0000000284210028844711359852
00.0000000284210028844711359852
00.0000000284210028844711359852
00.0000000284210028844711359852
00.0000000284210028844711359852
00.0000000284210028844711359852
00.0000000284210028844711359852
00.0000000284210028844711359852
00.0000000284210028844711359852
00.0000000284210028844711359852
00.0000000284210028844711359852
00.0000000284210028844711359852
00.0000000284210028844711359852
00.0000000284210028844711359852
00.0000000284210028844711359852
00.0000000284210028844711359852
00.0000000284210028844711359852
00.0000000284210028844711359852
00.0000000284210028844711359852
00.0000000284210028844711359852
00.0000000284210028844711359852
00.0000000284210028844711359852
00.0000000284210028844711359852
00.0000000284210028844711359852
00.0000000284210028844711359852
00.0000000284210028844711359852
00.0000000284210028844711359852
00.0000000284210028844711359852
00.0000000284210028844711359852
00.0000000284210028844711359852
00.0000000284210028844711359852
00.0000000284210028844711359852
00.0000000284210028844711359852
00.0000000284210028844711359852
00.0000000284210028844711359852
00.0000000284210028844711359852
00.0000000284210028844711359852
00.0000000284210028844711359852
00.0000000284210028844711359852
00.0000000284210028844711359852
00.0000000284210028844711359852
00.0000000284210028844711359852
00.0000000284210028844711359852
00.0000000284210028844711359852
00.0000000284210028844711359852
00.0000000284210028844711359852
00.0000000284210028844711359852
00.0000000284210028844711359852
00.0000000284210028844711359852
00.0000000284210028844711359852
00.0000000284210028844711359852
00.0000000284210028844711359852
00.0000000284210028844711359852
00.0000000284210028844711359852
00.0000000284210028844711359852
00.0000000284210028844711359852
00.0000000284210028844711359852
00.0000000284210028844711359852
00.0000000284210028844711359852
00.0000000284210028844711359852
00.0000000284210028844711359852
00.0000000284210028844711359852
00.0000000284210028844711359852
00.0000000284210028844711359852
00.0000000284210028844711359852
00.0000000284210028844711359852
00.0000000284210028844711359852
00.0000000284210028844711359852
00.0000000284210028844711359852
00.0000000284210028844711359852
00.0000000284210028844711359852
00.0000000284210028844711359852
00.0000000284210028844711359852
00.0000000284210028844711359852
00.0000000284210028844711359852
00.0000000284210028844711359852
00.0000000284210028844711359852
00.0000000284210028844711359852
00.0000000284210028844711359852
00.0000000284210028844711359852
00.0000000284210028844711359852
00.0000000284210028844711359852
00.0000000284210028844711359852
00.0000000284210028844711359852
00.0000000284210028844711359852
00.0000000284210028844711359852
00.0000000284210028844711359852
00.0000000284210028844711359852
00.0000000284210028844711359852
00.0000000284210028844711359852
00.0000000284210028844711359852
00.0000000284210028844711359852
00.0000000284210028844711359852
00.0000000284210028844711359852
00.0000000284210028844711359852
00.0000000284210028844711359852
00.0000000284210028844711359852
00.0000000284210028844711359852
00.0000000284210028844711359852
00.0000000284210028844711359852
00.0000000284210028844711359852
00.0000000284210028844711359852
00.0000000284210028844711359852
00.0000000284210028844711359852
00.0000000284210028844711359852
00.0000000284210028844711359852
00.0000000284210028844711359852
00.0000000284210028844711359852
00.0000000284210028844711359852
00.0000000284210028844711359852
00.0000000284210028844711359852
00.0000000284210028844711359852
00.0000000284210028844711359852
00.0000000284210028844711359852
00.0000000284210028844711359852
00.0000000284210028844711359852
00.0000000284210028844711359852
00.0000000284210028844711359852
00.0000000284210028844711359852
00.0000000284210028844711359852
00.0000000284210028844711359852
00.0000000284210028844711359852
00.0000000284210028844711359852
00.0000000284210028844711359852
00.0000000284210028844711359852
00.0000000284210028844711359852
00.0000000284210028844711359852
00.0000000284210028844711359852
00.0000000284210028844711359852
00.0000000284210028844711359852
00.0000000284210028844711359852
00.0000000284210028844711359852
00.0000000284210028844711359852
00.0000000284210028844711359852
00.0000000284210028844711359852
00.0000000284210028844711359852
00.0000000284210028844711359852
00.0000000284210028844711359852
00.0000000284210028844711359852
00.0000000284210028844711359852
00.0000000284210028844711359852
00.0000000284210028844711359852
00.0000000284210028844711359852
00.0000000284210028844711359852
00.0000000284210028844711359852
00.0000000284210028844711359852
00.0000000284210028844711359852
00.0000000284210028844711359852
00.0000000284210028844711359852
00.0000000284210028844711359852
00.0000000284210028844711359852
00.0000000284210028844711359852
00.0000000284210028844711359852
00.0000000284210028844711359852
00.0000000284210028844711359852
00.0000000284210028844711359852
00.0000000284210028844711359852
00.0000000284210028844711359852
00.0000000284210028844711359852
00.0000000284210028844711359852
00.0000000284210028844711359852
00.0000000284210028844711359852
00.0000000284210028844711359852
00.0000000284210028844711359852
00.0000000284210028844711359852
00.0000000284210028844711359852
00.0000000284210028844711359852
00.0000000284210028844711359852
00.0000000284210028844711359852
00.0000000284210028844711359852
00.0000000284210028844711359852
00.0000000284210028844711359852
00.0000000284210028844711359852
00.0000000284210028844711359852
00.0000000284210028844711359852
00.0000000284210028844711359852
00.0000000284210028844711359852
00.0000000284210028844711359852
00.0000000284210028844711359852
00.0000000284210028844711359852
00.0000000284210028844711359852
00.0000000284210028844711359852
00.0000000284210028844711359852
00.0000000284210028844711359852
00.0000000284210028844711359852
00.0000000284210028844711359852
00.0000000284210028844711359852
00.0000000284210028844711359852
00.0000000284210028844711359852
00.0000000284210028844711359852
00.0000000284210028844711359852
00.0000000284210028844711359852
00.0000000284210028844711359852
00.0000000284210028844711359852
00.0000000284210028844711359852
00.0000000284210028844711359852
00.0000000284210028844711359852
00.0000000284210028844711359852
00.0000000284210028844711359852
00.0000000284210028844711359852
00.0000000284210028844711359852
00.0000000284210028844711359852
00.0000000284210028844711359852
00.0000000284210028844711359852
00.0000000284210028844711359852
00.0000000284210028844711359852
00.0000000284210028844711359852
00.0000000284210028844711359852
00.0000000284210028844711359852
00.0000000284210028844711359852
00.0000000284210028844711359852
00.0000000284210028844711359852
00.0000000284210028844711359852
00.0000000284210028844711359852
00.0000000284210028844711359852
00.0000000284210028844711359852
00.0000000284210028844711359852
00.0000000284210028844711359852
00.0000000284210028844711359852
00.0000000284210028844711359852
00.0000000284210028844711359852
00.0000000284210028844711359852
00.0000000284210028844711359852
00.0000000284210028844711359852
00.0000000284210028844711359852
00.0000000284210028844711359852
00.0000000284210028844711359852
00.0000000284210028844711359852
00.0000000284210028844711359852
00.0000000284210028844711359852
00.0000000284210028844711359852
00.0000000284210028844711359852
00.0000000284210028844711359852
00.0000000284210028844711359852
00.0000000284210028844711359852
00.0000000284210028844711359852
00.0000000284210028844711359852
00.0000000284210028844711359852
00.0000000284210028844711359852
00.0000000284210028844711359852
00.0000000284210028844711359852
00.0000000284210028844711359852
00.0000000284210028844711359852
00.0000000284210028844711359852
00.0000000284210028844711359852
00.0000000284210028844711359852
00.0000000284210028844711359852
00.0000000284210028844711359852
00.0000000284210028844711359852
00.0000000284210028844711359852
00.0000000284210028844711359852
00.0000000284210028844711359852
00.0000000284210028844711359852
00.0000000284210028844711359852
00.0000000284210028844711359852
00.0000000284210028844711359852
00.0000000284210028844711359852
00.0000000284210028844711359852
00.0000000284210028844711359852
00.0000000284210028844711359852
00.0000000284210028844711359852
00.0000000284210028844711359852
00.0000000284210028844711359852
00.0000000284210028844711359852
00.0000000284210028844711359852
00.0000000284210028844711359852
00.0000000284210028844711359852
00.0000000284210028844711359852
00.0000000284210028844711359852
00.0000000284210028844711359852
00.0000000284210028844711359852
00.0000000284210028844711359852
00.0000000284210028844711359852
00.0000000284210028844711359852
00.0000000284210028844711359852
00.0000000284210028844711359852
00.0000000284210028844711359852
00.0000000284210028844711359852
00.0000000284210028844711359852
00.0000000284210028844711359852
00.0000000284210028844711359852
00.0000000284210028844711359852
00.0000000284210028844711359852
00.0000000284210028844711359852
00.0000000284210028844711359852
00.0000000284210028844711359852
00.0000000284210028844711359852
00.0000000284210028844711359852
00.0000000284210028844711359852
00.0000000284210028844711359852
00.0000000284210028844711359852
00.0000000284210028844711359852
00.0000000284210028844711359852
00.0000000284210028844711359852
00.0000000284210028844711359852
00.0000000284210028844711359852
00.0000000284210028844711359852
00.0000000284210028844711359852
00.0000000284210028844711359852
00.0000000284210028844711359852
00.0000000284210028844711359852
00.0000000284210028844711359852
00.0000000284210028844711359852
00.0000000284210028844711359852
00.0000000284210028844711359852
00.0000000284210028844711359852
00.0000000284210028844711359852
00.0000000284210028844711359852
00.0000000284210028844711359852
00.0000000284210028844711359852
00.0000000284210028844711359852
00.0000000284210028844711359852
00.0000000284210028844711359852
00.0000000284210028844711359852
00.0000000284210028844711359852
00.0000000284210028844711359852
00.0000000284210028844711359852
00.0000000284210028844711359852
00.0000000284210028844711359852
00.0000000284210028844711359852
00.0000000284210028844711359852
00.0000000284210028844711359852
00.0000000284210028844711359852
00.0000000284210028844711359852
00.0000000284210028844711359852
00.0000000284210028844711359852
00.0000000284210028844711359852
00.0000000284210028844711359852
00.0000000284210028844711359852
00.0000000284210028844711359852
00.0000000284210028844711359852
00.0000000284210028844711359852
00.0000000284210028844711359852
00.0000000284210028844711359852
00.0000000284210028844711359852
00.0000000284210028844711359852
00.0000000284210028844711359852
00.0000000284210028844711359852
00.0000000284210028844711359852
00.0000000284210028844711359852
00.0000000284210028844711359852
00.0000000284210028844711359852
00.0000000284210028844711359852
00.0000000284210028844711359852
00.0000000284210028844711359852
00.0000000284210028844711359852
00.0000000284210028844711359852
00.0000000284210028844711359852
00.0000000284210028844711359852
00.0000000284210028844711359852
00.0000000284210028844711359852
00.0000000284210028844711359852
00.0000000284210028844711359852
00.0000000284210028844711359852
00.0000000284210028844711359852
00.0000000284210028844711359852
00.0000000284210028844711359852
00.0000000284210028844711359852
00.0000000284210028844711359852
00.0000000284210028844711359852
00.0000000284210028844711359852
00.0000000284210028844711359852
00.0000000284210028844711359852
00.0000000284210028844711359852
00.0000000284210028844711359852
00.0000000284210028844711359852
00.0000000284210028844711359852
00.0000000284210028844711359852
00.0000000284210028844711359852
00.0000000284210028844711359852
00.0000000284210028844711359852
00.0000000284210028844711359852
00.0000000284210028844711359852
00.0000000284210028844711359852
00.0000000284210028844711359852
00.0000000284210028844711359852
00.0000000284210028844711359852
00.0000000284210028844711359852
00.0000000284210028844711359852
00.0000000284210028844711359852
00.0000000284210028844711359852
00.0000000284210028844711359852
00.0000000284210028844711359852
00.0000000284210028844711359852
00.0000000284210028844711359852
00.0000000284210028844711359852
00.0000000284210028844711359852
00.0000000284210028844711359852
00.0000000284210028844711359852
00.0000000284210028844711359852
00.0000000284210028844711359852
00.0000000284210028844711359852
00.0000000284210028844711359852
00.0000000284210028844711359852
00.0000000284210028844711359852
00.0000000284210028844711359852
00.0000000284210028844711359852
00.0000000284210028844711359852
00.0000000284210028844711359852
00.0000000284210028844711359852
00.0000000284210028844711359852
00.0000000284210028844711359852
00.0000000284210028844711359852
00.0000000284210028844711359852
00.0000000284210028844711359852
00.0000000284210028844711359852
00.0000000284210028844711359852
00.0000000284210028844711359852
00.0000000284210028844711359852
00.0000000284210028844711359852
00.0000000284210028844711359852
00.0000000284210028844711359852
00.0000000284210028844711359852
00.0000000284210028844711359852
00.0000000284210028844711359852
00.0000000284210028844711359852
00.0000000284210028844711359852
00.0000000284210028844711359852
00.0000000284210028844711359852
00.0000000284210028844711359852
00.0000000284210028844711359852
00.0000000284210028844711359852
00.0000000284210028844711359852
00.0000000284210028844711359852
00.0000000284210028844711359852
00.0000000284210028844711359852
00.0000000284210028844711359852
00.0000000284210028844711359852
00.0000000284210028844711359852
00.0000000284210028844711359852
00.0000000284210028844711359852
00.0000000284210028844711359852
00.0000000284210028844711359852
00.0000000284210028844711359852
00.0000000284210028844711359852
00.0000000284210028844711359852
00.0000000284210028844711359852
00.0000000284210028844711359852
00.0000000284210028844711359852
00.0000000284210028844711359852
00.0000000284210028844711359852
00.0000000284210028844711359852
00.0000000284210028844711359852
00.0000000284210028844711359852
00.0000000284210028844711359852
00.0000000284210028844711359852
00.0000000284210028844711359852
00.0000000284210028844711359852
00.0000000284210028844711359852
00.0000000284210028844711359852
00.0000000284210028844711359852
00.0000000284210028844711359852
00.0000000284210028844711359852
00.0000000284210028844711359852
00.0000000284210028844711359852
00.0000000284210028844711359852
00.0000000284210028844711359852
00.0000000284210028844711359852
00.0000000284210028844711359852
00.0000000284210028844711359852
00.0000000284210028844711359852
00.0000000284210028844711359852
00.0000000284210028844711359852
00.0000000284210028844711359852
00.0000000284210028844711359852
00.0000000284210028844711359852
00.0000000284210028844711359852
00.0000000284210028844711359852
00.0000000284210028844711359852
00.0000000284210028844711359852
00.0000000284210028844711359852
00.0000000284210028844711359852
00.0000000284210028844711359852
00.0000000284210028844711359852
00.0000000284210028844711359852
00.0000000284210028844711359852
00.0000000284210028844711359852
00.0000000284210028844711359852
00.0000000284210028844711359852
00.0000000284210028844711359852
00.0000000284210028844711359852
00.0000000284210028844711359852
00.0000000284210028844711359852
00.0000000284210028844711359852
00.0000000284210028844711359852
00.0000000284210028844711359852
00.0000000284210028844711359852
00.0000000284210028844711359852
00.0000000284210028844711359852
00.0000000284210028844711359852
00.0000000284210028844711359852
00.0000000284210028844711359852
00.0000000284210028844711359852
00.0000000284210028844711359852
00.0000000284210028844711359852
00.0000000284210028844711359852
00.0000000284210028844711359852
00.0000000284210028844711359852
00.0000000284210028844711359852
00.0000000284210028844711359852
00.0000000284210028844711359852
00.0000000284210028844711359852
00.0000000284210028844711359852
00.0000000284210028844711359852
00.0000000284210028844711359852
00.0000000284210028844711359852
00.0000000284210028844711359852
00.0000000284210028844711359852
00.0000000284210028844711359852
00.0000000284210028844711359852
00.0000000284210028844711359852
00.0000000284210028844711359852
00.0000000284210028844711359852
00.0000000284210028844711359852
00.0000000284210028844711359852
00.0000000284210028844711359852
00.0000000284210028844711359852
00.0000000284210028844711359852
00.0000000284210028844711359852
00.0000000284210028844711359852
00.0000000284210028844711359852
00.0000000284210028844711359852
00.0000000284210028844711359852
00.0000000284210028844711359852
00.0000000284210028844711359852
00.0000000284210028844711359852
00.0000000284210028844711359852
00.0000000284210028844711359852
00.0000000284210028844711359852
00.0000000284210028844711359852
00.0000000284210028844711359852
00.0000000284210028844711359852
00.0000000284210028844711359852
00.0000000284210028844711359852
00.0000000284210028844711359852
00.0000000284210028844711359852
00.0000000284210028844711359852
00.0000000284210028844711359852
00.0000000284210028844711359852
00.0000000284210028844711359852
00.0000000284210028844711359852
00.0000000284210028844711359852
00.0000000284210028844711359852
00.0000000284210028844711359852
00.0000000284210028844711359852
00.0000000284210028844711359852
00.0000000284210028844711359852
00.0000000284210028844711359852
00.0000000284210028844711359852
00.0000000284210028844711359852
00.0000000284210028844711359852
00.0000000284210028844711359852
00.0000000284210028844711359852
00.0000000284210028844711359852
00.0000000284210028844711359852
00.0000000284210028844711359852
00.0000000284210028844711359852
00.0000000284210028844711359852
00.0000000284210028844711359852
00.0000000284210028844711359852
00.0000000284210028844711359852
00.0000000284210028844711359852
00.0000000284210028844711359852
00.0000000284210028844711359852
00.0000000284210028844711359852
00.0000000284210028844711359852
00.0000000284210028844711359852
00.0000000284210028844711359852
00.0000000284210028844711359852
00.0000000284210028844711359852
00.0000000284210028844711359852
00.0000000284210028844711359852
00.0000000284210028844711359852
00.0000000284210028844711359852
00.0000000284210028844711359852
00.0000000284210028844711359852
00.0000000284210028844711359852
00.0000000284210028844711359852
00.0000000284210028844711359852
00.0000000284210028844711359852
00.0000000284210028844711359852
00.0000000284210028844711359852
00.0000000284210028844711359852
00.0000000284210028844711359852
00.0000000284210028844711359852
00.0000000284210028844711359852
00.0000000284210028844711359852
00.0000000284210028844711359852
00.0000000284210028844711359852
00.0000000284210028844711359852
00.0000000284210028844711359852
00.0000000284210028844711359852
00.0000000284210028844711359852
00.0000000284210028844711359852
00.0000000284210028844711359852
00.0000000284210028844711359852
00.0000000284210028844711359852
00.0000000284210028844711359852
00.0000000284210028844711359852
00.0000000284210028844711359852
00.0000000284210028844711359852
00.0000000284210028844711359852
00.0000000284210028844711359852
00.0000000284210028844711359852
00.0000000284210028844711359852
00.0000000284210028844711359852
00.0000000284210028844711359852
00.0000000284210028844711359852
00.0000000284210028844711359852
00.0000000284210028844711359852
00.0000000284210028844711359852
00.0000000284210028844711359852
00.0000000284210028844711359852
00.0000000284210028844711359852
00.0000000284210028844711359852
00.0000000284210028844711359852
00.0000000284210028844711359852
00.0000000284210028844711359852
00.0000000284210028844711359852
00.0000000284210028844711359852
00.0000000284210028844711359852
00.0000000284210028844711359852
00.0000000284210028844711359852
00.0000000284210028844711359852
00.0000000284210028844711359852
00.0000000284210028844711359852
00.0000000284210028844711359852
00.0000000284210028844711359852
00.0000000284210028844711359852
00.0000000284210028844711359852
00.0000000284210028844711359852
00.0000000284210028844711359852
00.0000000284210028844711359852
00.0000000284210028844711359852
00.0000000284210028844711359852
00.0000000284210028844711359852
00.0000000284210028844711359852
00.0000000284210028844711359852
00.0000000284210028844711359852
00.0000000284210028844711359852
00.0000000284210028844711359852
00.0000000284210028844711359852
00.0000000284210028844711359852
00.0000000284210028844711359852
00.0000000284210028844711359852
00.0000000284210028844711359852
00.0000000284210028844711359852
00.0000000284210028844711359852
00.0000000284210028844711359852
00.0000000284210028844711359852
00.0000000284210028844711359852
00.0000000284210028844711359852
00.0000000284210028844711359852
00.0000000284210028844711359852
00.0000000284210028844711359852
00.0000000284210028844711359852
00.0000000284210028844711359852
00.0000000284210028844711359852
00.0000000284210028844711359852
00.0000000284210028844711359852
00.0000000284210028844711359852
00.0000000284210028844711359852
00.0000000284210028844711359852
00.0000000284210028844711359852
00.0000000284210028844711359852
00.0000000284210028844711359852
00.0000000284210028844711359852
00.0000000284210028844711359852
00.0000000284210028844711359852
00.0000000284210028844711359852
00.0000000284210028844711359852
00.0000000284210028844711359852
00.0000000284210028844711359852
00.0000000284210028844711359852
00.0000000284210028844711359852
00.0000000284210028844711359852
00.0000000284210028844711359852
00.0000000284210028844711359852
00.0000000284210028844711359852
00.0000000284210028844711359852
00.0000000284210028844711359852
00.0000000284210028844711359852
00.0000000284210028844711359852
00.0000000284210028844711359852
00.0000000284210028844711359852
00.0000000284210028844711359852
00.0000000284210028844711359852
00.0000000284210028844711359852
00.0000000284210028844711359852
00.0000000284210028844711359852
00.0000000284210028844711359852
00.0000000284210028844711359852
00.0000000284210028844711359852
00.0000000284210028844711359852
00.0000000284210028844711359852
00.0000000284210028844711359852
00.0000000284210028844711359852
00.0000000284210028844711359852
00.0000000284210028844711359852
00.0000000284210028844711359852
00.0000000284210028844711359852
00.0000000284210028844711359852
00.0000000284210028844711359852
00.0000000284210028844711359852
00.0000000284210028844711359852
00.0000000284210028844711359852
00.0000000284210028844711359852
00.0000000284210028844711359852
00.0000000284210028844711359852
00.0000000284210028844711359852
00.0000000284210028844711359852
00.0000000284210028844711359852
00.0000000284210028844711359852
00.0000000284210028844711359852
00.0000000284210028844711359852
00.0000000284210028844711359852
00.0000000284210028844711359852
00.0000000284210028844711359852
00.0000000284210028844711359852
00.0000000284210028844711359852
00.0000000284210028844711359852
00.0000000284210028844711359852
00.0000000284210028844711359852
00.0000000284210028844711359852
00.0000000284210028844711359852
00.0000000284210028844711359852
00.0000000284210028844711359852
00.0000000284210028844711359852
00.0000000284210028844711359852
00.0000000284210028844711359852
00.0000000284210028844711359852
00.0000000284210028844711359852
00.0000000284210028844711359852
00.0000000284210028844711359852
00.0000000284210028844711359852
00.0000000284210028844711359852
00.0000000284210028844711359852
00.0000000284210028844711359852
00.0000000284210028844711359852
00.0000000284210028844711359852
00.0000000284210028844711359852
00.0000000284210028844711359852
00.0000000284210028844711359852
00.0000000284210028844711359852
00.0000000284210028844711359852
00.0000000284210028844711359852
00.0000000284210028844711359852
00.0000000284210028844711359852
00.0000000284210028844711359852
00.0000000284210028844711359852
00.0000000284210028844711359852
00.0000000284210028844711359852
00.0000000284210028844711359852
00.0000000284210028844711359852
00.0000000284210028844711359852
00.0000000284210028844711359852
00.0000000284210028844711359852
00.0000000284210028844711359852
00.0000000284210028844711359852
00.0000000284210028844711359852
00.0000000284210028844711359852
00.0000000284210028844711359852
00.0000000284210028844711359852
00.0000000284210028844711359852
00.0000000284210028844711359852
00.0000000284210028844711359852
00.0000000284210028844711359852
00.0000000284210028844711359852
00.0000000284210028844711359852
00.0000000284210028844711359852
00.0000000284210028844711359852
00.0000000284210028844711359852
00.0000000284210028844711359852
00.0000000284210028844711359852
00.0000000284210028844711359852
00.0000000284210028844711359852
00.0000000284210028844711359852
00.0000000284210028844711359852
00.0000000284210028844711359852
00.0000000284210028844711359852
00.0000000284210028844711359852
00.0000000284210028844711359852
00.0000000284210028844711359852
00.0000000284210028844711359852
00.0000000284210028844711359852
00.0000000284210028844711359852
00.0000000284210028844711359852
00.0000000284210028844711359852
00.0000000284210028844711359852
00.0000000284210028844711359852
00.0000000284210028844711359852
00.0000000284210028844711359852
00.0000000284210028844711359852
00.0000000284210028844711359852
00.0000000284210028844711359852
00.0000000284210028844711359852
00.0000000284210028844711359852
00.0000000284210028844711359852
00.0000000284210028844711359852
00.0000000284210028844711359852
00.0000000284210028844711359852
00.0000000284210028844711359852
00.0000000284210028844711359852
00.0000000284210028844711359852
00.0000000284210028844711359852
00.0000000284210028844711359852
00.0000000284210028844711359852
00.0000000284210028844711359852
00.0000000284210028844711359852
00.0000000284210028844711359852
00.0000000284210028844711359852
00.0000000284210028844711359852
00.0000000284210028844711359852
00.0000000284210028844711359852
00.0000000284210028844711359852
00.0000000284210028844711359852
00.0000000284210028844711359852
00.0000000284210028844711359852
00.0000000284210028844711359852
00.0000000284210028844711359852
00.0000000284210028844711359852
00.0000000284210028844711359852
00.0000000284210028844711359852
00.0000000284210028844711359852
00.0000000284210028844711359852
00.0000000284210028844711359852
00.0000000284210028844711359852
00.0000000284210028844711359852
00.0000000284210028844711359852
00.0000000284210028844711359852
00.0000000284210028844711359852
00.0000000284210028844711359852
00.0000000284210028844711359852
00.0000000284210028844711359852
00.0000000284210028844711359852
00.0000000284210028844711359852
00.0000000284210028844711359852
00.0000000284210028844711359852
00.0000000284210028844711359852
00.0000000284210028844711359852
00.0000000284210028844711359852
00.0000000284210028844711359852
00.0000000284210028844711359852
00.0000000284210028844711359852
00.0000000284210028844711359852
00.0000000284210028844711359852
00.0000000284210028844711359852
00.0000000284210028844711359852
00.0000000284210028844711359852
00.0000000284210028844711359852
00.0000000284210028844711359852
00.0000000284210028844711359852
00.0000000284210028844711359852
00.0000000284210028844711359852
00.0000000284210028844711359852
00.0000000284210028844711359852
00.0000000284210028844711359852
00.0000000284210028844711359852
00.0000000284210028844711359852
00.0000000284210028844711359852
00.0000000284210028844711359852
00.0000000284210028844711359852
00.0000000284210028844711359852
00.0000000284210028844711359852
00.0000000284210028844711359852
00.0000000284210028844711359852
00.0000000284210028844711359852
00.0000000284210028844711359852
00.0000000284210028844711359852
00.0000000284210028844711359852
00.0000000284210028844711359852
00.0000000284210028844711359852
00.0000000284210028844711359852
00.0000000284210028844711359852
00.0000000284210028844711359852
00.0000000284210028844711359852
00.0000000284210028844711359852
00.0000000284210028844711359852
00.0000000284210028844711359852
00.0000000284210028844711359852
00.0000000284210028844711359852
00.0000000284210028844711359852
00.0000000284210028844711359852
00.0000000284210028844711359852
00.0000000284210028844711359852
00.0000000284210028844711359852
00.0000000284210028844711359852
00.0000000284210028844711359852
00.0000000284210028844711359852
00.0000000284210028844711359852
00.0000000284210028844711359852
00.0000000284210028844711359852
00.0000000284210028844711359852
00.0000000284210028844711359852
00.0000000284210028844711359852
00.0000000284210028844711359852
00.0000000284210028844711359852
00.0000000284210028844711359852
00.0000000284210028844711359852
00.0000000284210028844711359852
00.0000000284210028844711359852
00.0000000284210028844711359852
00.0000000284210028844711359852
00.0000000284210028844711359852
00.0000000284210028844711359852
00.0000000284210028844711359852
00.0000000284210028844711359852
00.0000000284210028844711359852
00.0000000284210028844711359852
00.0000000284210028844711359852
00.0000000284210028844711359852
00.0000000284210028844711359852
00.0000000284210028844711359852
00.0000000284210028844711359852
00.0000000284210028844711359852
00.0000000284210028844711359852
00.0000000284210028844711359852
00.0000000284210028844711359852
00.0000000284210028844711359852
00.0000000284210028844711359852
00.0000000284210028844711359852
00.0000000284210028844711359852
00.0000000284210028844711359852
00.0000000284210028844711359852
00.0000000284210028844711359852
00.0000000284210028844711359852
00.0000000284210028844711359852
00.0000000284210028844711359852
00.0000000284210028844711359852
00.0000000284210028844711359852
00.0000000284210028844711359852
00.0000000284210028844711359852
00.0000000284210028844711359852
00.0000000284210028844711359852
00.0000000284210028844711359852
00.0000000284210028844711359852
00.0000000284210028844711359852
00.0000000284210028844711359852
00.0000000284210028844711359852
00.0000000284210028844711359852
00.0000000284210028844711359852
00.0000000284210028844711359852
00.0000000284210028844711359852
00.0000000284210028844711359852
00.0000000284210028844711359852
00.0000000284210028844711359852
00.0000000284210028844711359852
00.0000000284210028844711359852
00.0000000284210028844711359852
00.0000000284210028844711359852
00.0000000284210028844711359852
00.0000000284210028844711359852
00.0000000284210028844711359852
00.0000000284210028844711359852
00.0000000284210028844711359852
00.0000000284210028844711359852
00.0000000284210028844711359852
00.0000000284210028844711359852
00.0000000284210028844711359852
00.0000000284210028844711359852
00.0000000284210028844711359852
00.0000000284210028844711359852
00.0000000284210028844711359852
00.0000000284210028844711359852
00.0000000284210028844711359852
00.0000000284210028844711359852
00.0000000284210028844711359852
00.0000000284210028844711359852
00.0000000284210028844711359852
00.0000000284210028844711359852
00.0000000284210028844711359852
00.0000000284210028844711359852
00.0000000284210028844711359852
00.0000000284210028844711359852
00.0000000284210028844711359852
00.0000000284210028844711359852
00.0000000284210028844711359852
00.0000000284210028844711359852
00.0000000284210028844711359852
00.0000000284210028844711359852
00.0000000284210028844711359852
00.0000000284210028844711359852
00.0000000284210028844711359852
00.0000000284210028844711359852
00.0000000284210028844711359852
00.0000000284210028844711359852
00.0000000284210028844711359852
00.0000000284210028844711359852
00.0000000284210028844711359852
00.0000000284210028844711359852
00.0000000284210028844711359852
00.0000000284210028844711359852
00.0000000284210028844711359852
00.0000000284210028844711359852
00.0000000284210028844711359852
00.0000000284210028844711359852
00.0000000284210028844711359852
00.0000000284210028844711359852
00.0000000284210028844711359852
00.0000000284210028844711359852
00.0000000284210028844711359852
00.0000000284210028844711359852
00.0000000284210028844711359852
00.0000000284210028844711359852
00.0000000284210028844711359852
00.0000000284210028844711359852
00.0000000284210028844711359852
00.0000000284210028844711359852
00.0000000284210028844711359852
00.0000000284210028844711359852
00.0000000284210028844711359852
00.0000000284210028844711359852
00.0000000284210028844711359852
00.0000000284210028844711359852
00.0000000284210028844711359852
00.0000000284210028844711359852
00.0000000284210028844711359852
00.0000000284210028844711359852
00.0000000284210028844711359852
00.0000000284210028844711359852
00.0000000284210028844711359852
00.0000000284210028844711359852
00.0000000284210028844711359852
00.0000000284210028844711359852
00.0000000284210028844711359852
00.0000000284210028844711359852
00.0000000284210028844711359852
00.0000000284210028844711359852
00.0000000284210028844711359852
00.0000000284210028844711359852
00.0000000284210028844711359852
00.0000000284210028844711359852
00.0000000284210028844711359852
00.0000000284210028844711359852
00.0000000284210028844711359852
00.0000000284210028844711359852
00.0000000284210028844711359852
00.0000000284210028844711359852
00.0000000284210028844711359852
00.0000000284210028844711359852
00.0000000284210028844711359852
00.0000000284210028844711359852
00.0000000284210028844711359852
00.0000000284210028844711359852
00.0000000284210028844711359852
00.0000000284210028844711359852
00.0000000284210028844711359852
00.0000000284210028844711359852
00.0000000284210028844711359852
00.0000000284210028844711359852
00.0000000284210028844711359852
00.0000000284210028844711359852
00.0000000284210028844711359852
00.0000000284210028844711359852
00.0000000284210028844711359852
00.0000000284210028844711359852
00.0000000284210028844711359852
00.0000000284210028844711359852
00.0000000284210028844711359852
00.0000000284210028844711359852
00.0000000284210028844711359852
00.0000000284210028844711359852
00.0000000284210028844711359852
00.0000000284210028844711359852
00.0000000284210028844711359852
00.0000000284210028844711359852
00.0000000284210028844711359852
00.0000000284210028844711359852
00.0000000284210028844711359852
00.0000000284210028844711359852
00.0000000284210028844711359852
00.0000000284210028844711359852
00.0000000284210028844711359852
00.0000000284210028844711359852
00.0000000284210028844711359852
00.0000000284210028844711359852
00.0000000284210028844711359852
00.0000000284210028844711359852
00.0000000284210028844711359852
00.0000000284210028844711359852
00.0000000284210028844711359852
00.0000000284210028844711359852
00.0000000284210028844711359852
00.0000000284210028844711359852
00.0000000284210028844711359852
00.0000000284210028844711359852
00.0000000284210028844711359852
00.0000000284210028844711359852
00.0000000284210028844711359852
00.0000000284210028844711359852
00.0000000284210028844711359852
00.0000000284210028844711359852
00.0000000284210028844711359852
00.0000000284210028844711359852
00.0000000284210028844711359852
00.0000000284210028844711359852
00.0000000284210028844711359852
00.0000000284210028844711359852
00.0000000284210028844711359852
00.0000000284210028844711359852
00.0000000284210028844711359852
00.0000000284210028844711359852
00.0000000284210028844711359852
00.0000000284210028844711359852
00.0000000284210028844711359852
00.0000000284210028844711359852
00.0000000284210028844711359852
00.0000000284210028844711359852
00.0000000284210028844711359852
00.0000000284210028844711359852
00.0000000284210028844711359852
00.0000000284210028844711359852
00.0000000284210028844711359852
00.0000000284210028844711359852
00.0000000284210028844711359852
00.0000000284210028844711359852
00.0000000284210028844711359852
00.0000000284210028844711359852
00.0000000284210028844711359852
00.0000000284210028844711359852
00.0000000284210028844711359852
00.0000000284210028844711359852
00.0000000284210028844711359852
00.0000000284210028844711359852
00.0000000284210028844711359852
00.0000000284210028844711359852
00.0000000284210028844711359852
00.0000000284210028844711359852
00.0000000284210028844711359852
00.0000000284210028844711359852
00.0000000284210028844711359852
00.0000000284210028844711359852
00.0000000284210028844711359852
00.0000000284210028844711359852
00.0000000284210028844711359852
00.0000000284210028844711359852
00.0000000284210028844711359852
00.0000000284210028844711359852
00.0000000284210028844711359852
00.0000000284210028844711359852
00.0000000284210028844711359852
00.0000000284210028844711359852
00.0000000284210028844711359852
00.0000000284210028844711359852
00.0000000284210028844711359852
00.0000000284210028844711359852
00.0000000284210028844711359852
00.0000000284210028844711359852
00.0000000284210028844711359852
00.0000000284210028844711359852
00.0000000284210028844711359852
00.0000000284210028844711359852
00.0000000284210028844711359852
00.0000000284210028844711359852
00.0000000284210028844711359852
00.0000000284210028844711359852
00.0000000284210028844711359852
00.0000000284210028844711359852
00.0000000284210028844711359852
00.0000000284210028844711359852
00.0000000284210028844711359852
00.0000000284210028844711359852
00.0000000284210028844711359852
00.0000000284210028844711359852
00.0000000284210028844711359852
00.0000000284210028844711359852
00.0000000284210028844711359852
00.0000000284210028844711359852
00.0000000284210028844711359852
00.0000000284210028844711359852
00.0000000284210028844711359852
00.0000000284210028844711359852
00.0000000284210028844711359852
00.0000000284210028844711359852
00.0000000284210028844711359852
00.0000000284210028844711359852
00.0000000284210028844711359852
00.0000000284210028844711359852
00.0000000284210028844711359852
00.0000000284210028844711359852
00.0000000284210028844711359852
00.0000000284210028844711359852
00.0000000284210028844711359852
00.0000000284210028844711359852
00.0000000284210028844711359852
00.0000000284210028844711359852
00.0000000284210028844711359852
00.0000000284210028844711359852
00.0000000284210028844711359852
00.0000000284210028844711359852
00.0000000284210028844711359852
00.0000000284210028844711359852
00.0000000284210028844711359852
00.0000000284210028844711359852
00.0000000284210028844711359852
00.0000000284210028844711359852
00.0000000284210028844711359852
00.0000000284210028844711359852
00.0000000284210028844711359852
00.0000000284210028844711359852
00.0000000284210028844711359852
00.0000000284210028844711359852
00.0000000284210028844711359852
00.0000000284210028844711359852
00.0000000284210028844711359852
00.0000000284210028844711359852
00.0000000284210028844711359852
00.0000000284210028844711359852
00.0000000284210028844711359852
00.0000000284210028844711359852
00.0000000284210028844711359852
00.0000000284210028844711359852
00.0000000284210028844711359852
00.0000000284210028844711359852
00.0000000284210028844711359852
00.0000000284210028844711359852
00.0000000284210028844711359852
00.0000000284210028844711359852
00.0000000284210028844711359852
00.0000000284210028844711359852
00.0000000284210028844711359852
00.0000000284210028844711359852
00.0000000284210028844711359852
00.0000000284210028844711359852
00.0000000284210028844711359852
00.0000000284210028844711359852
00.0000000284210028844711359852
00.0000000284210028844711359852
00.0000000284210028844711359852
00.0000000284210028844711359852
00.0000000284210028844711359852
00.0000000284210028844711359852
00.0000000284210028844711359852
00.0000000284210028844711359852
00.0000000284210028844711359852
00.0000000284210028844711359852
00.0000000284210028844711359852
00.0000000284210028844711359852
00.0000000317194120968977699704
00.0000000317194120968977699704
00.0000000317194120968977699704
00.0000000317194120968977699704
00.0000000317194120968977699704
00.0000000317194120968977699704
00.0000000317194120968977699704
00.0000000317194120968977699704
00.0000000317194120968977699704
00.0000000317194120968977699704
00.0000000317194120968977699704
00.0000000317194120968977699704
00.0000000317194120968977699704
00.0000000317194120968977699704
00.0000000317194120968977699704
00.0000000317194120968977699704
00.0000000317194120968977699704
00.0000000317194120968977699704
00.0000000317194120968977699704
00.0000000317194120968977699704
00.0000000317194120968977699704
00.0000000317194120968977699704
00.0000000317194120968977699704
00.0000000317194120968977699704
00.0000000317194120968977699704
00.0000000317194120968977699704
00.0000000317194120968977699704
00.0000000317194120968977699704
00.0000000317194120968977699704
00.0000000317194120968977699704
00.0000000317194120968977699704
00.0000000317194120968977699704
00.0000000317194120968977699704
00.0000000317194120968977699704
00.0000000317194120968977699704
00.0000000317194120968977699704
00.0000000317194120968977699704
00.0000000317194120968977699704
00.0000000317194120968977699704
00.0000000317194120968977699704
00.0000000317194120968977699704
00.0000000317194120968977699704
00.0000000317194120968977699704
00.0000000317194120968977699704
00.0000000317194120968977699704
00.0000000317194120968977699704
00.0000000317194120968977699704
00.0000000317194120968977699704
00.0000000317194120968977699704
00.0000000317194120968977699704
00.0000000317194120968977699704
00.0000000317194120968977699704
00.0000000317194120968977699704
00.0000000317194120968977699704
00.0000000317194120968977699704
00.0000000317194120968977699704
00.0000000317194120968977699704
00.0000000317194120968977699704
00.0000000317194120968977699704
00.0000000317194120968977699704
00.0000000317194120968977699704
00.0000000317194120968977699704
00.0000000317194120968977699704
00.0000000317194120968977699704
00.0000000317194120968977699704
00.0000000317194120968977699704
00.0000000317194120968977699704
00.0000000317194120968977699704
00.0000000317194120968977699704
00.0000000317194120968977699704
00.0000000317194120968977699704
00.0000000317194120968977699704
00.0000000317194120968977699704
00.0000000317194120968977699704
00.0000000317194120968977699704
00.0000000317194120968977699704
00.0000000317194120968977699704
00.0000000317194120968977699704
00.0000000317194120968977699704
00.0000000317194120968977699704
00.0000000317194120968977699704
00.0000000317194120968977699704
00.0000000317194120968977699704
00.0000000317194120968977699704
00.0000000317194120968977699704
00.0000000317194120968977699704
00.0000000317194120968977699704
00.0000000317194120968977699704
00.0000000317194120968977699704
00.0000000317194120968977699704
00.0000000317194120968977699704
00.0000000317194120968977699704
00.0000000317194120968977699704
00.0000000317194120968977699704
00.0000000317194120968977699704
00.0000000317194120968977699704
00.0000000317194120968977699704
00.0000000317194120968977699704
00.0000000317194120968977699704
00.0000000317194120968977699704
00.0000000317194120968977699704
00.0000000317194120968977699704
00.0000000317194120968977699704
00.0000000317194120968977699704
00.0000000317194120968977699704
00.0000000317194120968977699704
00.0000000317194120968977699704
00.0000000317194120968977699704
00.0000000317194120968977699704
00.0000000317194120968977699704
00.0000000317194120968977699704
00.0000000317194120968977699704
00.0000000317194120968977699704
00.0000000317194120968977699704
00.0000000317194120968977699704
00.0000000317194120968977699704
00.0000000317194120968977699704
00.0000000317194120968977699704
00.0000000317194120968977699704
00.0000000317194120968977699704
00.0000000317194120968977699704
00.0000000317194120968977699704
00.0000000317194120968977699704
00.0000000317194120968977699704
00.0000000317194120968977699704
00.0000000317194120968977699704
00.0000000317194120968977699704
00.0000000317194120968977699704
00.0000000317194120968977699704
00.0000000317194120968977699704
00.0000000317194120968977699704
00.0000000317194120968977699704
00.0000000317194120968977699704
00.0000000317194120968977699704
00.0000000317194120968977699704
00.0000000317194120968977699704
00.0000000317194120968977699704
00.0000000317194120968977699704
00.0000000317194120968977699704
00.0000000317194120968977699704
00.0000000317194120968977699704
00.0000000317194120968977699704
00.0000000317194120968977699704
00.0000000317194120968977699704
00.0000000317194120968977699704
00.0000000317194120968977699704
00.0000000317194120968977699704
00.0000000317194120968977699704
00.0000000317194120968977699704
00.0000000317194120968977699704
00.0000000317194120968977699704
00.0000000317194120968977699704
00.0000000317194120968977699704
00.0000000317194120968977699704
00.0000000317194120968977699704
00.0000000317194120968977699704
00.0000000317194120968977699704
00.0000000317194120968977699704
00.0000000317194120968977699704
00.0000000317194120968977699704
00.0000000317194120968977699704
00.0000000317194120968977699704
00.0000000317194120968977699704
00.0000000317194120968977699704
00.0000000317194120968977699704
00.0000000317194120968977699704
00.0000000317194120968977699704
00.0000000317194120968977699704
00.0000000317194120968977699704
00.0000000317194120968977699704
00.0000000317194120968977699704
00.0000000317194120968977699704
00.0000000317194120968977699704
00.0000000317194120968977699704
00.0000000317194120968977699704
00.0000000317194120968977699704
00.0000000317194120968977699704
00.0000000317194120968977699704
00.0000000317194120968977699704
00.0000000317194120968977699704
00.0000000317194120968977699704
00.0000000317194120968977699704
00.0000000317194120968977699704
00.0000000317194120968977699704
00.0000000317194120968977699704
00.0000000317194120968977699704
00.0000000317194120968977699704
00.0000000317194120968977699704
00.0000000317194120968977699704
00.0000000317194120968977699704
00.0000000317194120968977699704
00.0000000317194120968977699704
00.0000000317194120968977699704
00.0000000317194120968977699704
00.0000000317194120968977699704
00.0000000317194120968977699704
00.0000000317194120968977699704
00.0000000317194120968977699704
00.0000000317194120968977699704
00.0000000317194120968977699704
00.0000000317194120968977699704
00.0000000317194120968977699704
00.0000000317194120968977699704
00.0000000317194120968977699704
00.0000000317194120968977699704
00.0000000317194120968977699704
00.0000000317194120968977699704
00.0000000317194120968977699704
00.0000000317194120968977699704
00.0000000317194120968977699704
00.0000000317194120968977699704
00.0000000317194120968977699704
00.0000000317194120968977699704
00.0000000317194120968977699704
00.0000000317194120968977699704
00.0000000317194120968977699704
00.0000000317194120968977699704
00.0000000317194120968977699704
00.0000000317194120968977699704
00.0000000317194120968977699704
00.0000000317194120968977699704
00.0000000317194120968977699704
00.0000000317194120968977699704
00.0000000317194120968977699704
00.0000000317194120968977699704
00.0000000317194120968977699704
00.0000000317194120968977699704
00.0000000317194120968977699704
00.0000000317194120968977699704
00.0000000317194120968977699704
00.0000000317194120968977699704
00.0000000317194120968977699704
00.0000000317194120968977699704
00.0000000317194120968977699704
00.0000000317194120968977699704
00.0000000317194120968977699704
00.0000000317194120968977699704
00.0000000317194120968977699704
00.0000000317194120968977699704
00.0000000317194120968977699704
00.0000000317194120968977699704
00.0000000317194120968977699704
00.0000000317194120968977699704
00.0000000317194120968977699704
00.0000000317194120968977699704
00.0000000317194120968977699704
00.0000000317194120968977699704
00.0000000317194120968977699704
00.0000000317194120968977699704
00.0000000317194120968977699704
00.0000000317194120968977699704
00.0000000317194120968977699704
00.0000000317194120968977699704
00.0000000317194120968977699704
00.0000000317194120968977699704
00.0000000317194120968977699704
00.0000000317194120968977699704
00.0000000317194120968977699704
00.0000000317194120968977699704
00.0000000317194120968977699704
00.0000000317194120968977699704
00.0000000317194120968977699704
00.0000000317194120968977699704
00.0000000317194120968977699704
00.0000000317194120968977699704
00.0000000317194120968977699704
00.0000000317194120968977699704
00.0000000317194120968977699704
00.0000000317194120968977699704
00.0000000317194120968977699704
00.0000000317194120968977699704
00.0000000317194120968977699704
00.0000000317194120968977699704
00.0000000317194120968977699704
00.0000000317194120968977699704
00.0000000317194120968977699704
00.0000000317194120968977699704
00.0000000317194120968977699704
00.0000000317194120968977699704
00.0000000317194120968977699704
00.0000000317194120968977699704
00.0000000317194120968977699704
00.0000000317194120968977699704
00.0000000317194120968977699704
00.0000000317194120968977699704
00.0000000317194120968977699704
00.0000000317194120968977699704
00.0000000317194120968977699704
00.0000000317194120968977699704
00.0000000317194120968977699704
00.0000000317194120968977699704
00.0000000317194120968977699704
00.0000000317194120968977699704
00.0000000317194120968977699704
00.0000000317194120968977699704
00.0000000317194120968977699704
00.0000000317194120968977699704
00.0000000317194120968977699704
00.0000000317194120968977699704
00.0000000317194120968977699704
00.0000000317194120968977699704
00.0000000317194120968977699704
00.0000000317194120968977699704
00.0000000317194120968977699704
00.0000000317194120968977699704
00.0000000317194120968977699704
00.0000000317194120968977699704
00.0000000317194120968977699704
00.0000000317194120968977699704
00.0000000317194120968977699704
00.0000000317194120968977699704
00.0000000317194120968977699704
00.0000000317194120968977699704
00.0000000317194120968977699704
00.0000000317194120968977699704
00.0000000317194120968977699704
00.0000000317194120968977699704
00.0000000317194120968977699704
00.0000000317194120968977699704
00.0000000317194120968977699704
00.0000000317194120968977699704
00.0000000317194120968977699704
00.0000000317194120968977699704
00.0000000317194120968977699704
00.0000000317194120968977699704
00.0000000317194120968977699704
00.0000000317194120968977699704
00.0000000317194120968977699704
00.0000000317194120968977699704
00.0000000317194120968977699704
00.0000000317194120968977699704
00.0000000317194120968977699704
00.0000000317194120968977699704
00.0000000317194120968977699704
00.0000000317194120968977699704
00.0000000317194120968977699704
00.0000000317194120968977699704
00.0000000317194120968977699704
00.0000000317194120968977699704
00.0000000317194120968977699704
00.0000000317194120968977699704
00.0000000317194120968977699704
00.0000000317194120968977699704
00.0000000317194120968977699704
00.0000000317194120968977699704
00.0000000317194120968977699704
00.0000000317194120968977699704
00.0000000317194120968977699704
00.0000000317194120968977699704
00.0000000317194120968977699704
00.0000000317194120968977699704
00.0000000317194120968977699704
00.0000000317194120968977699704
00.0000000317194120968977699704
00.0000000317194120968977699704
00.0000000317194120968977699704
00.0000000317194120968977699704
00.0000000317194120968977699704
00.0000000317194120968977699704
00.0000000317194120968977699704
00.0000000317194120968977699704
00.0000000317194120968977699704
00.0000000317194120968977699704
00.0000000317194120968977699704
00.0000000317194120968977699704
00.0000000317194120968977699704
00.0000000317194120968977699704
00.0000000317194120968977699704
00.0000000317194120968977699704
00.0000000317194120968977699704
00.0000000317194120968977699704
00.0000000317194120968977699704
00.0000000317194120968977699704
00.0000000317194120968977699704
00.0000000317194120968977699704
00.0000000317194120968977699704
00.0000000317194120968977699704
00.0000000317194120968977699704
00.0000000317194120968977699704
00.0000000317194120968977699704
00.0000000317194120968977699704
00.0000000317194120968977699704
00.0000000317194120968977699704
00.0000000317194120968977699704
00.0000000317194120968977699704
00.0000000317194120968977699704
00.0000000317194120968977699704
00.0000000317194120968977699704
00.0000000317194120968977699704
00.0000000317194120968977699704
00.0000000317194120968977699704
00.0000000317194120968977699704
00.0000000317194120968977699704
00.0000000317194120968977699704
00.0000000317194120968977699704
00.0000000317194120968977699704
00.0000000317194120968977699704
00.0000000317194120968977699704
00.0000000317194120968977699704
00.0000000317194120968977699704
00.0000000317194120968977699704
00.0000000317194120968977699704
00.0000000317194120968977699704
00.0000000317194120968977699704
00.0000000317194120968977699704
00.0000000317194120968977699704
00.0000000317194120968977699704
00.0000000317194120968977699704
00.0000000317194120968977699704
00.0000000317194120968977699704
00.0000000317194120968977699704
00.0000000317194120968977699704
00.0000000317194120968977699704
00.0000000317194120968977699704
00.0000000317194120968977699704
00.0000000317194120968977699704
00.0000000317194120968977699704
00.0000000317194120968977699704
00.0000000317194120968977699704
00.0000000317194120968977699704
00.0000000317194120968977699704
00.0000000317194120968977699704
00.0000000317194120968977699704
00.0000000317194120968977699704
00.0000000317194120968977699704
00.0000000317194120968977699704
00.0000000317194120968977699704
00.0000000317194120968977699704
00.0000000317194120968977699704
00.0000000317194120968977699704
00.0000000317194120968977699704
00.0000000317194120968977699704
00.0000000317194120968977699704
00.0000000317194120968977699704
00.0000000317194120968977699704
00.0000000317194120968977699704
00.0000000317194120968977699704
00.0000000317194120968977699704
00.0000000317194120968977699704
00.0000000317194120968977699704
00.0000000317194120968977699704
00.0000000317194120968977699704
00.0000000317194120968977699704
00.0000000317194120968977699704
00.0000000317194120968977699704
00.0000000317194120968977699704
00.0000000317194120968977699704
00.0000000317194120968977699704
00.0000000317194120968977699704
00.0000000317194120968977699704
00.0000000317194120968977699704
00.0000000317194120968977699704
00.0000000317194120968977699704
00.0000000317194120968977699704
00.0000000317194120968977699704
00.0000000317194120968977699704
00.0000000317194120968977699704
00.0000000317194120968977699704
00.0000000317194120968977699704
00.0000000317194120968977699704
00.0000000317194120968977699704
00.0000000317194120968977699704
00.0000000317194120968977699704
00.0000000317194120968977699704
00.0000000317194120968977699704
00.0000000317194120968977699704
00.0000000317194120968977699704
00.0000000317194120968977699704
00.0000000317194120968977699704
00.0000000317194120968977699704
00.0000000317194120968977699704
00.0000000317194120968977699704
00.0000000317194120968977699704
00.0000000317194120968977699704
00.0000000317194120968977699704
00.0000000317194120968977699704
00.0000000317194120968977699704
00.0000000317194120968977699704
00.0000000317194120968977699704
00.0000000317194120968977699704
00.0000000317194120968977699704
00.0000000317194120968977699704
00.0000000317194120968977699704
00.0000000317194120968977699704
00.0000000317194120968977699704
00.0000000317194120968977699704
00.0000000317194120968977699704
00.0000000317194120968977699704
00.0000000317194120968977699704
00.0000000317194120968977699704
00.0000000317194120968977699704
00.0000000317194120968977699704
00.0000000317194120968977699704
00.0000000317194120968977699704
00.0000000317194120968977699704
00.0000000317194120968977699704
00.0000000317194120968977699704
00.0000000317194120968977699704
00.0000000317194120968977699704
00.0000000317194120968977699704
00.0000000317194120968977699704
00.0000000317194120968977699704
00.0000000317194120968977699704
00.0000000317194120968977699704
00.0000000317194120968977699704
00.0000000317194120968977699704
00.0000000317194120968977699704
00.0000000317194120968977699704
00.0000000317194120968977699704
00.0000000317194120968977699704
00.0000000317194120968977699704
00.0000000317194120968977699704
00.0000000317194120968977699704
00.0000000317194120968977699704
00.0000000317194120968977699704
00.0000000317194120968977699704
00.0000000317194120968977699704
00.0000000317194120968977699704
00.0000000317194120968977699704
00.0000000317194120968977699704
00.0000000317194120968977699704
00.0000000317194120968977699704
00.0000000317194120968977699704
00.0000000317194120968977699704
00.0000000317194120968977699704
00.0000000317194120968977699704
00.0000000317194120968977699704
00.0000000317194120968977699704
00.0000000317194120968977699704
00.0000000317194120968977699704
00.0000000317194120968977699704
00.0000000317194120968977699704
00.0000000317194120968977699704
00.0000000317194120968977699704
00.0000000317194120968977699704
00.0000000317194120968977699704
00.0000000317194120968977699704
00.0000000317194120968977699704
00.0000000317194120968977699704
00.0000000317194120968977699704
00.0000000317194120968977699704
00.0000000317194120968977699704
00.0000000317194120968977699704
00.0000000317194120968977699704
00.0000000317194120968977699704
00.0000000317194120968977699704
00.0000000317194120968977699704
00.0000000317194120968977699704
00.0000000317194120968977699704
00.0000000317194120968977699704
00.0000000317194120968977699704
00.0000000317194120968977699704
00.0000000317194120968977699704
00.0000000317194120968977699704
00.0000000317194120968977699704
00.0000000317194120968977699704
00.0000000317194120968977699704
00.0000000317194120968977699704
00.0000000317194120968977699704
00.0000000317194120968977699704
00.0000000317194120968977699704
00.0000000317194120968977699704
00.0000000317194120968977699704
00.0000000317194120968977699704
00.0000000317194120968977699704
00.0000000317194120968977699704
00.0000000317194120968977699704
00.0000000317194120968977699704
00.0000000317194120968977699704
00.0000000317194120968977699704
00.0000000317194120968977699704
00.0000000317194120968977699704
00.0000000317194120968977699704
00.0000000317194120968977699704
00.0000000317194120968977699704
00.0000000317194120968977699704
00.0000000317194120968977699704
00.0000000317194120968977699704
00.0000000317194120968977699704
00.0000000317194120968977699704
00.0000000317194120968977699704
00.0000000317194120968977699704
00.0000000317194120968977699704
00.0000000317194120968977699704
00.0000000317194120968977699704
00.0000000317194120968977699704
00.0000000317194120968977699704
00.0000000317194120968977699704
00.0000000317194120968977699704
00.0000000317194120968977699704
00.0000000317194120968977699704
00.0000000317194120968977699704
00.0000000317194120968977699704
00.0000000317194120968977699704
00.0000000317194120968977699704
00.0000000317194120968977699704
00.0000000317194120968977699704
00.0000000317194120968977699704
00.0000000317194120968977699704
00.0000000317194120968977699704
00.0000000317194120968977699704
00.0000000317194120968977699704
00.0000000317194120968977699704
00.0000000317194120968977699704
00.0000000317194120968977699704
00.0000000317194120968977699704
00.0000000317194120968977699704
00.0000000317194120968977699704
00.0000000317194120968977699704
00.0000000317194120968977699704
00.0000000317194120968977699704
00.0000000317194120968977699704
00.0000000317194120968977699704
00.0000000317194120968977699704
00.0000000317194120968977699704
00.0000000317194120968977699704
00.0000000317194120968977699704
00.0000000317194120968977699704
00.0000000317194120968977699704
00.0000000317194120968977699704
00.0000000317194120968977699704
00.0000000317194120968977699704
00.0000000317194120968977699704
00.0000000317194120968977699704
00.0000000317194120968977699704
00.0000000317194120968977699704
00.0000000317194120968977699704
00.0000000317194120968977699704
00.0000000317194120968977699704
00.0000000317194120968977699704
00.0000000317194120968977699704
00.0000000317194120968977699704
00.0000000317194120968977699704
00.0000000317194120968977699704
00.0000000317194120968977699704
00.0000000317194120968977699704
00.0000000317194120968977699704
00.0000000317194120968977699704
00.0000000317194120968977699704
00.0000000317194120968977699704
00.0000000317194120968977699704
00.0000000317194120968977699704
00.0000000317194120968977699704
00.0000000317194120968977699704
00.0000000317194120968977699704
00.0000000317194120968977699704
00.0000000317194120968977699704
00.0000000317194120968977699704
00.0000000317194120968977699704
00.0000000317194120968977699704
00.0000000317194120968977699704
00.0000000317194120968977699704
00.0000000317194120968977699704
00.0000000317194120968977699704
00.0000000317194120968977699704
00.0000000317194120968977699704
00.0000000317194120968977699704
00.0000000317194120968977699704
00.0000000317194120968977699704
00.0000000317194120968977699704
00.0000000317194120968977699704
00.0000000317194120968977699704
00.0000000317194120968977699704
00.0000000317194120968977699704
00.0000000317194120968977699704
00.0000000317194120968977699704
00.0000000317194120968977699704
00.0000000317194120968977699704
00.0000000317194120968977699704
00.0000000317194120968977699704
00.0000000317194120968977699704
00.0000000317194120968977699704
00.0000000317194120968977699704
00.0000000317194120968977699704
00.0000000317194120968977699704
00.0000000317194120968977699704
00.0000000317194120968977699704
00.0000000317194120968977699704
00.0000000317194120968977699704
00.0000000317194120968977699704
00.0000000317194120968977699704
00.0000000317194120968977699704
00.0000000317194120968977699704
00.0000000317194120968977699704
00.0000000317194120968977699704
00.0000000317194120968977699704
00.0000000317194120968977699704
00.0000000317194120968977699704
00.0000000317194120968977699704
00.0000000317194120968977699704
00.0000000317194120968977699704
00.0000000317194120968977699704
00.0000000317194120968977699704
00.0000000317194120968977699704
00.0000000317194120968977699704
00.0000000317194120968977699704
00.0000000317194120968977699704
00.0000000317194120968977699704
00.0000000317194120968977699704
00.0000000317194120968977699704
00.0000000317194120968977699704
00.0000000317194120968977699704
00.0000000317194120968977699704
00.0000000317194120968977699704
00.0000000317194120968977699704
00.0000000317194120968977699704
00.0000000317194120968977699704
00.0000000317194120968977699704
00.0000000317194120968977699704
00.0000000317194120968977699704
00.0000000317194120968977699704
00.0000000317194120968977699704
00.0000000317194120968977699704
00.0000000317194120968977699704
00.0000000317194120968977699704
00.0000000317194120968977699704
00.0000000317194120968977699704
00.0000000317194120968977699704
00.0000000317194120968977699704
00.0000000317194120968977699704
00.0000000317194120968977699704
00.0000000317194120968977699704
00.0000000317194120968977699704
00.0000000317194120968977699704
00.0000000317194120968977699704
00.0000000317194120968977699704
00.0000000317194120968977699704
00.0000000317194120968977699704
00.0000000317194120968977699704
00.0000000317194120968977699704
00.0000000317194120968977699704
00.0000000317194120968977699704
00.0000000317194120968977699704
00.0000000317194120968977699704
00.0000000317194120968977699704
00.0000000317194120968977699704
00.0000000317194120968977699704
00.0000000317194120968977699704
00.0000000317194120968977699704
00.0000000317194120968977699704
00.0000000317194120968977699704
00.0000000317194120968977699704
00.0000000317194120968977699704
00.0000000317194120968977699704
00.0000000317194120968977699704
00.0000000317194120968977699704
00.0000000317194120968977699704
00.0000000317194120968977699704
00.0000000317194120968977699704
00.0000000317194120968977699704
00.0000000317194120968977699704
00.0000000317194120968977699704
00.0000000317194120968977699704
00.0000000317194120968977699704
00.0000000317194120968977699704
00.0000000317194120968977699704
00.0000000317194120968977699704
00.0000000317194120968977699704
00.0000000317194120968977699704
00.0000000317194120968977699704
00.0000000317194120968977699704
00.0000000317194120968977699704
00.0000000317194120968977699704
00.0000000317194120968977699704
00.0000000317194120968977699704
00.0000000317194120968977699704
00.0000000317194120968977699704
00.0000000317194120968977699704
00.0000000317194120968977699704
00.0000000317194120968977699704
00.0000000317194120968977699704
00.0000000317194120968977699704
00.0000000317194120968977699704
00.0000000317194120968977699704
00.0000000317194120968977699704
00.0000000317194120968977699704
00.0000000317194120968977699704
00.0000000317194120968977699704
00.0000000317194120968977699704
00.0000000317194120968977699704
00.0000000317194120968977699704
00.0000000317194120968977699704
00.0000000317194120968977699704
00.0000000317194120968977699704
00.0000000317194120968977699704
00.0000000317194120968977699704
00.0000000317194120968977699704
00.0000000317194120968977699704
00.0000000317194120968977699704
00.0000000317194120968977699704
00.0000000317194120968977699704
00.0000000317194120968977699704
00.0000000317194120968977699704
00.0000000317194120968977699704
00.0000000317194120968977699704
00.0000000317194120968977699704
00.0000000317194120968977699704
00.0000000317194120968977699704
00.0000000317194120968977699704
00.0000000317194120968977699704
00.0000000317194120968977699704
00.0000000317194120968977699704
00.0000000317194120968977699704
00.0000000317194120968977699704
00.0000000317194120968977699704
00.0000000317194120968977699704
00.0000000317194120968977699704
00.0000000317194120968977699704
00.0000000317194120968977699704
00.0000000317194120968977699704
00.0000000317194120968977699704
00.0000000317194120968977699704
00.0000000317194120968977699704
00.0000000317194120968977699704
00.0000000317194120968977699704
00.0000000317194120968977699704
00.0000000317194120968977699704
00.0000000317194120968977699704
00.0000000317194120968977699704
00.0000000317194120968977699704
00.0000000317194120968977699704
00.0000000317194120968977699704
00.0000000317194120968977699704
00.0000000317194120968977699704
00.0000000317194120968977699704
00.0000000317194120968977699704
00.0000000317194120968977699704
00.0000000317194120968977699704
00.0000000317194120968977699704
00.0000000317194120968977699704
00.0000000317194120968977699704
00.0000000317194120968977699704
00.0000000317194120968977699704
00.0000000317194120968977699704
00.0000000317194120968977699704
00.0000000317194120968977699704
00.0000000317194120968977699704
00.0000000317194120968977699704
00.0000000317194120968977699704
00.0000000317194120968977699704
00.0000000317194120968977699704
00.0000000317194120968977699704
00.0000000317194120968977699704
00.0000000317194120968977699704
00.0000000317194120968977699704
00.0000000317194120968977699704
00.0000000317194120968977699704
00.0000000317194120968977699704
00.0000000317194120968977699704
00.0000000317194120968977699704
00.0000000317194120968977699704
00.0000000317194120968977699704
00.0000000317194120968977699704
00.0000000317194120968977699704
00.0000000317194120968977699704
00.0000000317194120968977699704
00.0000000317194120968977699704
00.0000000317194120968977699704
00.0000000317194120968977699704
00.0000000317194120968977699704
00.0000000317194120968977699704
00.0000000317194120968977699704
00.0000000317194120968977699704
00.0000000317194120968977699704
00.0000000317194120968977699704
00.0000000317194120968977699704
00.0000000317194120968977699704
00.0000000317194120968977699704
00.0000000317194120968977699704
00.0000000317194120968977699704
00.0000000317194120968977699704
00.0000000317194120968977699704
00.0000000317194120968977699704
00.0000000317194120968977699704
00.0000000317194120968977699704
00.0000000317194120968977699704
00.0000000317194120968977699704
00.0000000317194120968977699704
00.0000000317194120968977699704
00.0000000317194120968977699704
00.0000000317194120968977699704
00.0000000317194120968977699704
00.0000000317194120968977699704
00.0000000317194120968977699704
00.0000000317194120968977699704
00.0000000317194120968977699704
00.0000000317194120968977699704
00.0000000317194120968977699704
00.0000000317194120968977699704
00.0000000317194120968977699704
00.0000000317194120968977699704
00.0000000317194120968977699704
00.0000000317194120968977699704
00.0000000317194120968977699704
00.0000000317194120968977699704
00.0000000317194120968977699704
00.0000000317194120968977699704
00.0000000317194120968977699704
00.0000000317194120968977699704
00.0000000317194120968977699704
00.0000000317194120968977699704
00.0000000317194120968977699704
00.0000000317194120968977699704
00.0000000317194120968977699704
00.0000000317194120968977699704
00.0000000317194120968977699704
00.0000000317194120968977699704
00.0000000317194120968977699704
00.0000000317194120968977699704
00.0000000317194120968977699704
00.0000000317194120968977699704
00.0000000317194120968977699704
00.0000000317194120968977699704
00.0000000317194120968977699704
00.0000000317194120968977699704
00.0000000317194120968977699704
00.0000000317194120968977699704
00.0000000317194120968977699704
00.0000000317194120968977699704
00.0000000317194120968977699704
00.0000000317194120968977699704
00.0000000317194120968977699704
00.0000000317194120968977699704
00.0000000317194120968977699704
00.0000000317194120968977699704
00.0000000317194120968977699704
00.0000000317194120968977699704
00.0000000317194120968977699704
00.0000000317194120968977699704
00.0000000317194120968977699704
00.0000000317194120968977699704
00.0000000317194120968977699704
00.0000000317194120968977699704
00.0000000317194120968977699704
00.0000000317194120968977699704
00.0000000317194120968977699704
00.0000000317194120968977699704
00.0000000317194120968977699704
00.0000000317194120968977699704
00.0000000317194120968977699704
00.0000000317194120968977699704
00.0000000317194120968977699704
00.0000000317194120968977699704
00.0000000317194120968977699704
00.0000000317194120968977699704
00.0000000317194120968977699704
00.0000000317194120968977699704
00.0000000317194120968977699704
00.0000000317194120968977699704
00.0000000317194120968977699704
00.0000000317194120968977699704
00.0000000317194120968977699704
00.0000000317194120968977699704
00.0000000317194120968977699704
00.0000000317194120968977699704
00.0000000317194120968977699704
00.0000000317194120968977699704
00.0000000317194120968977699704
00.0000000317194120968977699704
00.0000000317194120968977699704
00.0000000317194120968977699704
00.0000000317194120968977699704
00.0000000317194120968977699704
00.0000000317194120968977699704
00.0000000317194120968977699704
00.0000000317194120968977699704
00.0000000317194120968977699704
00.0000000317194120968977699704
00.0000000317194120968977699704
00.0000000317194120968977699704
00.0000000317194120968977699704
00.0000000317194120968977699704
00.0000000317194120968977699704
00.0000000317194120968977699704
00.0000000317194120968977699704
00.0000000317194120968977699704
00.0000000317194120968977699704
00.0000000317194120968977699704
00.0000000317194120968977699704
00.0000000317194120968977699704
00.0000000317194120968977699704
00.0000000317194120968977699704
00.0000000317194120968977699704
00.0000000317194120968977699704
00.0000000317194120968977699704
00.0000000317194120968977699704
00.0000000317194120968977699704
00.0000000317194120968977699704
00.0000000317194120968977699704
00.0000000317194120968977699704
00.0000000317194120968977699704
00.0000000317194120968977699704
00.0000000317194120968977699704
00.0000000317194120968977699704
00.0000000317194120968977699704
00.0000000317194120968977699704
00.0000000317194120968977699704
00.0000000317194120968977699704
00.0000000317194120968977699704
00.0000000317194120968977699704
00.0000000284210028844711359852
00.0000000284210028844711359852
00.0000000284210028844711359852
00.0000000284210028844711359852
00.0000000284210028844711359852
00.0000000284210028844711359852
00.0000000284210028844711359852
00.0000000284210028844711359852
00.0000000284210028844711359852
00.0000000284210028844711359852
00.0000000284210028844711359852
00.0000000284210028844711359852
00.0000000284210028844711359852
00.0000000284210028844711359852
00.0000000284210028844711359852
00.0000000284210028844711359852
00.0000000284210028844711359852
00.0000000284210028844711359852
00.0000000284210028844711359852
00.0000000284210028844711359852
00.0000000284210028844711359852
00.0000000284210028844711359852
00.0000000284210028844711359852
00.0000000284210028844711359852
00.0000000284210028844711359852
00.0000000284210028844711359852
00.0000000284210028844711359852
00.0000000284210028844711359852
00.0000000284210028844711359852
00.0000000284210028844711359852
00.0000000284210028844711359852
00.0000000284210028844711359852
00.0000000284210028844711359852
00.0000000284210028844711359852
00.0000000284210028844711359852
00.0000000284210028844711359852
00.0000000284210028844711359852
00.0000000284210028844711359852
00.0000000284210028844711359852
00.0000000284210028844711359852
00.0000000284210028844711359852
00.0000000284210028844711359852
00.0000000284210028844711359852
00.0000000284210028844711359852
00.0000000284210028844711359852
00.0000000284210028844711359852
00.0000000284210028844711359852
00.0000000284210028844711359852
00.0000000284210028844711359852
00.0000000284210028844711359852
00.0000000284210028844711359852
00.0000000284210028844711359852
00.0000000284210028844711359852
00.0000000284210028844711359852
00.0000000284210028844711359852
00.0000000284210028844711359852
00.0000000284210028844711359852
00.0000000284210028844711359852
00.0000000284210028844711359852
00.0000000284210028844711359852
00.0000000284210028844711359852
00.0000000284210028844711359852
00.0000000284210028844711359852
00.0000000284210028844711359852
00.0000000284210028844711359852
00.0000000284210028844711359852
00.0000000284210028844711359852
00.0000000284210028844711359852
00.0000000284210028844711359852
00.0000000284210028844711359852
00.0000000284210028844711359852
00.0000000284210028844711359852
00.0000000284210028844711359852
00.0000000284210028844711359852
00.0000000284210028844711359852
00.0000000284210028844711359852
00.0000000284210028844711359852
00.0000000284210028844711359852
00.0000000284210028844711359852
00.0000000284210028844711359852
00.0000000284210028844711359852
00.0000000284210028844711359852
00.0000000284210028844711359852
00.0000000284210028844711359852
00.0000000284210028844711359852
00.0000000284210028844711359852
00.0000000284210028844711359852
00.0000000284210028844711359852
00.0000000284210028844711359852
00.0000000284210028844711359852
00.0000000284210028844711359852
00.0000000284210028844711359852
00.0000000284210028844711359852
00.0000000284210028844711359852
00.0000000284210028844711359852
00.0000000284210028844711359852
00.0000000284210028844711359852
00.0000000284210028844711359852
00.0000000284210028844711359852
00.0000000284210028844711359852
00.0000000284210028844711359852
00.0000000284210028844711359852
00.0000000284210028844711359852
00.0000000284210028844711359852
00.0000000284210028844711359852
00.0000000284210028844711359852
00.0000000284210028844711359852
00.0000000284210028844711359852
00.0000000284210028844711359852
00.0000000284210028844711359852
00.0000000284210028844711359852
00.0000000284210028844711359852
00.0000000284210028844711359852
00.0000000284210028844711359852
00.0000000284210028844711359852
00.0000000284210028844711359852
00.0000000284210028844711359852
00.0000000284210028844711359852
00.0000000284210028844711359852
00.0000000284210028844711359852
00.0000000284210028844711359852
00.0000000284210028844711359852
00.0000000284210028844711359852
00.0000000284210028844711359852
00.0000000284210028844711359852
00.0000000284210028844711359852
00.0000000284210028844711359852
00.0000000284210028844711359852
00.0000000284210028844711359852
00.0000000284210028844711359852
00.0000000284210028844711359852
00.0000000284210028844711359852
00.0000000284210028844711359852
00.0000000284210028844711359852
00.0000000284210028844711359852
00.0000000284210028844711359852
00.0000000284210028844711359852
00.0000000284210028844711359852
00.0000000284210028844711359852
00.0000000284210028844711359852
00.0000000284210028844711359852
00.0000000284210028844711359852
00.0000000284210028844711359852
00.0000000284210028844711359852
00.0000000284210028844711359852
00.0000000284210028844711359852
00.0000000284210028844711359852
00.0000000284210028844711359852
00.0000000284210028844711359852
00.0000000284210028844711359852
00.0000000284210028844711359852
00.0000000284210028844711359852
00.0000000284210028844711359852
00.0000000284210028844711359852
00.0000000284210028844711359852
00.0000000284210028844711359852
00.0000000284210028844711359852
00.0000000284210028844711359852
00.0000000284210028844711359852
00.0000000284210028844711359852
00.0000000284210028844711359852
00.0000000284210028844711359852
00.0000000284210028844711359852
00.0000000284210028844711359852
00.0000000284210028844711359852
00.0000000284210028844711359852
00.0000000284210028844711359852
00.0000000284210028844711359852
00.0000000284210028844711359852
00.0000000284210028844711359852
00.0000000284210028844711359852
00.0000000284210028844711359852
00.0000000284210028844711359852
00.0000000284210028844711359852
00.0000000284210028844711359852
00.0000000284210028844711359852
00.0000000284210028844711359852
00.0000000284210028844711359852
00.0000000284210028844711359852
00.0000000284210028844711359852
00.0000000284210028844711359852
00.0000000284210028844711359852
00.0000000284210028844711359852
00.0000000284210028844711359852
00.0000000284210028844711359852
00.0000000284210028844711359852
00.0000000284210028844711359852
00.0000000284210028844711359852
00.0000000284210028844711359852
00.0000000284210028844711359852
00.0000000284210028844711359852
00.0000000284210028844711359852
00.0000000284210028844711359852
00.0000000284210028844711359852
00.0000000284210028844711359852
00.0000000284210028844711359852
00.0000000284210028844711359852
00.0000000284210028844711359852
00.0000000284210028844711359852
00.0000000284210028844711359852
00.0000000284210028844711359852
00.0000000284210028844711359852
00.0000000284210028844711359852
00.0000000284210028844711359852
00.0000000284210028844711359852
00.0000000284210028844711359852
00.0000000284210028844711359852
00.0000000284210028844711359852
00.0000000284210028844711359852
00.0000000284210028844711359852
00.0000000284210028844711359852
00.0000000284210028844711359852
00.0000000284210028844711359852
00.0000000284210028844711359852
00.0000000284210028844711359852
00.0000000284210028844711359852
00.0000000284210028844711359852
00.0000000284210028844711359852
00.0000000284210028844711359852
00.0000000284210028844711359852
00.0000000284210028844711359852
00.0000000284210028844711359852
00.0000000284210028844711359852
00.0000000284210028844711359852
00.0000000284210028844711359852
00.0000000284210028844711359852
00.0000000284210028844711359852
00.0000000284210028844711359852
00.0000000284210028844711359852
00.0000000284210028844711359852
00.0000000284210028844711359852
00.0000000284210028844711359852
00.0000000284210028844711359852
00.0000000284210028844711359852
00.0000000284210028844711359852
00.0000000284210028844711359852
00.0000000284210028844711359852
00.0000000284210028844711359852
00.0000000284210028844711359852
00.0000000284210028844711359852
00.0000000284210028844711359852
00.0000000284210028844711359852
00.0000000284210028844711359852
00.0000000284210028844711359852
00.0000000284210028844711359852
00.0000000284210028844711359852
00.0000000284210028844711359852
00.0000000284210028844711359852
00.0000000284210028844711359852
00.0000000284210028844711359852
00.0000000284210028844711359852
00.0000000284210028844711359852
00.0000000284210028844711359852
00.0000000284210028844711359852
00.0000000284210028844711359852
00.0000000284210028844711359852
00.0000000284210028844711359852
00.0000000284210028844711359852
00.0000000284210028844711359852
00.0000000284210028844711359852
00.0000000284210028844711359852
00.0000000284210028844711359852
00.0000000284210028844711359852
00.0000000284210028844711359852
00.0000000284210028844711359852
00.0000000284210028844711359852
00.0000000284210028844711359852
00.0000000284210028844711359852
00.0000000284210028844711359852
00.0000000284210028844711359852
00.0000000284210028844711359852
00.0000000284210028844711359852
00.0000000284210028844711359852
00.0000000284210028844711359852
00.0000000284210028844711359852
00.0000000284210028844711359852
00.0000000284210028844711359852
00.0000000284210028844711359852
00.0000000284210028844711359852
00.0000000284210028844711359852
00.0000000284210028844711359852
00.0000000284210028844711359852
00.0000000284210028844711359852
00.0000000284210028844711359852
00.0000000284210028844711359852
00.0000000284210028844711359852
00.0000000284210028844711359852
00.0000000284210028844711359852
00.0000000284210028844711359852
00.0000000284210028844711359852
00.0000000284210028844711359852
00.0000000284210028844711359852
00.0000000284210028844711359852
00.0000000284210028844711359852
00.0000000284210028844711359852
00.0000000284210028844711359852
00.0000000284210028844711359852
00.0000000284210028844711359852
00.0000000284210028844711359852
00.0000000284210028844711359852
00.0000000284210028844711359852
00.0000000284210028844711359852
00.0000000284210028844711359852
00.0000000284210028844711359852
00.0000000284210028844711359852
00.0000000284210028844711359852
00.0000000284210028844711359852
00.0000000284210028844711359852
00.0000000284210028844711359852
00.0000000284210028844711359852
00.0000000284210028844711359852
00.0000000284210028844711359852
00.0000000284210028844711359852
00.0000000284210028844711359852
00.0000000284210028844711359852
00.0000000284210028844711359852
00.0000000284210028844711359852
00.0000000284210028844711359852
00.0000000284210028844711359852
00.0000000284210028844711359852
00.0000000284210028844711359852
00.0000000284210028844711359852
00.0000000284210028844711359852
00.0000000284210028844711359852
00.0000000284210028844711359852
00.0000000284210028844711359852
00.0000000284210028844711359852
00.0000000284210028844711359852
00.0000000284210028844711359852
00.0000000284210028844711359852
00.0000000284210028844711359852
00.0000000284210028844711359852
00.0000000284210028844711359852
00.0000000284210028844711359852
00.0000000284210028844711359852
00.0000000284210028844711359852
00.0000000284210028844711359852
00.0000000284210028844711359852
00.0000000284210028844711359852
00.0000000284210028844711359852
00.0000000284210028844711359852
00.0000000284210028844711359852
00.0000000284210028844711359852
00.0000000284210028844711359852
00.0000000284210028844711359852
00.0000000284210028844711359852
00.0000000284210028844711359852
00.0000000284210028844711359852
00.0000000284210028844711359852
00.0000000284210028844711359852
00.0000000284210028844711359852
00.0000000284210028844711359852
00.0000000284210028844711359852
00.0000000284210028844711359852
00.0000000284210028844711359852
00.0000000284210028844711359852
00.0000000284210028844711359852
00.0000000284210028844711359852
00.0000000284210028844711359852
00.0000000284210028844711359852
00.0000000284210028844711359852
00.0000000284210028844711359852
00.0000000284210028844711359852
00.0000000284210028844711359852
00.0000000284210028844711359852
00.0000000284210028844711359852
00.0000000284210028844711359852
00.0000000284210028844711359852
00.0000000284210028844711359852
00.0000000284210028844711359852
00.0000000284210028844711359852
00.0000000284210028844711359852
00.0000000284210028844711359852
00.0000000284210028844711359852
00.0000000284210028844711359852
00.0000000284210028844711359852
00.0000000284210028844711359852
00.0000000284210028844711359852
00.0000000284210028844711359852
00.0000000284210028844711359852
00.0000000284210028844711359852
00.0000000284210028844711359852
00.0000000284210028844711359852
00.0000000284210028844711359852
00.0000000284210028844711359852
00.0000000284210028844711359852
00.0000000284210028844711359852
00.0000000284210028844711359852
00.0000000284210028844711359852
00.0000000284210028844711359852
00.0000000284210028844711359852
00.0000000284210028844711359852
00.0000000284210028844711359852
00.0000000284210028844711359852
00.0000000284210028844711359852
00.0000000284210028844711359852
00.0000000284210028844711359852
00.0000000284210028844711359852
00.0000000284210028844711359852
00.0000000284210028844711359852
00.0000000284210028844711359852
00.0000000284210028844711359852
00.0000000284210028844711359852
00.0000000284210028844711359852
00.0000000284210028844711359852
00.0000000284210028844711359852
00.0000000284210028844711359852
00.0000000284210028844711359852
00.0000000284210028844711359852
00.0000000284210028844711359852
00.0000000284210028844711359852
00.0000000284210028844711359852
00.0000000284210028844711359852
00.0000000284210028844711359852
00.0000000284210028844711359852
00.0000000284210028844711359852
00.0000000284210028844711359852
00.0000000284210028844711359852
00.0000000284210028844711359852
00.0000000284210028844711359852
00.0000000284210028844711359852
00.0000000284210028844711359852
00.0000000284210028844711359852
00.0000000284210028844711359852
00.0000000284210028844711359852
00.0000000284210028844711359852
00.0000000284210028844711359852
00.0000000284210028844711359852
00.0000000284210028844711359852
00.0000000284210028844711359852
00.0000000284210028844711359852
00.0000000284210028844711359852
00.0000000284210028844711359852
00.0000000284210028844711359852
00.0000000284210028844711359852
00.0000000284210028844711359852
00.0000000284210028844711359852
00.0000000284210028844711359852
00.0000000284210028844711359852
00.0000000284210028844711359852
00.0000000284210028844711359852
00.0000000284210028844711359852
00.0000000284210028844711359852
00.0000000284210028844711359852
00.0000000284210028844711359852
00.0000000284210028844711359852
00.0000000284210028844711359852
00.0000000284210028844711359852
00.0000000284210028844711359852
00.0000000284210028844711359852
00.0000000284210028844711359852
00.0000000284210028844711359852
00.0000000284210028844711359852
00.0000000284210028844711359852
00.0000000284210028844711359852
00.0000000284210028844711359852
00.0000000284210028844711359852
00.0000000284210028844711359852
00.0000000284210028844711359852
00.0000000284210028844711359852
00.0000000284210028844711359852
00.0000000284210028844711359852
00.0000000284210028844711359852
00.0000000284210028844711359852
00.0000000284210028844711359852
00.0000000284210028844711359852
00.0000000284210028844711359852
00.0000000284210028844711359852
00.0000000284210028844711359852
00.0000000284210028844711359852
00.0000000284210028844711359852
00.0000000284210028844711359852
00.0000000284210028844711359852
00.0000000284210028844711359852
00.0000000284210028844711359852
00.0000000284210028844711359852
00.0000000284210028844711359852
00.0000000284210028844711359852
00.0000000284210028844711359852
00.0000000284210028844711359852
00.0000000284210028844711359852
00.0000000284210028844711359852
00.0000000284210028844711359852
00.0000000284210028844711359852
00.0000000284210028844711359852
00.0000000284210028844711359852
00.0000000284210028844711359852
00.0000000284210028844711359852
00.0000000284210028844711359852
00.0000000284210028844711359852
00.0000000284210028844711359852
00.0000000284210028844711359852
00.0000000284210028844711359852
00.0000000284210028844711359852
00.0000000284210028844711359852
00.0000000284210028844711359852
00.0000000284210028844711359852
00.0000000284210028844711359852
00.0000000284210028844711359852
00.0000000284210028844711359852
00.0000000284210028844711359852
00.0000000284210028844711359852
00.0000000284210028844711359852
00.0000000284210028844711359852
00.0000000284210028844711359852
00.0000000284210028844711359852
00.0000000284210028844711359852
00.0000000284210028844711359852
00.0000000284210028844711359852
00.0000000284210028844711359852
00.0000000284210028844711359852
00.0000000284210028844711359852
00.0000000284210028844711359852
00.0000000284210028844711359852
00.0000000284210028844711359852
00.0000000284210028844711359852
00.0000000284210028844711359852
00.0000000284210028844711359852
00.0000000284210028844711359852
00.0000000284210028844711359852
00.0000000284210028844711359852
00.0000000284210028844711359852
00.0000000284210028844711359852
00.0000000284210028844711359852
00.0000000284210028844711359852
00.0000000284210028844711359852
00.0000000284210028844711359852
00.0000000284210028844711359852
00.0000000284210028844711359852
00.0000000284210028844711359852
00.0000000284210028844711359852
00.0000000284210028844711359852
00.0000000284210028844711359852
00.0000000284210028844711359852
00.0000000284210028844711359852
00.0000000284210028844711359852
00.0000000284210028844711359852
00.0000000284210028844711359852
00.0000000284210028844711359852
00.0000000284210028844711359852
00.0000000284210028844711359852
00.0000000284210028844711359852
00.0000000284210028844711359852
00.0000000284210028844711359852
00.0000000284210028844711359852
00.0000000284210028844711359852
00.0000000284210028844711359852
00.0000000284210028844711359852
00.0000000284210028844711359852
00.0000000284210028844711359852
00.0000000284210028844711359852
00.0000000284210028844711359852
00.0000000284210028844711359852
00.0000000284210028844711359852
00.0000000284210028844711359852
00.0000000284210028844711359852
00.0000000284210028844711359852
00.0000000284210028844711359852
00.0000000284210028844711359852
00.0000000284210028844711359852
00.0000000284210028844711359852
00.0000000284210028844711359852
00.0000000284210028844711359852
00.0000000284210028844711359852
00.0000000284210028844711359852
00.0000000284210028844711359852
00.0000000284210028844711359852
00.0000000284210028844711359852
00.0000000284210028844711359852
00.0000000284210028844711359852
00.0000000284210028844711359852
00.0000000284210028844711359852
00.0000000284210028844711359852
00.0000000284210028844711359852
00.0000000284210028844711359852
00.0000000284210028844711359852
00.0000000284210028844711359852
00.0000000284210028844711359852
00.0000000284210028844711359852
00.0000000284210028844711359852
00.0000000284210028844711359852
00.0000000284210028844711359852
00.0000000284210028844711359852
00.0000000284210028844711359852
00.0000000284210028844711359852
00.0000000284210028844711359852
00.0000000284210028844711359852
00.0000000284210028844711359852
00.0000000284210028844711359852
00.0000000284210028844711359852
00.0000000284210028844711359852
00.0000000284210028844711359852
00.0000000284210028844711359852
00.0000000284210028844711359852
00.0000000284210028844711359852
00.0000000284210028844711359852
00.0000000284210028844711359852
00.0000000284210028844711359852
00.0000000284210028844711359852
00.0000000284210028844711359852
00.0000000284210028844711359852
00.0000000284210028844711359852
00.0000000284210028844711359852
00.0000000284210028844711359852
00.0000000284210028844711359852
00.0000000284210028844711359852
00.0000000284210028844711359852
00.0000000284210028844711359852
00.0000000284210028844711359852
00.0000000284210028844711359852
00.0000000284210028844711359852
00.0000000284210028844711359852
00.0000000284210028844711359852
00.0000000284210028844711359852
00.0000000284210028844711359852
00.0000000284210028844711359852
00.0000000284210028844711359852
00.0000000284210028844711359852
00.0000000284210028844711359852
00.0000000284210028844711359852
00.0000000284210028844711359852
00.0000000284210028844711359852
00.0000000284210028844711359852
00.0000000284210028844711359852
00.0000000284210028844711359852
00.0000000284210028844711359852
00.0000000284210028844711359852
00.0000000284210028844711359852
00.0000000284210028844711359852
00.0000000284210028844711359852
00.0000000284210028844711359852
00.0000000284210028844711359852
00.0000000284210028844711359852
00.0000000284210028844711359852
00.0000000284210028844711359852
00.0000000284210028844711359852
00.0000000284210028844711359852
00.0000000284210028844711359852
00.0000000284210028844711359852
00.0000000284210028844711359852
00.0000000284210028844711359852
00.0000000284210028844711359852
00.0000000284210028844711359852
00.0000000284210028844711359852
00.0000000284210028844711359852
00.0000000284210028844711359852
00.0000000284210028844711359852
00.0000000284210028844711359852
00.0000000284210028844711359852
00.0000000284210028844711359852
00.0000000284210028844711359852
00.0000000284210028844711359852
00.0000000284210028844711359852
00.0000000284210028844711359852
00.0000000284210028844711359852
00.0000000284210028844711359852
00.0000000284210028844711359852
00.0000000284210028844711359852
00.0000000284210028844711359852
00.0000000284210028844711359852
00.0000000284210028844711359852
00.0000000284210028844711359852
00.0000000284210028844711359852
00.0000000284210028844711359852
00.0000000284210028844711359852
00.0000000284210028844711359852
00.0000000284210028844711359852
00.0000000284210028844711359852
00.0000000284210028844711359852
00.0000000284210028844711359852
00.0000000284210028844711359852
00.0000000284210028844711359852
00.0000000284210028844711359852
00.0000000284210028844711359852
00.0000000284210028844711359852
00.0000000284210028844711359852
00.0000000284210028844711359852
00.0000000284210028844711359852
00.0000000284210028844711359852
00.0000000284210028844711359852
00.0000000284210028844711359852
00.0000000284210028844711359852
00.0000000284210028844711359852
00.0000000284210028844711359852
00.0000000284210028844711359852
00.0000000284210028844711359852
00.0000000284210028844711359852
00.0000000284210028844711359852
00.0000000284210028844711359852
00.0000000284210028844711359852
00.0000000284210028844711359852
00.0000000284210028844711359852
00.0000000284210028844711359852
00.0000000284210028844711359852
00.0000000284210028844711359852
00.0000000284210028844711359852
00.0000000284210028844711359852
00.0000000284210028844711359852
00.0000000284210028844711359852
00.0000000284210028844711359852
00.0000000284210028844711359852
00.0000000284210028844711359852
00.0000000284210028844711359852
00.0000000284210028844711359852
00.0000000284210028844711359852
00.0000000284210028844711359852
00.0000000284210028844711359852
00.0000000284210028844711359852
00.0000000284210028844711359852
00.0000000284210028844711359852
00.0000000284210028844711359852
00.0000000284210028844711359852
00.0000000284210028844711359852
00.0000000284210028844711359852
00.0000000284210028844711359852
00.0000000284210028844711359852
00.0000000284210028844711359852
00.0000000284210028844711359852
00.0000000284210028844711359852
00.0000000284210028844711359852
00.0000000284210028844711359852
00.0000000284210028844711359852
00.0000000284210028844711359852
00.0000000284210028844711359852
00.0000000284210028844711359852
00.0000000284210028844711359852
00.0000000284210028844711359852
00.0000000284210028844711359852
00.0000000284210028844711359852
00.0000000284210028844711359852
00.0000000284210028844711359852
00.0000000284210028844711359852
00.0000000284210028844711359852
00.0000000284210028844711359852
00.0000000284210028844711359852
00.0000000284210028844711359852
00.0000000284210028844711359852
00.0000000284210028844711359852
00.0000000284210028844711359852
00.0000000284210028844711359852
00.0000000284210028844711359852
00.0000000284210028844711359852
00.0000000284210028844711359852
00.0000000284210028844711359852
00.0000000284210028844711359852
00.0000000284210028844711359852
00.0000000284210028844711359852
00.0000000284210028844711359852
00.0000000284210028844711359852
00.0000000284210028844711359852
00.0000000284210028844711359852
00.0000000284210028844711359852
00.0000000284210028844711359852
00.0000000284210028844711359852
00.0000000284210028844711359852
00.0000000284210028844711359852
00.0000000284210028844711359852
00.0000000284210028844711359852
00.0000000284210028844711359852
00.0000000284210028844711359852
00.0000000284210028844711359852
00.0000000284210028844711359852
00.0000000284210028844711359852
00.0000000284210028844711359852
00.0000000284210028844711359852
00.0000000284210028844711359852
00.0000000284210028844711359852
00.0000000284210028844711359852
00.0000000284210028844711359852
00.0000000284210028844711359852
00.0000000284210028844711359852
00.0000000284210028844711359852
00.0000000284210028844711359852
00.0000000284210028844711359852
00.0000000284210028844711359852
00.0000000284210028844711359852
00.0000000284210028844711359852
00.0000000284210028844711359852
00.0000000284210028844711359852
00.0000000284210028844711359852
00.0000000284210028844711359852
00.0000000284210028844711359852
00.0000000284210028844711359852
00.0000000284210028844711359852
00.0000000284210028844711359852
00.0000000284210028844711359852
00.0000000284210028844711359852
00.0000000284210028844711359852
00.0000000284210028844711359852
00.0000000284210028844711359852
00.0000000284210028844711359852
00.0000000284210028844711359852
00.0000000284210028844711359852
00.0000000284210028844711359852
00.0000000284210028844711359852
00.0000000284210028844711359852
00.0000000284210028844711359852
00.0000000284210028844711359852
00.0000000284210028844711359852
00.0000000284210028844711359852
00.0000000284210028844711359852
00.0000000284210028844711359852
00.0000000284210028844711359852
00.0000000284210028844711359852
00.0000000284210028844711359852
00.0000000284210028844711359852
00.0000000284210028844711359852
00.0000000284210028844711359852
00.0000000284210028844711359852
00.0000000284210028844711359852
00.0000000284210028844711359852
00.0000000284210028844711359852
00.0000000284210028844711359852
00.0000000284210028844711359852
00.0000000284210028844711359852
00.0000000284210028844711359852
00.0000000284210028844711359852
00.0000000284210028844711359852
00.0000000284210028844711359852
00.0000000284210028844711359852
00.0000000284210028844711359852
00.0000000284210028844711359852
00.0000000284210028844711359852
00.0000000284210028844711359852
00.0000000284210028844711359852
00.0000000284210028844711359852
00.0000000284210028844711359852
00.0000000284210028844711359852
00.0000000284210028844711359852
00.0000000284210028844711359852
00.0000000284210028844711359852
00.0000000284210028844711359852
00.0000000284210028844711359852
00.0000000284210028844711359852
00.0000000284210028844711359852
00.0000000284210028844711359852
00.0000000284210028844711359852
00.0000000284210028844711359852
00.0000000284210028844711359852
00.0000000284210028844711359852
00.0000000284210028844711359852
00.0000000284210028844711359852
00.0000000284210028844711359852
00.0000000284210028844711359852
00.0000000284210028844711359852
00.0000000284210028844711359852
00.0000000284210028844711359852
00.0000000284210028844711359852
00.0000000284210028844711359852
00.0000000284210028844711359852
00.0000000284210028844711359852
00.0000000284210028844711359852
00.0000000284210028844711359852
00.0000000284210028844711359852
00.0000000284210028844711359852
00.0000000284210028844711359852
00.0000000284210028844711359852
00.0000000284210028844711359852
00.0000000284210028844711359852
00.0000000284210028844711359852
00.0000000284210028844711359852
00.0000000284210028844711359852
00.0000000284210028844711359852
00.0000000284210028844711359852
00.0000000284210028844711359852
00.0000000284210028844711359852
00.0000000284210028844711359852
00.0000000284210028844711359852
00.0000000284210028844711359852
00.0000000284210028844711359852
00.0000000284210028844711359852
00.0000000284210028844711359852
00.0000000284210028844711359852
00.0000000284210028844711359852
00.0000000284210028844711359852
00.0000000284210028844711359852
00.0000000284210028844711359852
00.0000000284210028844711359852
00.0000000284210028844711359852
00.0000000284210028844711359852
00.0000000284210028844711359852
00.0000000284210028844711359852
00.0000000284210028844711359852
00.0000000284210028844711359852
00.0000000284210028844711359852
00.0000000284210028844711359852
00.0000000284210028844711359852
00.0000000284210028844711359852
00.0000000284210028844711359852
00.0000000284210028844711359852
00.0000000284210028844711359852
00.0000000284210028844711359852
00.0000000284210028844711359852
00.0000000284210028844711359852
00.0000000284210028844711359852
00.0000000284210028844711359852
00.0000000284210028844711359852
00.0000000284210028844711359852
00.0000000284210028844711359852
00.0000000284210028844711359852
00.0000000284210028844711359852
00.0000000284210028844711359852
00.0000000284210028844711359852
00.0000000284210028844711359852
00.0000000284210028844711359852
00.0000000284210028844711359852
00.0000000284210028844711359852
00.0000000284210028844711359852
00.0000000284210028844711359852
00.0000000284210028844711359852
00.0000000284210028844711359852
00.0000000284210028844711359852
00.0000000284210028844711359852
00.0000000284210028844711359852
00.0000000284210028844711359852
00.0000000284210028844711359852
00.0000000284210028844711359852
00.0000000284210028844711359852
00.0000000284210028844711359852
00.0000000284210028844711359852
00.0000000284210028844711359852
00.0000000284210028844711359852
00.0000000284210028844711359852
00.0000000284210028844711359852
00.0000000284210028844711359852
00.0000000284210028844711359852
00.0000000284210028844711359852
00.0000000284210028844711359852
00.0000000284210028844711359852
00.0000000284210028844711359852
00.0000000284210028844711359852
00.0000000284210028844711359852
00.0000000284210028844711359852
00.0000000284210028844711359852
00.0000000284210028844711359852
00.0000000284210028844711359852
00.0000000284210028844711359852
00.0000000284210028844711359852
00.0000000284210028844711359852
00.0000000284210028844711359852
00.0000000284210028844711359852
00.0000000284210028844711359852
00.0000000284210028844711359852
00.0000000284210028844711359852
00.0000000284210028844711359852
00.0000000284210028844711359852
00.0000000284210028844711359852
00.0000000284210028844711359852
00.0000000284210028844711359852
00.0000000284210028844711359852
00.0000000284210028844711359852
00.0000000284210028844711359852
00.0000000284210028844711359852
00.0000000284210028844711359852
00.0000000284210028844711359852
00.0000000284210028844711359852
00.0000000284210028844711359852
00.0000000284210028844711359852
00.0000000284210028844711359852
00.0000000284210028844711359852
00.0000000284210028844711359852
00.0000000284210028844711359852
00.0000000284210028844711359852
00.0000000284210028844711359852
00.0000000284210028844711359852
00.0000000284210028844711359852
00.0000000284210028844711359852
00.0000000284210028844711359852
00.0000000284210028844711359852
00.0000000284210028844711359852
00.0000000284210028844711359852
00.0000000284210028844711359852
00.0000000284210028844711359852
00.0000000284210028844711359852
00.0000000284210028844711359852
00.0000000284210028844711359852
00.0000000284210028844711359852
00.0000000284210028844711359852
00.0000000284210028844711359852
00.0000000284210028844711359852
00.0000000284210028844711359852
00.0000000284210028844711359852
00.0000000284210028844711359852
00.0000000284210028844711359852
00.0000000284210028844711359852
00.0000000284210028844711359852
00.0000000284210028844711359852
00.0000000284210028844711359852
00.0000000284210028844711359852
00.0000000284210028844711359852
00.0000000284210028844711359852
00.0000000284210028844711359852
00.0000000284210028844711359852
00.0000000284210028844711359852
00.0000000284210028844711359852
00.0000000284210028844711359852
00.0000000284210028844711359852
00.0000000284210028844711359852
00.0000000284210028844711359852
00.0000000284210028844711359852
00.0000000300259164198735106766
00.0000000300259164198735106766
00.0000000300259164198735106766
00.0000000300259164198735106766
00.0000000300259164198735106766
00.0000000300259164198735106766
00.0000000300259164198735106766
00.0000000300259164198735106766
00.0000000300259164198735106766
00.0000000300259164198735106766
00.0000000300259164198735106766
00.0000000300259164198735106766
00.0000000300259164198735106766
00.0000000300259164198735106766
00.0000000300259164198735106766
00.0000000300259164198735106766
00.0000000300259164198735106766
00.0000000300259164198735106766
00.0000000300259164198735106766
00.0000000300259164198735106766
00.0000000300259164198735106766
00.0000000300259164198735106766
00.0000000300259164198735106766
00.0000000300259164198735106766
00.0000000300259164198735106766
00.0000000300259164198735106766
00.0000000300259164198735106766
00.0000000300259164198735106766
00.0000000300259164198735106766
00.0000000300259164198735106766
00.0000000300259164198735106766
00.0000000300259164198735106766
00.0000000300259164198735106766
00.0000000300259164198735106766
00.0000000300259164198735106766
00.0000000300259164198735106766
00.0000000300259164198735106766
00.0000000300259164198735106766
00.0000000300259164198735106766
00.0000000300259164198735106766
00.0000000300259164198735106766
00.0000000300259164198735106766
00.0000000300259164198735106766
00.0000000300259164198735106766
00.0000000300259164198735106766
00.0000000300259164198735106766
00.0000000300259164198735106766
00.0000000300259164198735106766
00.0000000300259164198735106766
00.0000000300259164198735106766
00.0000000300259164198735106766
00.0000000300259164198735106766
00.0000000300259164198735106766
00.0000000300259164198735106766
00.0000000300259164198735106766
00.0000000300259164198735106766
00.0000000300259164198735106766
00.0000000300259164198735106766
00.0000000300259164198735106766
00.0000000300259164198735106766
00.0000000300259164198735106766
00.0000000300259164198735106766
00.0000000300259164198735106766
00.0000000300259164198735106766
00.0000000300259164198735106766
00.0000000300259164198735106766
00.0000000300259164198735106766
00.0000000300259164198735106766
00.0000000300259164198735106766
00.0000000300259164198735106766
00.0000000300259164198735106766
00.0000000300259164198735106766
00.0000000300259164198735106766
00.0000000300259164198735106766
00.0000000300259164198735106766
00.0000000300259164198735106766
00.0000000300259164198735106766
00.0000000300259164198735106766
00.0000000300259164198735106766
00.0000000300259164198735106766
00.0000000300259164198735106766
00.0000000300259164198735106766
00.0000000300259164198735106766
00.0000000300259164198735106766
00.0000000300259164198735106766
00.0000000300259164198735106766
00.0000000300259164198735106766
00.0000000300259164198735106766
00.0000000300259164198735106766
00.0000000300259164198735106766
00.0000000300259164198735106766
00.0000000300259164198735106766
00.0000000300259164198735106766
00.0000000300259164198735106766
00.0000000300259164198735106766
00.0000000300259164198735106766
00.0000000300259164198735106766
00.0000000300259164198735106766
00.0000000300259164198735106766
00.0000000300259164198735106766
00.0000000300259164198735106766
00.0000000300259164198735106766
00.0000000300259164198735106766
00.0000000300259164198735106766
00.0000000300259164198735106766
00.0000000300259164198735106766
00.0000000300259164198735106766
00.0000000300259164198735106766
00.0000000300259164198735106766
00.0000000300259164198735106766
00.0000000300259164198735106766
00.0000000300259164198735106766
00.0000000300259164198735106766
00.0000000300259164198735106766
00.0000000300259164198735106766
00.0000000300259164198735106766
00.0000000300259164198735106766
00.0000000300259164198735106766
00.0000000300259164198735106766
00.0000000300259164198735106766
00.0000000300259164198735106766
00.0000000300259164198735106766
00.0000000300259164198735106766
00.0000000300259164198735106766
00.0000000300259164198735106766
00.0000000300259164198735106766
00.0000000300259164198735106766
00.0000000300259164198735106766
00.0000000300259164198735106766
00.0000000300259164198735106766
00.0000000300259164198735106766
00.0000000300259164198735106766
00.0000000300259164198735106766
00.0000000300259164198735106766
00.0000000300259164198735106766
00.0000000300259164198735106766
00.0000000300259164198735106766
00.0000000300259164198735106766
00.0000000300259164198735106766
00.0000000300259164198735106766
00.0000000300259164198735106766
00.0000000300259164198735106766
00.0000000300259164198735106766
00.0000000300259164198735106766
00.0000000300259164198735106766
00.0000000300259164198735106766
00.0000000300259164198735106766
00.0000000300259164198735106766
00.0000000300259164198735106766
00.0000000300259164198735106766
00.0000000300259164198735106766
00.0000000300259164198735106766
00.0000000300259164198735106766
00.0000000300259164198735106766
00.0000000300259164198735106766
00.0000000300259164198735106766
00.0000000300259164198735106766
00.0000000300259164198735106766
00.0000000300259164198735106766
00.0000000300259164198735106766
00.0000000300259164198735106766
00.0000000300259164198735106766
00.0000000300259164198735106766
00.0000000300259164198735106766
00.0000000300259164198735106766
00.0000000300259164198735106766
00.0000000300259164198735106766
00.0000000300259164198735106766
00.0000000300259164198735106766
00.0000000300259164198735106766
00.0000000300259164198735106766
00.0000000300259164198735106766
00.0000000300259164198735106766
00.0000000300259164198735106766
00.0000000300259164198735106766
00.0000000300259164198735106766
00.0000000300259164198735106766
00.0000000300259164198735106766
00.0000000300259164198735106766
00.0000000300259164198735106766
00.0000000300259164198735106766
00.0000000300259164198735106766
00.0000000300259164198735106766
00.0000000300259164198735106766
00.0000000300259164198735106766
00.0000000300259164198735106766
00.0000000300259164198735106766
00.0000000300259164198735106766
00.0000000300259164198735106766
00.0000000300259164198735106766
00.0000000300259164198735106766
00.0000000300259164198735106766
00.0000000300259164198735106766
00.0000000300259164198735106766
00.0000000300259164198735106766
00.0000000300259164198735106766
00.0000000300259164198735106766
00.0000000300259164198735106766
00.0000000300259164198735106766
00.0000000300259164198735106766
00.0000000300259164198735106766
00.0000000300259164198735106766
00.0000000300259164198735106766
00.0000000300259164198735106766
00.0000000300259164198735106766
00.0000000300259164198735106766
00.0000000300259164198735106766
00.0000000300259164198735106766
00.0000000300259164198735106766
00.0000000300259164198735106766
00.0000000300259164198735106766
00.0000000300259164198735106766
00.0000000300259164198735106766
00.0000000300259164198735106766
00.0000000300259164198735106766
00.0000000300259164198735106766
00.0000000300259164198735106766
00.0000000300259164198735106766
00.0000000300259164198735106766
00.0000000300259164198735106766
00.0000000300259164198735106766
00.0000000300259164198735106766
00.0000000300259164198735106766
00.0000000300259164198735106766
00.0000000300259164198735106766
00.0000000300259164198735106766
00.0000000300259164198735106766
00.0000000300259164198735106766
00.0000000300259164198735106766
00.0000000300259164198735106766
00.0000000300259164198735106766
00.0000000300259164198735106766
00.0000000300259164198735106766
00.0000000300259164198735106766
00.0000000300259164198735106766
00.0000000300259164198735106766
00.0000000300259164198735106766
00.0000000300259164198735106766
00.0000000300259164198735106766
00.0000000300259164198735106766
00.0000000300259164198735106766
00.0000000300259164198735106766
00.0000000300259164198735106766
00.0000000300259164198735106766
00.0000000300259164198735106766
00.0000000300259164198735106766
00.0000000300259164198735106766
00.0000000300259164198735106766
00.0000000300259164198735106766
00.0000000300259164198735106766
00.0000000300259164198735106766
00.0000000300259164198735106766
00.0000000300259164198735106766
00.0000000300259164198735106766
00.0000000300259164198735106766
00.0000000300259164198735106766
00.0000000300259164198735106766
00.0000000300259164198735106766
00.0000000300259164198735106766
00.0000000300259164198735106766
00.0000000300259164198735106766
00.0000000300259164198735106766
00.0000000300259164198735106766
00.0000000300259164198735106766
00.0000000300259164198735106766
00.0000000300259164198735106766
00.0000000300259164198735106766
00.0000000300259164198735106766
00.0000000300259164198735106766
00.0000000300259164198735106766
00.0000000300259164198735106766
00.0000000300259164198735106766
00.0000000300259164198735106766
00.0000000300259164198735106766
00.0000000300259164198735106766
00.0000000300259164198735106766
00.0000000300259164198735106766
00.0000000300259164198735106766
00.0000000300259164198735106766
00.0000000300259164198735106766
00.0000000300259164198735106766
00.0000000300259164198735106766
00.0000000300259164198735106766
00.0000000300259164198735106766
00.0000000300259164198735106766
00.0000000300259164198735106766
00.0000000300259164198735106766
00.0000000300259164198735106766
00.0000000300259164198735106766
00.0000000300259164198735106766
00.0000000300259164198735106766
00.0000000300259164198735106766
00.0000000300259164198735106766
00.0000000300259164198735106766
00.0000000300259164198735106766
00.0000000300259164198735106766
00.0000000300259164198735106766
00.0000000300259164198735106766
00.0000000300259164198735106766
00.0000000300259164198735106766
00.0000000300259164198735106766
00.0000000300259164198735106766
00.0000000300259164198735106766
00.0000000300259164198735106766
00.0000000300259164198735106766
00.0000000300259164198735106766
00.0000000300259164198735106766
00.0000000300259164198735106766
00.0000000300259164198735106766
00.0000000300259164198735106766
00.0000000300259164198735106766
00.0000000300259164198735106766
00.0000000300259164198735106766
00.0000000300259164198735106766
00.0000000300259164198735106766
00.0000000300259164198735106766
00.0000000300259164198735106766
00.0000000300259164198735106766
00.0000000300259164198735106766
00.0000000300259164198735106766
00.0000000300259164198735106766
00.0000000300259164198735106766
00.0000000300259164198735106766
00.0000000300259164198735106766
00.0000000300259164198735106766
00.0000000300259164198735106766
00.0000000300259164198735106766
00.0000000300259164198735106766
00.0000000300259164198735106766
00.0000000300259164198735106766
00.0000000300259164198735106766
00.0000000300259164198735106766
00.0000000300259164198735106766
00.0000000300259164198735106766
00.0000000300259164198735106766
00.0000000300259164198735106766
00.0000000300259164198735106766
00.0000000300259164198735106766
00.0000000300259164198735106766
00.0000000300259164198735106766
00.0000000300259164198735106766
00.0000000300259164198735106766
00.0000000300259164198735106766
00.0000000300259164198735106766
00.0000000300259164198735106766
00.0000000300259164198735106766
00.0000000300259164198735106766
00.0000000300259164198735106766
00.0000000300259164198735106766
00.0000000300259164198735106766
00.0000000300259164198735106766
00.0000000300259164198735106766
00.0000000300259164198735106766
00.0000000300259164198735106766
00.0000000300259164198735106766
00.0000000300259164198735106766
00.0000000300259164198735106766
00.0000000300259164198735106766
00.0000000300259164198735106766
00.0000000300259164198735106766
00.0000000300259164198735106766
00.0000000300259164198735106766
00.0000000300259164198735106766
00.0000000300259164198735106766
00.0000000300259164198735106766
00.0000000300259164198735106766
00.0000000300259164198735106766
00.0000000300259164198735106766
00.0000000300259164198735106766
00.0000000300259164198735106766
00.0000000300259164198735106766
00.0000000300259164198735106766
00.0000000300259164198735106766
00.0000000300259164198735106766
00.0000000300259164198735106766
00.0000000300259164198735106766
00.0000000300259164198735106766
00.0000000300259164198735106766
00.0000000300259164198735106766
00.0000000300259164198735106766
00.0000000300259164198735106766
00.0000000300259164198735106766
00.0000000300259164198735106766
00.0000000300259164198735106766
00.0000000300259164198735106766
00.0000000300259164198735106766
00.0000000300259164198735106766
00.0000000300259164198735106766
00.0000000300259164198735106766
00.0000000300259164198735106766
00.0000000300259164198735106766
00.0000000300259164198735106766
00.0000000300259164198735106766
00.0000000300259164198735106766
00.0000000300259164198735106766
00.0000000300259164198735106766
00.0000000300259164198735106766
00.0000000300259164198735106766
00.0000000300259164198735106766
00.0000000300259164198735106766
00.0000000300259164198735106766
00.0000000300259164198735106766
00.0000000300259164198735106766
00.0000000300259164198735106766
00.0000000300259164198735106766
00.0000000300259164198735106766
00.0000000300259164198735106766
00.0000000300259164198735106766
00.0000000300259164198735106766
00.0000000300259164198735106766
00.0000000300259164198735106766
00.0000000300259164198735106766
00.0000000300259164198735106766
00.0000000300259164198735106766
00.0000000300259164198735106766
00.0000000300259164198735106766
00.0000000300259164198735106766
00.0000000300259164198735106766
00.0000000300259164198735106766
00.0000000300259164198735106766
00.0000000300259164198735106766
00.0000000300259164198735106766
00.0000000300259164198735106766
00.0000000300259164198735106766
00.0000000300259164198735106766
00.0000000300259164198735106766
00.0000000300259164198735106766
00.0000000300259164198735106766
00.0000000300259164198735106766
00.0000000300259164198735106766
00.0000000300259164198735106766
00.0000000300259164198735106766
00.0000000300259164198735106766
00.0000000300259164198735106766
00.0000000300259164198735106766
00.0000000300259164198735106766
00.0000000300259164198735106766
00.0000000300259164198735106766
00.0000000300259164198735106766
00.0000000300259164198735106766
00.0000000300259164198735106766
00.0000000300259164198735106766
00.0000000300259164198735106766
00.0000000300259164198735106766
00.0000000300259164198735106766
00.0000000300259164198735106766
00.0000000300259164198735106766
00.0000000300259164198735106766
00.0000000300259164198735106766
00.0000000300259164198735106766
00.0000000300259164198735106766
00.0000000300259164198735106766
00.0000000300259164198735106766
00.0000000300259164198735106766
00.0000000300259164198735106766
00.0000000300259164198735106766
00.0000000300259164198735106766
00.0000000300259164198735106766
00.0000000300259164198735106766
00.0000000300259164198735106766
00.0000000300259164198735106766
00.0000000300259164198735106766
00.0000000300259164198735106766
00.0000000300259164198735106766
00.0000000300259164198735106766
00.0000000300259164198735106766
00.0000000300259164198735106766
00.0000000300259164198735106766
00.0000000300259164198735106766
00.0000000300259164198735106766
00.0000000300259164198735106766
00.0000000300259164198735106766
00.0000000300259164198735106766
00.0000000300259164198735106766
00.0000000300259164198735106766
00.0000000300259164198735106766
00.0000000300259164198735106766
00.0000000300259164198735106766
00.0000000300259164198735106766
00.0000000300259164198735106766
00.0000000300259164198735106766
00.0000000300259164198735106766
00.0000000300259164198735106766
00.0000000300259164198735106766
00.0000000300259164198735106766
00.0000000300259164198735106766
00.0000000300259164198735106766
00.0000000300259164198735106766
00.0000000300259164198735106766
00.0000000300259164198735106766
00.0000000300259164198735106766
00.0000000300259164198735106766
00.0000000300259164198735106766
00.0000000300259164198735106766
00.0000000300259164198735106766
00.0000000300259164198735106766
00.0000000300259164198735106766
00.0000000300259164198735106766
00.0000000300259164198735106766
00.0000000300259164198735106766
00.0000000300259164198735106766
00.0000000300259164198735106766
00.0000000300259164198735106766
00.0000000300259164198735106766
00.0000000300259164198735106766
00.0000000300259164198735106766
00.0000000300259164198735106766
00.0000000300259164198735106766
00.0000000300259164198735106766
00.0000000300259164198735106766
00.0000000300259164198735106766
00.0000000300259164198735106766
00.0000000300259164198735106766
00.0000000300259164198735106766
00.0000000300259164198735106766
00.0000000300259164198735106766
00.0000000300259164198735106766
00.0000000300259164198735106766
00.0000000300259164198735106766
00.0000000300259164198735106766
00.0000000300259164198735106766
00.0000000300259164198735106766
00.0000000300259164198735106766
00.0000000300259164198735106766
00.0000000300259164198735106766
00.0000000300259164198735106766
00.0000000300259164198735106766
00.0000000300259164198735106766
00.0000000300259164198735106766
00.0000000300259164198735106766
00.0000000300259164198735106766
00.0000000300259164198735106766
00.0000000300259164198735106766
00.0000000300259164198735106766
00.0000000300259164198735106766
00.0000000300259164198735106766
00.0000000300259164198735106766
00.0000000300259164198735106766
00.0000000300259164198735106766
00.0000000300259164198735106766
00.0000000300259164198735106766
00.0000000300259164198735106766
00.0000000300259164198735106766
00.0000000300259164198735106766
00.0000000300259164198735106766
00.0000000300259164198735106766
00.0000000300259164198735106766
00.0000000300259164198735106766
00.0000000300259164198735106766
00.0000000300259164198735106766
00.0000000300259164198735106766
00.0000000300259164198735106766
00.0000000300259164198735106766
00.0000000300259164198735106766
00.0000000300259164198735106766
00.0000000300259164198735106766
00.0000000300259164198735106766
00.0000000300259164198735106766
00.0000000300259164198735106766
00.0000000300259164198735106766
00.0000000300259164198735106766
00.0000000300259164198735106766
00.0000000300259164198735106766
00.0000000300259164198735106766
00.0000000300259164198735106766
00.0000000300259164198735106766
00.0000000300259164198735106766
00.0000000300259164198735106766
00.0000000300259164198735106766
00.0000000300259164198735106766
00.0000000300259164198735106766
00.0000000300259164198735106766
00.0000000300259164198735106766
00.0000000300259164198735106766
00.0000000300259164198735106766
00.0000000300259164198735106766
00.0000000300259164198735106766
00.0000000300259164198735106766
00.0000000300259164198735106766
00.0000000300259164198735106766
00.0000000300259164198735106766
00.0000000300259164198735106766
00.0000000300259164198735106766
00.0000000300259164198735106766
00.0000000300259164198735106766
00.0000000300259164198735106766
00.0000000300259164198735106766
00.0000000300259164198735106766
00.0000000300259164198735106766
00.0000000300259164198735106766
00.0000000300259164198735106766
00.0000000300259164198735106766
00.0000000300259164198735106766
00.0000000300259164198735106766
00.0000000300259164198735106766
00.0000000300259164198735106766
00.0000000300259164198735106766
00.0000000300259164198735106766
00.0000000300259164198735106766
00.0000000300259164198735106766
00.0000000300259164198735106766
00.0000000300259164198735106766
00.0000000300259164198735106766
00.0000000300259164198735106766
00.0000000300259164198735106766
00.0000000300259164198735106766
00.0000000300259164198735106766
00.0000000300259164198735106766
00.0000000300259164198735106766
00.0000000300259164198735106766
00.0000000300259164198735106766
00.0000000300259164198735106766
00.0000000300259164198735106766
00.0000000300259164198735106766
00.0000000300259164198735106766
00.0000000300259164198735106766
00.0000000300259164198735106766
00.0000000300259164198735106766
00.0000000300259164198735106766
00.0000000300259164198735106766
00.0000000300259164198735106766
00.0000000300259164198735106766
00.0000000300259164198735106766
00.0000000300259164198735106766
00.0000000300259164198735106766
00.0000000300259164198735106766
00.0000000300259164198735106766
00.0000000300259164198735106766
00.0000000300259164198735106766
00.0000000300259164198735106766
00.0000000300259164198735106766
00.0000000300259164198735106766
00.0000000300259164198735106766
00.0000000300259164198735106766
00.0000000300259164198735106766
00.0000000300259164198735106766
00.0000000300259164198735106766
00.0000000300259164198735106766
00.0000000300259164198735106766
00.0000000300259164198735106766
00.0000000300259164198735106766
00.0000000300259164198735106766
00.0000000300259164198735106766
00.0000000300259164198735106766
00.0000000300259164198735106766
00.0000000300259164198735106766
00.0000000300259164198735106766
00.0000000300259164198735106766
00.0000000300259164198735106766
00.0000000300259164198735106766
00.0000000300259164198735106766
00.0000000300259164198735106766
00.0000000300259164198735106766
00.0000000300259164198735106766
00.0000000300259164198735106766
00.0000000300259164198735106766
00.0000000300259164198735106766
00.0000000300259164198735106766
00.0000000300259164198735106766
00.0000000300259164198735106766
00.0000000300259164198735106766
00.0000000300259164198735106766
00.0000000300259164198735106766
00.0000000300259164198735106766
00.0000000300259164198735106766
00.0000000300259164198735106766
00.0000000300259164198735106766
00.0000000300259164198735106766
00.0000000300259164198735106766
00.0000000300259164198735106766
00.0000000300259164198735106766
00.0000000300259164198735106766
00.0000000300259164198735106766
00.0000000300259164198735106766
00.0000000300259164198735106766
00.0000000300259164198735106766
00.0000000300259164198735106766
00.0000000300259164198735106766
00.0000000300259164198735106766
00.0000000300259164198735106766
00.0000000300259164198735106766
00.0000000300259164198735106766
00.0000000300259164198735106766
00.0000000300259164198735106766
00.0000000300259164198735106766
00.0000000300259164198735106766
00.0000000300259164198735106766
00.0000000300259164198735106766
00.0000000300259164198735106766
00.0000000300259164198735106766
00.0000000300259164198735106766
00.0000000300259164198735106766
00.0000000300259164198735106766
00.0000000300259164198735106766
00.0000000300259164198735106766
00.0000000300259164198735106766
00.0000000300259164198735106766
00.0000000300259164198735106766
00.0000000300259164198735106766
00.0000000300259164198735106766
00.0000000300259164198735106766
00.0000000300259164198735106766
00.0000000300259164198735106766
00.0000000300259164198735106766
00.0000000300259164198735106766
00.0000000300259164198735106766
00.0000000300259164198735106766
00.0000000300259164198735106766
00.0000000300259164198735106766
00.0000000300259164198735106766
00.0000000300259164198735106766
00.0000000300259164198735106766
00.0000000300259164198735106766
00.0000000300259164198735106766
00.0000000300259164198735106766
00.0000000300259164198735106766
00.0000000300259164198735106766
00.0000000300259164198735106766
00.0000000300259164198735106766
00.0000000300259164198735106766
00.0000000300259164198735106766
00.0000000300259164198735106766
00.0000000300259164198735106766
00.0000000300259164198735106766
00.0000000300259164198735106766
00.0000000300259164198735106766
00.0000000300259164198735106766
00.0000000300259164198735106766
00.0000000300259164198735106766
00.0000000300259164198735106766
00.0000000300259164198735106766
00.0000000300259164198735106766
00.0000000300259164198735106766
00.0000000300259164198735106766
00.0000000300259164198735106766
00.0000000300259164198735106766
00.0000000300259164198735106766
00.0000000300259164198735106766
00.0000000300259164198735106766
00.0000000300259164198735106766
00.0000000300259164198735106766
00.0000000300259164198735106766
00.0000000300259164198735106766
00.0000000300259164198735106766
00.0000000300259164198735106766
00.0000000300259164198735106766
00.0000000300259164198735106766
00.0000000300259164198735106766
00.0000000300259164198735106766
00.0000000300259164198735106766
00.0000000300259164198735106766
00.0000000300259164198735106766
00.0000000300259164198735106766
00.0000000300259164198735106766
00.0000000300259164198735106766
00.0000000300259164198735106766
00.0000000300259164198735106766
00.0000000300259164198735106766
00.0000000300259164198735106766
00.0000000300259164198735106766
00.0000000300259164198735106766
00.0000000300259164198735106766
00.0000000300259164198735106766
00.0000000300259164198735106766
00.0000000300259164198735106766
00.0000000300259164198735106766
00.0000000300259164198735106766
00.0000000300259164198735106766
00.0000000300259164198735106766
00.0000000300259164198735106766
00.0000000300259164198735106766
00.0000000300259164198735106766
00.0000000300259164198735106766
00.0000000300259164198735106766
00.0000000300259164198735106766
00.0000000300259164198735106766
00.0000000300259164198735106766
00.0000000300259164198735106766
00.0000000300259164198735106766
00.0000000300259164198735106766
00.0000000300259164198735106766
00.0000000300259164198735106766
00.0000000300259164198735106766
00.0000000300259164198735106766
00.0000000300259164198735106766
00.0000000300259164198735106766
00.0000000300259164198735106766
00.0000000300259164198735106766
00.0000000300259164198735106766
00.0000000300259164198735106766
00.0000000300259164198735106766
00.0000000300259164198735106766
00.0000000300259164198735106766
00.0000000300259164198735106766
00.0000000300259164198735106766
00.0000000300259164198735106766
00.0000000300259164198735106766
00.0000000300259164198735106766
00.0000000300259164198735106766
00.0000000300259164198735106766
00.0000000300259164198735106766
00.0000000300259164198735106766
00.0000000300259164198735106766
00.0000000300259164198735106766
00.0000000300259164198735106766
00.0000000300259164198735106766
00.0000000300259164198735106766
00.0000000300259164198735106766
00.0000000300259164198735106766
00.0000000300259164198735106766
00.0000000300259164198735106766
00.0000000300259164198735106766
00.0000000300259164198735106766
00.0000000300259164198735106766
00.0000000300259164198735106766
00.0000000300259164198735106766
00.0000000300259164198735106766
00.0000000300259164198735106766
00.0000000300259164198735106766
00.0000000300259164198735106766
00.0000000300259164198735106766
00.0000000300259164198735106766
00.0000000300259164198735106766
00.0000000300259164198735106766
00.0000000300259164198735106766
00.0000000300259164198735106766
00.0000000300259164198735106766
00.0000000300259164198735106766
00.0000000300259164198735106766
00.0000000300259164198735106766
00.0000000300259164198735106766
00.0000000300259164198735106766
00.0000000300259164198735106766
00.0000000300259164198735106766
00.0000000300259164198735106766
00.0000000300259164198735106766
00.0000000300259164198735106766
00.0000000300259164198735106766
00.0000000300259164198735106766
00.0000000300259164198735106766
00.0000000300259164198735106766
00.0000000300259164198735106766
00.0000000300259164198735106766
00.0000000300259164198735106766
00.0000000300259164198735106766
00.0000000300259164198735106766
00.0000000300259164198735106766
00.0000000300259164198735106766
00.0000000300259164198735106766
00.0000000300259164198735106766
00.0000000300259164198735106766
00.0000000300259164198735106766
00.0000000300259164198735106766
00.0000000300259164198735106766
00.0000000300259164198735106766
00.0000000300259164198735106766
00.0000000300259164198735106766
00.0000000300259164198735106766
00.0000000300259164198735106766
00.0000000300259164198735106766
00.0000000300259164198735106766
00.0000000300259164198735106766
00.0000000300259164198735106766
00.0000000300259164198735106766
00.0000000300259164198735106766
00.0000000300259164198735106766
00.0000000300259164198735106766
00.0000000300259164198735106766
00.0000000300259164198735106766
00.0000000300259164198735106766
00.0000000300259164198735106766
00.0000000300259164198735106766
00.0000000300259164198735106766
00.0000000300259164198735106766
00.0000000300259164198735106766
00.0000000300259164198735106766
00.0000000300259164198735106766
00.0000000300259164198735106766
00.0000000300259164198735106766
00.0000000300259164198735106766
00.0000000300259164198735106766
00.0000000300259164198735106766
00.0000000300259164198735106766
00.0000000300259164198735106766
00.0000000300259164198735106766
00.0000000300259164198735106766
00.0000000300259164198735106766
00.0000000300259164198735106766
00.0000000300259164198735106766
00.0000000300259164198735106766
00.0000000300259164198735106766
00.0000000300259164198735106766
00.0000000300259164198735106766
00.0000000300259164198735106766
00.0000000300259164198735106766
00.0000000300259164198735106766
00.0000000300259164198735106766
00.0000000300259164198735106766
00.0000000300259164198735106766
00.0000000300259164198735106766
00.0000000300259164198735106766
00.0000000300259164198735106766
00.0000000300259164198735106766
00.0000000300259164198735106766
00.0000000300259164198735106766
00.0000000300259164198735106766
00.0000000300259164198735106766
00.0000000300259164198735106766
00.0000000300259164198735106766
00.0000000300259164198735106766
00.0000000300259164198735106766
00.0000000300259164198735106766
00.0000000300259164198735106766
00.0000000300259164198735106766
00.0000000300259164198735106766
00.0000000300259164198735106766
00.0000000300259164198735106766
00.0000000300259164198735106766
00.0000000300259164198735106766
00.0000000300259164198735106766
00.0000000300259164198735106766
00.0000000300259164198735106766
00.0000000300259164198735106766
00.0000000300259164198735106766
00.0000000300259164198735106766
00.0000000300259164198735106766
00.0000000300259164198735106766
00.0000000300259164198735106766
00.0000000300259164198735106766
00.0000000300259164198735106766
00.0000000300259164198735106766
00.0000000300259164198735106766
00.0000000300259164198735106766
00.0000000300259164198735106766
00.0000000300259164198735106766
00.0000000300259164198735106766
00.0000000300259164198735106766
00.0000000300259164198735106766
00.0000000300259164198735106766
00.0000000300259164198735106766
00.0000000300259164198735106766
00.0000000300259164198735106766
00.0000000300259164198735106766
00.0000000300259164198735106766
00.0000000300259164198735106766
00.0000000300259164198735106766
00.0000000300259164198735106766
00.0000000300259164198735106766
00.0000000300259164198735106766
00.0000000300259164198735106766
00.0000000300259164198735106766
00.0000000300259164198735106766
00.0000000300259164198735106766
00.0000000300259164198735106766
00.0000000300259164198735106766
00.0000000300259164198735106766
00.0000000300259164198735106766
00.0000000300259164198735106766
00.0000000300259164198735106766
00.0000000300259164198735106766
00.0000000300259164198735106766
00.0000000300259164198735106766
00.0000000300259164198735106766
00.0000000300259164198735106766
00.0000000300259164198735106766
00.0000000300259164198735106766
00.0000000300259164198735106766
00.0000000300259164198735106766
00.0000000300259164198735106766
00.0000000300259164198735106766
00.0000000300259164198735106766
00.0000000300259164198735106766
00.0000000300259164198735106766
00.0000000300259164198735106766
00.0000000300259164198735106766
00.0000000300259164198735106766
00.0000000300259164198735106766
00.0000000300259164198735106766
00.0000000300259164198735106766
00.0000000300259164198735106766
00.0000000300259164198735106766
00.0000000300259164198735106766
00.0000000300259164198735106766
00.0000000300259164198735106766
00.0000000300259164198735106766
00.0000000300259164198735106766
00.0000000300259164198735106766
00.0000000300259164198735106766
00.0000000300259164198735106766
00.0000000300259164198735106766
00.0000000300259164198735106766
00.0000000300259164198735106766
00.0000000300259164198735106766
00.0000000300259164198735106766
00.0000000300259164198735106766
00.0000000300259164198735106766
00.0000000300259164198735106766
00.0000000300259164198735106766
00.0000000300259164198735106766
00.0000000300259164198735106766
00.0000000276503376861469973846
00.0000000276503376861469973846
00.0000000276503376861469973846
00.0000000276503376861469973846
00.0000000276503376861469973846
00.0000000276503376861469973846
00.0000000276503376861469973846
00.0000000276503376861469973846
00.0000000276503376861469973846
00.0000000276503376861469973846
00.0000000276503376861469973846
00.0000000276503376861469973846
00.0000000276503376861469973846
00.0000000276503376861469973846
00.0000000276503376861469973846
00.0000000276503376861469973846
00.0000000276503376861469973846
00.0000000276503376861469973846
00.0000000276503376861469973846
00.0000000276503376861469973846
00.0000000276503376861469973846
00.0000000276503376861469973846
00.0000000276503376861469973846
00.0000000276503376861469973846
00.0000000276503376861469973846
00.0000000276503376861469973846
00.0000000276503376861469973846
00.0000000276503376861469973846
00.0000000276503376861469973846
00.0000000276503376861469973846
00.0000000276503376861469973846
00.0000000276503376861469973846
00.0000000276503376861469973846
00.0000000276503376861469973846
00.0000000276503376861469973846
00.0000000276503376861469973846
00.0000000276503376861469973846
00.0000000276503376861469973846
00.0000000276503376861469973846
00.0000000276503376861469973846
00.0000000276503376861469973846
00.0000000276503376861469973846
00.0000000276503376861469973846
00.0000000276503376861469973846
00.0000000276503376861469973846
00.0000000276503376861469973846
00.0000000276503376861469973846
00.0000000276503376861469973846
00.0000000276503376861469973846
00.0000000276503376861469973846
00.0000000276503376861469973846
00.0000000276503376861469973846
00.0000000276503376861469973846
00.0000000276503376861469973846
00.0000000276503376861469973846
00.0000000276503376861469973846
00.0000000276503376861469973846
00.0000000276503376861469973846
00.0000000276503376861469973846
00.0000000276503376861469973846
00.0000000276503376861469973846
00.0000000276503376861469973846
00.0000000276503376861469973846
00.0000000276503376861469973846
00.0000000276503376861469973846
00.0000000276503376861469973846
00.0000000276503376861469973846
00.0000000276503376861469973846
00.0000000276503376861469973846
00.0000000276503376861469973846
00.0000000276503376861469973846
00.0000000276503376861469973846
00.0000000276503376861469973846
00.0000000276503376861469973846
00.0000000276503376861469973846
00.0000000276503376861469973846
00.0000000276503376861469973846
00.0000000276503376861469973846
00.0000000276503376861469973846
00.0000000276503376861469973846
00.0000000276503376861469973846
00.0000000276503376861469973846
00.0000000276503376861469973846
00.0000000276503376861469973846
00.0000000276503376861469973846
00.0000000276503376861469973846
00.0000000276503376861469973846
00.0000000276503376861469973846
00.0000000276503376861469973846
00.0000000276503376861469973846
00.0000000276503376861469973846
00.0000000276503376861469973846
00.0000000276503376861469973846
00.0000000276503376861469973846
00.0000000276503376861469973846
00.0000000276503376861469973846
00.0000000276503376861469973846
00.0000000276503376861469973846
00.0000000276503376861469973846
00.0000000276503376861469973846
00.0000000276503376861469973846
00.0000000276503376861469973846
00.0000000276503376861469973846
00.0000000276503376861469973846
00.0000000276503376861469973846
00.0000000276503376861469973846
00.0000000276503376861469973846
00.0000000276503376861469973846
00.0000000276503376861469973846
00.0000000276503376861469973846
00.0000000276503376861469973846
00.0000000276503376861469973846
00.0000000276503376861469973846
00.0000000276503376861469973846
00.0000000276503376861469973846
00.0000000276503376861469973846
00.0000000276503376861469973846
00.0000000276503376861469973846
00.0000000276503376861469973846
00.0000000276503376861469973846
00.0000000276503376861469973846
00.0000000276503376861469973846
00.0000000276503376861469973846
00.0000000276503376861469973846
00.0000000276503376861469973846
00.0000000276503376861469973846
00.0000000276503376861469973846
00.0000000276503376861469973846
00.0000000276503376861469973846
00.0000000276503376861469973846
00.0000000276503376861469973846
00.0000000276503376861469973846
00.0000000276503376861469973846
00.0000000276503376861469973846
00.0000000276503376861469973846
00.0000000276503376861469973846
00.0000000276503376861469973846
00.0000000276503376861469973846
00.0000000276503376861469973846
00.0000000276503376861469973846
00.0000000276503376861469973846
00.0000000276503376861469973846
00.0000000276503376861469973846
00.0000000276503376861469973846
00.0000000276503376861469973846
00.0000000276503376861469973846
00.0000000276503376861469973846
00.0000000276503376861469973846
00.0000000276503376861469973846
00.0000000276503376861469973846
00.0000000276503376861469973846
00.0000000276503376861469973846
00.0000000276503376861469973846
00.0000000276503376861469973846
00.0000000276503376861469973846
00.0000000276503376861469973846
00.0000000276503376861469973846
00.0000000276503376861469973846
00.0000000276503376861469973846
00.0000000276503376861469973846
00.0000000276503376861469973846
00.0000000276503376861469973846
00.0000000276503376861469973846
00.0000000276503376861469973846
00.0000000276503376861469973846
00.0000000276503376861469973846
00.0000000276503376861469973846
00.0000000276503376861469973846
00.0000000276503376861469973846
00.0000000276503376861469973846
00.0000000276503376861469973846
00.0000000276503376861469973846
00.0000000276503376861469973846
00.0000000276503376861469973846
00.0000000276503376861469973846
00.0000000276503376861469973846
00.0000000276503376861469973846
00.0000000276503376861469973846
00.0000000276503376861469973846
00.0000000276503376861469973846
00.0000000276503376861469973846
00.0000000276503376861469973846
00.0000000276503376861469973846
00.0000000276503376861469973846
00.0000000276503376861469973846
00.0000000276503376861469973846
00.0000000276503376861469973846
00.0000000276503376861469973846
00.0000000276503376861469973846
00.0000000276503376861469973846
00.0000000276503376861469973846
00.0000000276503376861469973846
00.0000000276503376861469973846
00.0000000276503376861469973846
00.0000000276503376861469973846
00.0000000276503376861469973846
00.0000000276503376861469973846
00.0000000276503376861469973846
00.0000000276503376861469973846
00.0000000276503376861469973846
00.0000000276503376861469973846
00.0000000276503376861469973846
00.0000000276503376861469973846
00.0000000276503376861469973846
00.0000000276503376861469973846
00.0000000276503376861469973846
00.0000000276503376861469973846
00.0000000276503376861469973846
00.0000000276503376861469973846
00.0000000276503376861469973846
00.0000000276503376861469973846
00.0000000276503376861469973846
00.0000000276503376861469973846
00.0000000276503376861469973846
00.0000000276503376861469973846
00.0000000276503376861469973846
00.0000000276503376861469973846
00.0000000276503376861469973846
00.0000000276503376861469973846
00.0000000276503376861469973846
00.0000000276503376861469973846
00.0000000276503376861469973846
00.0000000276503376861469973846
00.0000000276503376861469973846
00.0000000276503376861469973846
00.0000000276503376861469973846
00.0000000276503376861469973846
00.0000000276503376861469973846
00.0000000276503376861469973846
00.0000000276503376861469973846
00.0000000276503376861469973846
00.0000000276503376861469973846
00.0000000276503376861469973846
00.0000000276503376861469973846
00.0000000276503376861469973846
00.0000000276503376861469973846
00.0000000276503376861469973846
00.0000000276503376861469973846
00.0000000276503376861469973846
00.0000000276503376861469973846
00.0000000276503376861469973846
00.0000000276503376861469973846
00.0000000276503376861469973846
00.0000000276503376861469973846
00.0000000276503376861469973846
00.0000000276503376861469973846
00.0000000276503376861469973846
00.0000000276503376861469973846
00.0000000276503376861469973846
00.0000000276503376861469973846
00.0000000276503376861469973846
00.0000000276503376861469973846
00.0000000276503376861469973846
00.0000000276503376861469973846
00.0000000276503376861469973846
00.0000000276503376861469973846
00.0000000276503376861469973846
00.0000000276503376861469973846
00.0000000276503376861469973846
00.0000000276503376861469973846
00.0000000276503376861469973846
00.0000000276503376861469973846
00.0000000276503376861469973846
00.0000000276503376861469973846
00.0000000276503376861469973846
00.0000000276503376861469973846
00.0000000276503376861469973846
00.0000000276503376861469973846
00.0000000276503376861469973846
00.0000000276503376861469973846
00.0000000276503376861469973846
00.0000000276503376861469973846
00.0000000276503376861469973846
00.0000000276503376861469973846
00.0000000276503376861469973846
00.0000000276503376861469973846
00.0000000276503376861469973846
00.0000000276503376861469973846
00.0000000276503376861469973846
00.0000000276503376861469973846
00.0000000276503376861469973846
00.0000000276503376861469973846
00.0000000276503376861469973846
00.0000000276503376861469973846
00.0000000276503376861469973846
00.0000000276503376861469973846
00.0000000276503376861469973846
00.0000000276503376861469973846
00.0000000276503376861469973846
00.0000000276503376861469973846
00.0000000276503376861469973846
00.0000000276503376861469973846
00.0000000276503376861469973846
00.0000000276503376861469973846
00.0000000276503376861469973846
00.0000000276503376861469973846
00.0000000276503376861469973846
00.0000000276503376861469973846
00.0000000276503376861469973846
00.0000000276503376861469973846
00.0000000276503376861469973846
00.0000000276503376861469973846
00.0000000276503376861469973846
00.0000000276503376861469973846
00.0000000276503376861469973846
00.0000000276503376861469973846
00.0000000276503376861469973846
00.0000000276503376861469973846
00.0000000276503376861469973846
00.0000000276503376861469973846
00.0000000276503376861469973846
00.0000000276503376861469973846
00.0000000276503376861469973846
00.0000000276503376861469973846
00.0000000276503376861469973846
00.0000000276503376861469973846
00.0000000276503376861469973846
00.0000000276503376861469973846
00.0000000276503376861469973846
00.0000000276503376861469973846
00.0000000276503376861469973846
00.0000000276503376861469973846
00.0000000276503376861469973846
00.0000000276503376861469973846
00.0000000276503376861469973846
00.0000000276503376861469973846
00.0000000276503376861469973846
00.0000000276503376861469973846
00.0000000276503376861469973846
00.0000000276503376861469973846
00.0000000276503376861469973846
00.0000000276503376861469973846
00.0000000276503376861469973846
00.0000000276503376861469973846
00.0000000276503376861469973846
00.0000000276503376861469973846
00.0000000276503376861469973846
00.0000000276503376861469973846
00.0000000276503376861469973846
00.0000000276503376861469973846
00.0000000276503376861469973846
00.0000000276503376861469973846
00.0000000276503376861469973846
00.0000000276503376861469973846
00.0000000276503376861469973846
00.0000000276503376861469973846
00.0000000276503376861469973846
00.0000000276503376861469973846
00.0000000276503376861469973846
00.0000000276503376861469973846
00.0000000276503376861469973846
00.0000000276503376861469973846
00.0000000276503376861469973846
00.0000000276503376861469973846
00.0000000276503376861469973846
00.0000000276503376861469973846
00.0000000276503376861469973846
00.0000000276503376861469973846
00.0000000276503376861469973846
00.0000000276503376861469973846
00.0000000276503376861469973846
00.0000000276503376861469973846
00.0000000276503376861469973846
00.0000000276503376861469973846
00.0000000276503376861469973846
00.0000000276503376861469973846
00.0000000276503376861469973846
00.0000000276503376861469973846
00.0000000276503376861469973846
00.0000000276503376861469973846
00.0000000276503376861469973846
00.0000000276503376861469973846
00.0000000276503376861469973846
00.0000000276503376861469973846
00.0000000276503376861469973846
00.0000000276503376861469973846
00.0000000276503376861469973846
00.0000000276503376861469973846
00.0000000276503376861469973846
00.0000000276503376861469973846
00.0000000276503376861469973846
00.0000000276503376861469973846
00.0000000276503376861469973846
00.0000000276503376861469973846
00.0000000276503376861469973846
00.0000000276503376861469973846
00.0000000276503376861469973846
00.0000000276503376861469973846
00.0000000276503376861469973846
00.0000000276503376861469973846
00.0000000276503376861469973846
00.0000000276503376861469973846
00.0000000276503376861469973846
00.0000000276503376861469973846
00.0000000276503376861469973846
00.0000000276503376861469973846
00.0000000276503376861469973846
00.0000000276503376861469973846
00.0000000276503376861469973846
00.0000000276503376861469973846
00.0000000276503376861469973846
00.0000000276503376861469973846
00.0000000276503376861469973846
00.0000000276503376861469973846
00.0000000276503376861469973846
00.0000000276503376861469973846
00.0000000276503376861469973846
00.0000000276503376861469973846
00.0000000276503376861469973846
00.0000000276503376861469973846
00.0000000276503376861469973846
00.0000000276503376861469973846
00.0000000276503376861469973846
00.0000000276503376861469973846
00.0000000276503376861469973846
00.0000000276503376861469973846
00.0000000276503376861469973846
00.0000000276503376861469973846
00.0000000276503376861469973846
00.0000000276503376861469973846
00.0000000276503376861469973846
00.0000000276503376861469973846
00.0000000276503376861469973846
00.0000000276503376861469973846
00.0000000276503376861469973846
00.0000000276503376861469973846
00.0000000276503376861469973846
00.0000000276503376861469973846
00.0000000276503376861469973846
00.0000000276503376861469973846
00.0000000276503376861469973846
00.0000000276503376861469973846
00.0000000276503376861469973846
00.0000000276503376861469973846
00.0000000276503376861469973846
00.0000000276503376861469973846
00.0000000276503376861469973846
00.0000000276503376861469973846
00.0000000276503376861469973846
00.0000000276503376861469973846
00.0000000276503376861469973846
00.0000000276503376861469973846
00.0000000276503376861469973846
00.0000000276503376861469973846
00.0000000276503376861469973846
00.0000000276503376861469973846
00.0000000276503376861469973846
00.0000000276503376861469973846
00.0000000276503376861469973846
00.0000000276503376861469973846
00.0000000276503376861469973846
00.0000000276503376861469973846
00.0000000276503376861469973846
00.0000000276503376861469973846
00.0000000276503376861469973846
00.0000000276503376861469973846
00.0000000276503376861469973846
00.0000000276503376861469973846
00.0000000276503376861469973846
00.0000000276503376861469973846
00.0000000276503376861469973846
00.0000000276503376861469973846
00.0000000276503376861469973846
00.0000000276503376861469973846
00.0000000276503376861469973846
00.0000000276503376861469973846
00.0000000276503376861469973846
00.0000000276503376861469973846
00.0000000276503376861469973846
00.0000000276503376861469973846
00.0000000276503376861469973846
00.0000000276503376861469973846
00.0000000276503376861469973846
00.0000000276503376861469973846
00.0000000276503376861469973846
00.0000000276503376861469973846
00.0000000276503376861469973846
00.0000000276503376861469973846
00.0000000276503376861469973846
00.0000000276503376861469973846
00.0000000276503376861469973846
00.0000000276503376861469973846
00.0000000276503376861469973846
00.0000000276503376861469973846
00.0000000276503376861469973846
00.0000000276503376861469973846
00.0000000276503376861469973846
00.0000000276503376861469973846
00.0000000276503376861469973846
00.0000000276503376861469973846
00.0000000276503376861469973846
00.0000000276503376861469973846
00.0000000276503376861469973846
00.0000000276503376861469973846
00.0000000276503376861469973846
00.0000000276503376861469973846
00.0000000276503376861469973846
00.0000000276503376861469973846
00.0000000276503376861469973846
00.0000000276503376861469973846
00.0000000276503376861469973846
00.0000000276503376861469973846
00.0000000276503376861469973846
00.0000000276503376861469973846
00.0000000276503376861469973846
00.0000000276503376861469973846
00.0000000276503376861469973846
00.0000000276503376861469973846
00.0000000276503376861469973846
00.0000000276503376861469973846
00.0000000276503376861469973846
00.0000000276503376861469973846
00.0000000276503376861469973846
00.0000000276503376861469973846
00.0000000276503376861469973846
00.0000000276503376861469973846
00.0000000276503376861469973846
00.0000000276503376861469973846
00.0000000276503376861469973846
00.0000000276503376861469973846
00.0000000276503376861469973846
00.0000000276503376861469973846
00.0000000276503376861469973846
00.0000000276503376861469973846
00.0000000276503376861469973846
00.0000000276503376861469973846
00.0000000276503376861469973846
00.0000000276503376861469973846
00.0000000276503376861469973846
00.0000000276503376861469973846
00.0000000276503376861469973846
00.0000000276503376861469973846
00.0000000276503376861469973846
00.0000000276503376861469973846
00.0000000276503376861469973846
00.0000000276503376861469973846
00.0000000276503376861469973846
00.0000000276503376861469973846
00.0000000276503376861469973846
00.0000000276503376861469973846
00.0000000276503376861469973846
00.0000000276503376861469973846
00.0000000276503376861469973846
00.0000000276503376861469973846
00.0000000276503376861469973846
00.0000000276503376861469973846
00.0000000276503376861469973846
00.0000000276503376861469973846
00.0000000276503376861469973846
00.0000000276503376861469973846
00.0000000276503376861469973846
00.0000000276503376861469973846
00.0000000276503376861469973846
00.0000000276503376861469973846
00.0000000276503376861469973846
00.0000000276503376861469973846
00.0000000276503376861469973846
00.0000000276503376861469973846
00.0000000276503376861469973846
00.0000000276503376861469973846
00.0000000276503376861469973846
00.0000000276503376861469973846
00.0000000276503376861469973846
00.0000000276503376861469973846
00.0000000276503376861469973846
00.0000000276503376861469973846
00.0000000276503376861469973846
00.0000000276503376861469973846
00.0000000276503376861469973846
00.0000000276503376861469973846
00.0000000276503376861469973846
00.0000000276503376861469973846
00.0000000276503376861469973846
00.0000000276503376861469973846
00.0000000276503376861469973846
00.0000000276503376861469973846
00.0000000276503376861469973846
00.0000000276503376861469973846
00.0000000276503376861469973846
00.0000000276503376861469973846
00.0000000276503376861469973846
00.0000000276503376861469973846
00.0000000276503376861469973846
00.0000000276503376861469973846
00.0000000276503376861469973846
00.0000000276503376861469973846
00.0000000276503376861469973846
00.0000000276503376861469973846
00.0000000276503376861469973846
00.0000000276503376861469973846
00.0000000276503376861469973846
00.0000000276503376861469973846
00.0000000276503376861469973846
00.0000000276503376861469973846
00.0000000276503376861469973846
00.0000000276503376861469973846
00.0000000276503376861469973846
00.0000000276503376861469973846
00.0000000276503376861469973846
00.0000000276503376861469973846
00.0000000276503376861469973846
00.0000000276503376861469973846
00.0000000276503376861469973846
00.0000000276503376861469973846
00.0000000276503376861469973846
00.0000000276503376861469973846
00.0000000276503376861469973846
00.0000000276503376861469973846
00.0000000276503376861469973846
00.0000000276503376861469973846
00.0000000276503376861469973846
00.0000000276503376861469973846
00.0000000276503376861469973846
00.0000000276503376861469973846
00.0000000276503376861469973846
00.0000000276503376861469973846
00.0000000276503376861469973846
00.0000000276503376861469973846
00.0000000276503376861469973846
00.0000000276503376861469973846
00.0000000276503376861469973846
00.0000000276503376861469973846
00.0000000276503376861469973846
00.0000000276503376861469973846
00.0000000276503376861469973846
00.0000000276503376861469973846
00.0000000276503376861469973846
00.0000000276503376861469973846
00.0000000276503376861469973846
00.0000000276503376861469973846
00.0000000276503376861469973846
00.0000000276503376861469973846
00.0000000276503376861469973846
00.0000000276503376861469973846
00.0000000276503376861469973846
00.0000000276503376861469973846
00.0000000276503376861469973846
00.0000000276503376861469973846
00.0000000276503376861469973846
00.0000000276503376861469973846
00.0000000276503376861469973846
00.0000000276503376861469973846
00.0000000276503376861469973846
00.0000000276503376861469973846
00.0000000276503376861469973846
00.0000000276503376861469973846
00.0000000276503376861469973846
00.0000000276503376861469973846
00.0000000276503376861469973846
00.0000000276503376861469973846
00.0000000276503376861469973846
00.0000000276503376861469973846
00.0000000276503376861469973846
00.0000000276503376861469973846
00.0000000276503376861469973846
00.0000000276503376861469973846
00.0000000276503376861469973846
00.0000000276503376861469973846
00.0000000276503376861469973846
00.0000000276503376861469973846
00.0000000276503376861469973846
00.0000000276503376861469973846
00.0000000276503376861469973846
00.0000000276503376861469973846
00.0000000276503376861469973846
00.0000000276503376861469973846
00.0000000276503376861469973846
00.0000000276503376861469973846
00.0000000276503376861469973846
00.0000000276503376861469973846
00.0000000276503376861469973846
00.0000000276503376861469973846
00.0000000276503376861469973846
00.0000000276503376861469973846
00.0000000276503376861469973846
00.0000000276503376861469973846
00.0000000276503376861469973846
00.0000000276503376861469973846
00.0000000276503376861469973846
00.0000000276503376861469973846
00.0000000276503376861469973846
00.0000000276503376861469973846
00.0000000276503376861469973846
00.0000000276503376861469973846
00.0000000276503376861469973846
00.0000000276503376861469973846
00.0000000276503376861469973846
00.0000000276503376861469973846
00.0000000276503376861469973846
00.0000000276503376861469973846
00.0000000276503376861469973846
00.0000000276503376861469973846
00.0000000276503376861469973846
00.0000000276503376861469973846
00.0000000276503376861469973846
00.0000000276503376861469973846
00.0000000276503376861469973846
00.0000000276503376861469973846
00.0000000276503376861469973846
00.0000000276503376861469973846
00.0000000276503376861469973846
00.0000000276503376861469973846
00.0000000276503376861469973846
00.0000000276503376861469973846
00.0000000276503376861469973846
00.0000000276503376861469973846
00.0000000276503376861469973846
00.0000000276503376861469973846
00.0000000276503376861469973846
00.0000000276503376861469973846
00.0000000276503376861469973846
00.0000000276503376861469973846
00.0000000276503376861469973846
00.0000000276503376861469973846
00.0000000276503376861469973846
00.0000000276503376861469973846
00.0000000276503376861469973846
00.0000000276503376861469973846
00.0000000276503376861469973846
00.0000000276503376861469973846
00.0000000276503376861469973846
00.0000000276503376861469973846
00.0000000276503376861469973846
00.0000000276503376861469973846
00.0000000276503376861469973846
00.0000000276503376861469973846
00.0000000276503376861469973846
00.0000000276503376861469973846
00.0000000276503376861469973846
00.0000000276503376861469973846
00.0000000276503376861469973846
00.0000000276503376861469973846
00.0000000276503376861469973846
00.0000000276503376861469973846
00.0000000276503376861469973846
00.0000000276503376861469973846
00.0000000276503376861469973846
00.0000000276503376861469973846
00.0000000276503376861469973846
00.0000000276503376861469973846
00.0000000276503376861469973846
00.0000000276503376861469973846
00.0000000276503376861469973846
00.0000000276503376861469973846
00.0000000276503376861469973846
00.0000000276503376861469973846
00.0000000276503376861469973846
00.0000000276503376861469973846
00.0000000276503376861469973846
00.0000000276503376861469973846
00.0000000276503376861469973846
00.0000000276503376861469973846
00.0000000276503376861469973846
00.0000000276503376861469973846
00.0000000276503376861469973846
00.0000000276503376861469973846
00.0000000276503376861469973846
00.0000000276503376861469973846
00.0000000276503376861469973846
00.0000000276503376861469973846
00.0000000276503376861469973846
00.0000000276503376861469973846
00.0000000276503376861469973846
00.0000000276503376861469973846
00.0000000276503376861469973846
00.0000000276503376861469973846
00.0000000276503376861469973846
00.0000000276503376861469973846
00.0000000276503376861469973846
00.0000000276503376861469973846
00.0000000276503376861469973846
00.0000000276503376861469973846
00.0000000276503376861469973846
00.0000000276503376861469973846
00.0000000276503376861469973846
00.0000000276503376861469973846
00.0000000276503376861469973846
00.0000000276503376861469973846
00.0000000276503376861469973846
00.0000000276503376861469973846
00.0000000276503376861469973846
00.0000000276503376861469973846
00.0000000276503376861469973846
00.0000000276503376861469973846
00.0000000276503376861469973846
00.0000000276503376861469973846
00.0000000276503376861469973846
00.0000000276503376861469973846
00.0000000276503376861469973846
00.0000000276503376861469973846
00.0000000276503376861469973846
00.0000000276503376861469973846
00.0000000276503376861469973846
00.0000000276503376861469973846
00.0000000276503376861469973846
00.0000000276503376861469973846
00.0000000276503376861469973846
00.0000000276503376861469973846
00.0000000276503376861469973846
00.0000000276503376861469973846
00.0000000276503376861469973846
00.0000000276503376861469973846
00.0000000276503376861469973846
00.0000000276503376861469973846
00.0000000276503376861469973846
00.0000000276503376861469973846
00.0000000276503376861469973846
00.0000000276503376861469973846
00.0000000276503376861469973846
00.0000000276503376861469973846
00.0000000276503376861469973846
00.0000000276503376861469973846
00.0000000276503376861469973846
00.0000000276503376861469973846
00.0000000276503376861469973846
00.0000000276503376861469973846
00.0000000276503376861469973846
00.0000000276503376861469973846
00.0000000276503376861469973846
00.0000000276503376861469973846
00.0000000276503376861469973846
00.0000000276503376861469973846
00.0000000276503376861469973846
00.0000000276503376861469973846
00.0000000276503376861469973846
00.0000000276503376861469973846
00.0000000276503376861469973846
00.0000000276503376861469973846
00.0000000276503376861469973846
00.0000000276503376861469973846
00.0000000276503376861469973846
00.0000000276503376861469973846
00.0000000276503376861469973846
00.0000000276503376861469973846
00.0000000276503376861469973846
00.0000000276503376861469973846
00.0000000276503376861469973846
00.0000000276503376861469973846
00.0000000276503376861469973846
00.0000000276503376861469973846
00.0000000276503376861469973846
00.0000000276503376861469973846
00.0000000276503376861469973846
00.0000000276503376861469973846
00.0000000276503376861469973846
00.0000000276503376861469973846
00.0000000276503376861469973846
00.0000000276503376861469973846
00.0000000276503376861469973846
00.0000000276503376861469973846
00.0000000276503376861469973846
00.0000000276503376861469973846
00.0000000276503376861469973846
00.0000000276503376861469973846
00.0000000276503376861469973846
00.0000000276503376861469973846
00.0000000276503376861469973846
00.0000000276503376861469973846
00.0000000276503376861469973846
00.0000000276503376861469973846
00.0000000276503376861469973846
00.0000000276503376861469973846
00.0000000276503376861469973846
00.0000000276503376861469973846
00.0000000276503376861469973846
00.0000000276503376861469973846
00.0000000276503376861469973846
00.0000000276503376861469973846
00.0000000276503376861469973846
00.0000000276503376861469973846
00.0000000276503376861469973846
00.0000000276503376861469973846
00.0000000276503376861469973846
00.0000000276503376861469973846
00.0000000276503376861469973846
00.0000000276503376861469973846
00.0000000276503376861469973846
00.0000000276503376861469973846
00.0000000276503376861469973846
00.0000000276503376861469973846
00.0000000276503376861469973846
00.0000000276503376861469973846
00.0000000276503376861469973846
00.0000000276503376861469973846
00.0000000276503376861469973846
00.0000000276503376861469973846
00.0000000276503376861469973846
00.0000000276503376861469973846
00.0000000276503376861469973846
00.0000000276503376861469973846
00.0000000276503376861469973846
00.0000000276503376861469973846
00.0000000276503376861469973846
00.0000000276503376861469973846
00.0000000276503376861469973846
00.0000000276503376861469973846
00.0000000276503376861469973846
00.0000000276503376861469973846
00.0000000276503376861469973846
00.0000000276503376861469973846
00.0000000276503376861469973846
00.0000000276503376861469973846
00.0000000276503376861469973846
00.0000000276503376861469973846
00.0000000276503376861469973846
00.0000000276503376861469973846
00.0000000276503376861469973846
00.0000000276503376861469973846
00.0000000276503376861469973846
00.0000000276503376861469973846
00.0000000276503376861469973846
00.0000000276503376861469973846
00.0000000276503376861469973846
00.0000000276503376861469973846
00.0000000276503376861469973846
00.0000000276503376861469973846
00.0000000276503376861469973846
00.0000000276503376861469973846
00.0000000276503376861469973846
00.0000000276503376861469973846
00.0000000276503376861469973846
00.0000000276503376861469973846
00.0000000276503376861469973846
00.0000000276503376861469973846
00.0000000276503376861469973846
00.0000000276503376861469973846
00.0000000276503376861469973846
00.0000000276503376861469973846
00.0000000276503376861469973846
00.0000000276503376861469973846
00.0000000276503376861469973846
00.0000000276503376861469973846
00.0000000276503376861469973846
00.0000000276503376861469973846
00.0000000276503376861469973846
00.0000000276503376861469973846
00.0000000276503376861469973846
00.0000000276503376861469973846
00.0000000276503376861469973846
00.0000000276503376861469973846
00.0000000276503376861469973846
00.0000000276503376861469973846
00.0000000276503376861469973846
00.0000000276503376861469973846
00.0000000276503376861469973846
00.0000000276503376861469973846
00.0000000276503376861469973846
00.0000000276503376861469973846
00.0000000276503376861469973846
00.0000000276503376861469973846
00.0000000276503376861469973846
00.0000000276503376861469973846
00.0000000276503376861469973846
00.0000000276503376861469973846
00.0000000276503376861469973846
00.0000000276503376861469973846
00.0000000276503376861469973846
00.0000000276503376861469973846
00.0000000276503376861469973846
00.0000000276503376861469973846
00.0000000276503376861469973846
00.0000000276503376861469973846
00.0000000276503376861469973846
00.0000000276503376861469973846
00.0000000276503376861469973846
00.0000000276503376861469973846
00.0000000276503376861469973846
00.0000000276503376861469973846
00.0000000276503376861469973846
00.0000000276503376861469973846
00.0000000276503376861469973846
00.0000000276503376861469973846
00.0000000276503376861469973846
00.0000000276503376861469973846
00.0000000276503376861469973846
00.0000000276503376861469973846
00.0000000276503376861469973846
00.0000000276503376861469973846
00.0000000276503376861469973846
00.0000000276503376861469973846
00.0000000276503376861469973846
00.0000000276503376861469973846
00.0000000276503376861469973846
00.0000000276503376861469973846
00.0000000276503376861469973846
00.0000000276503376861469973846
00.0000000276503376861469973846
00.0000000276503376861469973846
00.0000000276503376861469973846
00.0000000276503376861469973846
00.0000000276503376861469973846
00.0000000276503376861469973846
00.0000000276503376861469973846
00.0000000276503376861469973846
00.0000000276503376861469973846
00.0000000276503376861469973846
00.0000000276503376861469973846
00.0000000276503376861469973846
00.0000000276503376861469973846
00.0000000276503376861469973846
00.0000000284210028844711359852
00.0000000284210028844711359852
00.0000000284210028844711359852
00.0000000284210028844711359852
00.0000000284210028844711359852
00.0000000284210028844711359852
00.0000000284210028844711359852
00.0000000284210028844711359852
00.0000000284210028844711359852
00.0000000284210028844711359852
00.0000000284210028844711359852
00.0000000284210028844711359852
00.0000000284210028844711359852
00.0000000284210028844711359852
00.0000000284210028844711359852
00.0000000284210028844711359852
00.0000000284210028844711359852
00.0000000284210028844711359852
00.0000000284210028844711359852
00.0000000284210028844711359852
00.0000000284210028844711359852
00.0000000284210028844711359852
00.0000000284210028844711359852
00.0000000284210028844711359852
00.0000000284210028844711359852
00.0000000284210028844711359852
00.0000000284210028844711359852
00.0000000284210028844711359852
00.0000000284210028844711359852
00.0000000284210028844711359852
00.0000000284210028844711359852
00.0000000284210028844711359852
00.0000000284210028844711359852
00.0000000284210028844711359852
00.0000000284210028844711359852
00.0000000284210028844711359852
00.0000000284210028844711359852
00.0000000284210028844711359852
00.0000000284210028844711359852
00.0000000284210028844711359852
00.0000000284210028844711359852
00.0000000284210028844711359852
00.0000000284210028844711359852
00.0000000284210028844711359852
00.0000000284210028844711359852
00.0000000284210028844711359852
00.0000000284210028844711359852
00.0000000284210028844711359852
00.0000000284210028844711359852
00.0000000284210028844711359852
00.0000000284210028844711359852
00.0000000284210028844711359852
00.0000000284210028844711359852
00.0000000284210028844711359852
00.0000000284210028844711359852
00.0000000284210028844711359852
00.0000000284210028844711359852
00.0000000284210028844711359852
00.0000000284210028844711359852
00.0000000284210028844711359852
00.0000000284210028844711359852
00.0000000284210028844711359852
00.0000000284210028844711359852
00.0000000284210028844711359852
00.0000000284210028844711359852
00.0000000284210028844711359852
00.0000000284210028844711359852
00.0000000284210028844711359852
00.0000000284210028844711359852
00.0000000284210028844711359852
00.0000000284210028844711359852
00.0000000284210028844711359852
00.0000000284210028844711359852
00.0000000284210028844711359852
00.0000000284210028844711359852
00.0000000284210028844711359852
00.0000000284210028844711359852
00.0000000284210028844711359852
00.0000000284210028844711359852
00.0000000284210028844711359852
00.0000000284210028844711359852
00.0000000284210028844711359852
00.0000000284210028844711359852
00.0000000284210028844711359852
00.0000000284210028844711359852
00.0000000284210028844711359852
00.0000000284210028844711359852
00.0000000284210028844711359852
00.0000000284210028844711359852
00.0000000284210028844711359852
00.0000000284210028844711359852
00.0000000284210028844711359852
00.0000000284210028844711359852
00.0000000284210028844711359852
00.0000000284210028844711359852
00.0000000284210028844711359852
00.0000000284210028844711359852
00.0000000284210028844711359852
00.0000000284210028844711359852
00.0000000284210028844711359852
00.0000000284210028844711359852
00.0000000284210028844711359852
00.0000000284210028844711359852
00.0000000284210028844711359852
00.0000000284210028844711359852
00.0000000284210028844711359852
00.0000000284210028844711359852
00.0000000284210028844711359852
00.0000000284210028844711359852
00.0000000284210028844711359852
00.0000000284210028844711359852
00.0000000284210028844711359852
00.0000000284210028844711359852
00.0000000284210028844711359852
00.0000000284210028844711359852
00.0000000284210028844711359852
00.0000000284210028844711359852
00.0000000284210028844711359852
00.0000000284210028844711359852
00.0000000284210028844711359852
00.0000000284210028844711359852
00.0000000284210028844711359852
00.0000000284210028844711359852
00.0000000284210028844711359852
00.0000000284210028844711359852
00.0000000284210028844711359852
00.0000000284210028844711359852
00.0000000284210028844711359852
00.0000000284210028844711359852
00.0000000284210028844711359852
00.0000000284210028844711359852
00.0000000284210028844711359852
00.0000000284210028844711359852
00.0000000284210028844711359852
00.0000000284210028844711359852
00.0000000284210028844711359852
00.0000000284210028844711359852
00.0000000284210028844711359852
00.0000000284210028844711359852
00.0000000284210028844711359852
00.0000000284210028844711359852
00.0000000284210028844711359852
00.0000000284210028844711359852
00.0000000284210028844711359852
00.0000000284210028844711359852
00.0000000284210028844711359852
00.0000000284210028844711359852
00.0000000284210028844711359852
00.0000000284210028844711359852
00.0000000284210028844711359852
00.0000000284210028844711359852
00.0000000284210028844711359852
00.0000000284210028844711359852
00.0000000284210028844711359852
00.0000000284210028844711359852
00.0000000284210028844711359852
00.0000000284210028844711359852
00.0000000284210028844711359852
00.0000000284210028844711359852
00.0000000284210028844711359852
00.0000000284210028844711359852
00.0000000284210028844711359852
00.0000000284210028844711359852
00.0000000284210028844711359852
00.0000000284210028844711359852
00.0000000284210028844711359852
00.0000000284210028844711359852
00.0000000284210028844711359852
00.0000000284210028844711359852
00.0000000284210028844711359852
00.0000000284210028844711359852
00.0000000284210028844711359852
00.0000000284210028844711359852
00.0000000284210028844711359852
00.0000000284210028844711359852
00.0000000284210028844711359852
00.0000000284210028844711359852
00.0000000284210028844711359852
00.0000000284210028844711359852
00.0000000284210028844711359852
00.0000000284210028844711359852
00.0000000284210028844711359852
00.0000000284210028844711359852
00.0000000284210028844711359852
00.0000000284210028844711359852
00.0000000284210028844711359852
00.0000000284210028844711359852
00.0000000284210028844711359852
00.0000000284210028844711359852
00.0000000284210028844711359852
00.0000000284210028844711359852
00.0000000284210028844711359852
00.0000000284210028844711359852
00.0000000284210028844711359852
00.0000000284210028844711359852
00.0000000284210028844711359852
00.0000000284210028844711359852
00.0000000284210028844711359852
00.0000000284210028844711359852
00.0000000284210028844711359852
00.0000000284210028844711359852
00.0000000284210028844711359852
00.0000000284210028844711359852
00.0000000284210028844711359852
00.0000000284210028844711359852
00.0000000284210028844711359852
00.0000000284210028844711359852
00.0000000284210028844711359852
00.0000000284210028844711359852
00.0000000284210028844711359852
00.0000000284210028844711359852
00.0000000284210028844711359852
00.0000000284210028844711359852
00.0000000284210028844711359852
00.0000000284210028844711359852
00.0000000284210028844711359852
00.0000000284210028844711359852
00.0000000284210028844711359852
00.0000000284210028844711359852
00.0000000284210028844711359852
00.0000000284210028844711359852
00.0000000284210028844711359852
00.0000000284210028844711359852
00.0000000284210028844711359852
00.0000000284210028844711359852
00.0000000284210028844711359852
00.0000000284210028844711359852
00.0000000284210028844711359852
00.0000000284210028844711359852
00.0000000284210028844711359852
00.0000000284210028844711359852
00.0000000284210028844711359852
00.0000000284210028844711359852
00.0000000284210028844711359852
00.0000000284210028844711359852
00.0000000284210028844711359852
00.0000000284210028844711359852
00.0000000284210028844711359852
00.0000000284210028844711359852
00.0000000284210028844711359852
00.0000000284210028844711359852
00.0000000284210028844711359852
00.0000000284210028844711359852
00.0000000284210028844711359852
00.0000000284210028844711359852
00.0000000284210028844711359852
00.0000000284210028844711359852
00.0000000284210028844711359852
00.0000000284210028844711359852
00.0000000284210028844711359852
00.0000000284210028844711359852
00.0000000284210028844711359852
00.0000000284210028844711359852
00.0000000284210028844711359852
00.0000000284210028844711359852
00.0000000284210028844711359852
00.0000000284210028844711359852
00.0000000284210028844711359852
00.0000000284210028844711359852
00.0000000284210028844711359852
00.0000000284210028844711359852
00.0000000284210028844711359852
00.0000000284210028844711359852
00.0000000284210028844711359852
00.0000000284210028844711359852
00.0000000284210028844711359852
00.0000000284210028844711359852
00.0000000284210028844711359852
00.0000000284210028844711359852
00.0000000284210028844711359852
00.0000000284210028844711359852
00.0000000284210028844711359852
00.0000000284210028844711359852
00.0000000284210028844711359852
00.0000000284210028844711359852
00.0000000284210028844711359852
00.0000000284210028844711359852
00.0000000284210028844711359852
00.0000000284210028844711359852
00.0000000284210028844711359852
00.0000000284210028844711359852
00.0000000284210028844711359852
00.0000000284210028844711359852
00.0000000284210028844711359852
00.0000000284210028844711359852
00.0000000284210028844711359852
00.0000000284210028844711359852
00.0000000284210028844711359852
00.0000000284210028844711359852
00.0000000284210028844711359852
00.0000000284210028844711359852
00.0000000284210028844711359852
00.0000000284210028844711359852
00.0000000284210028844711359852
00.0000000284210028844711359852
00.0000000284210028844711359852
00.0000000284210028844711359852
00.0000000284210028844711359852
00.0000000284210028844711359852
00.0000000284210028844711359852
00.0000000284210028844711359852
00.0000000284210028844711359852
00.0000000284210028844711359852
00.0000000284210028844711359852
00.0000000284210028844711359852
00.0000000284210028844711359852
00.0000000284210028844711359852
00.0000000284210028844711359852
00.0000000284210028844711359852
00.0000000284210028844711359852
00.0000000284210028844711359852
00.0000000284210028844711359852
00.0000000284210028844711359852
00.0000000284210028844711359852
00.0000000284210028844711359852
00.0000000284210028844711359852
00.0000000284210028844711359852
00.0000000284210028844711359852
00.0000000284210028844711359852
00.0000000284210028844711359852
00.0000000284210028844711359852
00.0000000284210028844711359852
00.0000000284210028844711359852
00.0000000284210028844711359852
00.0000000284210028844711359852
00.0000000284210028844711359852
00.0000000284210028844711359852
00.0000000284210028844711359852
00.0000000284210028844711359852
00.0000000284210028844711359852
00.0000000284210028844711359852
00.0000000284210028844711359852
00.0000000284210028844711359852
00.0000000284210028844711359852
00.0000000284210028844711359852
00.0000000284210028844711359852
00.0000000284210028844711359852
00.0000000284210028844711359852
00.0000000284210028844711359852
00.0000000284210028844711359852
00.0000000284210028844711359852
00.0000000284210028844711359852
00.0000000284210028844711359852
00.0000000284210028844711359852
00.0000000284210028844711359852
00.0000000284210028844711359852
00.0000000284210028844711359852
00.0000000284210028844711359852
00.0000000284210028844711359852
00.0000000284210028844711359852
00.0000000284210028844711359852
00.0000000284210028844711359852
00.0000000284210028844711359852
00.0000000284210028844711359852
00.0000000284210028844711359852
00.0000000284210028844711359852
00.0000000284210028844711359852
00.0000000284210028844711359852
00.0000000284210028844711359852
00.0000000284210028844711359852
00.0000000284210028844711359852
00.0000000284210028844711359852
00.0000000284210028844711359852
00.0000000284210028844711359852
00.0000000284210028844711359852
00.0000000284210028844711359852
00.0000000284210028844711359852
00.0000000284210028844711359852
00.0000000284210028844711359852
00.0000000284210028844711359852
00.0000000284210028844711359852
00.0000000284210028844711359852
00.0000000284210028844711359852
00.0000000284210028844711359852
00.0000000284210028844711359852
00.0000000284210028844711359852
00.0000000284210028844711359852
00.0000000284210028844711359852
00.0000000284210028844711359852
00.0000000284210028844711359852
00.0000000284210028844711359852
00.0000000284210028844711359852
00.0000000284210028844711359852
00.0000000284210028844711359852
00.0000000284210028844711359852
00.0000000284210028844711359852
00.0000000284210028844711359852
00.0000000284210028844711359852
00.0000000284210028844711359852
00.0000000284210028844711359852
00.0000000284210028844711359852
00.0000000284210028844711359852
00.0000000284210028844711359852
00.0000000284210028844711359852
00.0000000284210028844711359852
00.0000000284210028844711359852
00.0000000284210028844711359852
00.0000000284210028844711359852
00.0000000284210028844711359852
00.0000000284210028844711359852
00.0000000284210028844711359852
00.0000000284210028844711359852
00.0000000284210028844711359852
00.0000000284210028844711359852
00.0000000284210028844711359852
00.0000000284210028844711359852
00.0000000284210028844711359852
00.0000000284210028844711359852
00.0000000284210028844711359852
00.0000000284210028844711359852
00.0000000284210028844711359852
00.0000000284210028844711359852
00.0000000284210028844711359852
00.0000000284210028844711359852
00.0000000284210028844711359852
00.0000000284210028844711359852
00.0000000284210028844711359852
00.0000000284210028844711359852
00.0000000284210028844711359852
00.0000000284210028844711359852
00.0000000284210028844711359852
00.0000000284210028844711359852
00.0000000284210028844711359852
00.0000000284210028844711359852
00.0000000284210028844711359852
00.0000000284210028844711359852
00.0000000284210028844711359852
00.0000000284210028844711359852
00.0000000284210028844711359852
00.0000000284210028844711359852
00.0000000284210028844711359852
00.0000000284210028844711359852
00.0000000284210028844711359852
00.0000000284210028844711359852
00.0000000284210028844711359852
00.0000000284210028844711359852
00.0000000284210028844711359852
00.0000000284210028844711359852
00.0000000284210028844711359852
00.0000000284210028844711359852
00.0000000284210028844711359852
00.0000000284210028844711359852
00.0000000284210028844711359852
00.0000000284210028844711359852
00.0000000284210028844711359852
00.0000000284210028844711359852
00.0000000284210028844711359852
00.0000000284210028844711359852
00.0000000284210028844711359852
00.0000000284210028844711359852
00.0000000284210028844711359852
00.0000000284210028844711359852
00.0000000284210028844711359852
00.0000000284210028844711359852
00.0000000284210028844711359852
00.0000000284210028844711359852
00.0000000284210028844711359852
00.0000000284210028844711359852
00.0000000284210028844711359852
00.0000000284210028844711359852
00.0000000284210028844711359852
00.0000000284210028844711359852
00.0000000284210028844711359852
00.0000000284210028844711359852
00.0000000284210028844711359852
00.0000000284210028844711359852
00.0000000284210028844711359852
00.0000000284210028844711359852
00.0000000284210028844711359852
00.0000000284210028844711359852
00.0000000284210028844711359852
00.0000000284210028844711359852
00.0000000284210028844711359852
00.0000000284210028844711359852
00.0000000284210028844711359852
00.0000000284210028844711359852
00.0000000284210028844711359852
00.0000000284210028844711359852
00.0000000284210028844711359852
00.0000000284210028844711359852
00.0000000284210028844711359852
00.0000000284210028844711359852
00.0000000284210028844711359852
00.0000000284210028844711359852
00.0000000284210028844711359852
00.0000000284210028844711359852
00.0000000284210028844711359852
00.0000000284210028844711359852
00.0000000284210028844711359852
00.0000000284210028844711359852
00.0000000284210028844711359852
00.0000000284210028844711359852
00.0000000284210028844711359852
00.0000000284210028844711359852
00.0000000284210028844711359852
00.0000000284210028844711359852
00.0000000284210028844711359852
00.0000000284210028844711359852
00.0000000284210028844711359852
00.0000000284210028844711359852
00.0000000284210028844711359852
00.0000000284210028844711359852
00.0000000284210028844711359852
00.0000000284210028844711359852
00.0000000284210028844711359852
00.0000000284210028844711359852
00.0000000284210028844711359852
00.0000000284210028844711359852
00.0000000284210028844711359852
00.0000000284210028844711359852
00.0000000284210028844711359852
00.0000000284210028844711359852
00.0000000284210028844711359852
00.0000000284210028844711359852
00.0000000284210028844711359852
00.0000000284210028844711359852
00.0000000284210028844711359852
00.0000000284210028844711359852
00.0000000284210028844711359852
00.0000000284210028844711359852
00.0000000284210028844711359852
00.0000000284210028844711359852
00.0000000284210028844711359852
00.0000000284210028844711359852
00.0000000284210028844711359852
00.0000000284210028844711359852
00.0000000284210028844711359852
00.0000000284210028844711359852
00.0000000284210028844711359852
00.0000000284210028844711359852
00.0000000284210028844711359852
00.0000000284210028844711359852
00.0000000284210028844711359852
00.0000000284210028844711359852
00.0000000284210028844711359852
00.0000000284210028844711359852
00.0000000284210028844711359852
00.0000000284210028844711359852
00.0000000284210028844711359852
00.0000000284210028844711359852
00.0000000284210028844711359852
00.0000000284210028844711359852
00.0000000284210028844711359852
00.0000000284210028844711359852
00.0000000284210028844711359852
00.0000000284210028844711359852
00.0000000284210028844711359852
00.0000000284210028844711359852
00.0000000284210028844711359852
00.0000000284210028844711359852
00.0000000284210028844711359852
00.0000000284210028844711359852
00.0000000284210028844711359852
00.0000000284210028844711359852
00.0000000284210028844711359852
00.0000000284210028844711359852
00.0000000284210028844711359852
00.0000000284210028844711359852
00.0000000284210028844711359852
00.0000000284210028844711359852
00.0000000284210028844711359852
00.0000000284210028844711359852
00.0000000284210028844711359852
00.0000000284210028844711359852
00.0000000284210028844711359852
00.0000000284210028844711359852
00.0000000284210028844711359852
00.0000000284210028844711359852
00.0000000284210028844711359852
00.0000000284210028844711359852
00.0000000284210028844711359852
00.0000000284210028844711359852
00.0000000284210028844711359852
00.0000000284210028844711359852
00.0000000284210028844711359852
00.0000000284210028844711359852
00.0000000284210028844711359852
00.0000000284210028844711359852
00.0000000284210028844711359852
00.0000000284210028844711359852
00.0000000284210028844711359852
00.0000000284210028844711359852
00.0000000284210028844711359852
00.0000000284210028844711359852
00.0000000284210028844711359852
00.0000000284210028844711359852
00.0000000284210028844711359852
00.0000000284210028844711359852
00.0000000284210028844711359852
00.0000000284210028844711359852
00.0000000284210028844711359852
00.0000000284210028844711359852
00.0000000284210028844711359852
00.0000000284210028844711359852
00.0000000284210028844711359852
00.0000000284210028844711359852
00.0000000284210028844711359852
00.0000000284210028844711359852
00.0000000284210028844711359852
00.0000000284210028844711359852
00.0000000284210028844711359852
00.0000000284210028844711359852
00.0000000284210028844711359852
00.0000000284210028844711359852
00.0000000284210028844711359852
00.0000000284210028844711359852
00.0000000284210028844711359852
00.0000000284210028844711359852
00.0000000284210028844711359852
00.0000000284210028844711359852
00.0000000284210028844711359852
00.0000000284210028844711359852
00.0000000284210028844711359852
00.0000000284210028844711359852
00.0000000284210028844711359852
00.0000000284210028844711359852
00.0000000284210028844711359852
00.0000000284210028844711359852
00.0000000284210028844711359852
00.0000000284210028844711359852
00.0000000284210028844711359852
00.0000000284210028844711359852
00.0000000284210028844711359852
00.0000000284210028844711359852
00.0000000284210028844711359852
00.0000000284210028844711359852
00.0000000284210028844711359852
00.0000000284210028844711359852
00.0000000284210028844711359852
00.0000000284210028844711359852
00.0000000284210028844711359852
00.0000000284210028844711359852
00.0000000284210028844711359852
00.0000000284210028844711359852
00.0000000284210028844711359852
00.0000000284210028844711359852
00.0000000284210028844711359852
00.0000000284210028844711359852
00.0000000284210028844711359852
00.0000000284210028844711359852
00.0000000284210028844711359852
00.0000000284210028844711359852
00.0000000284210028844711359852
00.0000000284210028844711359852
00.0000000284210028844711359852
00.0000000284210028844711359852
00.0000000284210028844711359852
00.0000000284210028844711359852
00.0000000284210028844711359852
00.0000000284210028844711359852
00.0000000284210028844711359852
00.0000000284210028844711359852
00.0000000284210028844711359852
00.0000000284210028844711359852
00.0000000284210028844711359852
00.0000000284210028844711359852
00.0000000284210028844711359852
00.0000000284210028844711359852
00.0000000284210028844711359852
00.0000000284210028844711359852
00.0000000284210028844711359852
00.0000000284210028844711359852
00.0000000284210028844711359852
00.0000000284210028844711359852
00.0000000284210028844711359852
00.0000000284210028844711359852
00.0000000284210028844711359852
00.0000000284210028844711359852
00.0000000284210028844711359852
00.0000000284210028844711359852
00.0000000284210028844711359852
00.0000000284210028844711359852
00.0000000284210028844711359852
00.0000000284210028844711359852
00.0000000284210028844711359852
00.0000000284210028844711359852
00.0000000284210028844711359852
00.0000000284210028844711359852
00.0000000284210028844711359852
00.0000000284210028844711359852
00.0000000284210028844711359852
00.0000000284210028844711359852
00.0000000284210028844711359852
00.0000000284210028844711359852
00.0000000284210028844711359852
00.0000000284210028844711359852
00.0000000284210028844711359852
00.0000000284210028844711359852
00.0000000284210028844711359852
00.0000000284210028844711359852
00.0000000284210028844711359852
00.0000000284210028844711359852
00.0000000284210028844711359852
00.0000000284210028844711359852
00.0000000284210028844711359852
00.0000000284210028844711359852
00.0000000284210028844711359852
00.0000000284210028844711359852
00.0000000284210028844711359852
00.0000000284210028844711359852
00.0000000284210028844711359852
00.0000000284210028844711359852
00.0000000284210028844711359852
00.0000000284210028844711359852
00.0000000284210028844711359852
00.0000000284210028844711359852
00.0000000284210028844711359852
00.0000000284210028844711359852
00.0000000284210028844711359852
00.0000000284210028844711359852
00.0000000284210028844711359852
00.0000000284210028844711359852
00.0000000284210028844711359852
00.0000000284210028844711359852
00.0000000284210028844711359852
00.0000000284210028844711359852
00.0000000284210028844711359852
00.0000000284210028844711359852
00.0000000284210028844711359852
00.0000000284210028844711359852
00.0000000284210028844711359852
00.0000000284210028844711359852
00.0000000284210028844711359852
00.0000000284210028844711359852
00.0000000284210028844711359852
00.0000000284210028844711359852
00.0000000284210028844711359852
00.0000000284210028844711359852
00.0000000284210028844711359852
00.0000000284210028844711359852
00.0000000284210028844711359852
00.0000000284210028844711359852
00.0000000284210028844711359852
00.0000000284210028844711359852
00.0000000284210028844711359852
00.0000000284210028844711359852
00.0000000284210028844711359852
00.0000000284210028844711359852
00.0000000284210028844711359852
00.0000000284210028844711359852
00.0000000284210028844711359852
00.0000000284210028844711359852
00.0000000284210028844711359852
00.0000000284210028844711359852
00.0000000284210028844711359852
00.0000000284210028844711359852
00.0000000284210028844711359852
00.0000000284210028844711359852
00.0000000284210028844711359852
00.0000000284210028844711359852
00.0000000284210028844711359852
00.0000000284210028844711359852
00.0000000284210028844711359852
00.0000000284210028844711359852
00.0000000284210028844711359852
00.0000000284210028844711359852
00.0000000284210028844711359852
00.0000000284210028844711359852
00.0000000284210028844711359852
00.0000000284210028844711359852
00.0000000284210028844711359852
00.0000000284210028844711359852
00.0000000284210028844711359852
00.0000000284210028844711359852
00.0000000284210028844711359852
00.0000000284210028844711359852
00.0000000284210028844711359852
00.0000000284210028844711359852
00.0000000284210028844711359852
00.0000000284210028844711359852
00.0000000284210028844711359852
00.0000000284210028844711359852
00.0000000284210028844711359852
00.0000000284210028844711359852
00.0000000284210028844711359852
00.0000000284210028844711359852
00.0000000284210028844711359852
00.0000000284210028844711359852
00.0000000284210028844711359852
00.0000000284210028844711359852
00.0000000284210028844711359852
00.0000000284210028844711359852
00.0000000284210028844711359852
00.0000000284210028844711359852
00.0000000284210028844711359852
00.0000000284210028844711359852
00.0000000284210028844711359852
00.0000000284210028844711359852
00.0000000284210028844711359852
00.0000000284210028844711359852
00.0000000284210028844711359852
00.0000000284210028844711359852
00.0000000284210028844711359852
00.0000000284210028844711359852
00.0000000284210028844711359852
00.0000000284210028844711359852
00.0000000284210028844711359852
00.0000000284210028844711359852
00.0000000284210028844711359852
00.0000000284210028844711359852
00.0000000284210028844711359852
00.0000000284210028844711359852
00.0000000284210028844711359852
00.0000000284210028844711359852
00.0000000284210028844711359852
00.0000000284210028844711359852
00.0000000284210028844711359852
00.0000000284210028844711359852
00.0000000284210028844711359852
00.0000000284210028844711359852
00.0000000284210028844711359852
00.0000000284210028844711359852
00.0000000284210028844711359852
00.0000000284210028844711359852
00.0000000284210028844711359852
00.0000000284210028844711359852
00.0000000284210028844711359852
00.0000000284210028844711359852
00.0000000284210028844711359852
00.0000000284210028844711359852
00.0000000284210028844711359852
00.0000000284210028844711359852
00.0000000284210028844711359852
00.0000000284210028844711359852
00.0000000284210028844711359852
00.0000000284210028844711359852
00.0000000284210028844711359852
00.0000000284210028844711359852
00.0000000284210028844711359852
00.0000000284210028844711359852
00.0000000284210028844711359852
00.0000000284210028844711359852
00.0000000284210028844711359852
00.0000000284210028844711359852
00.0000000284210028844711359852
00.0000000284210028844711359852
00.0000000284210028844711359852
00.0000000284210028844711359852
00.0000000284210028844711359852
00.0000000284210028844711359852
00.0000000284210028844711359852
00.0000000284210028844711359852
00.0000000284210028844711359852
00.0000000284210028844711359852
00.0000000284210028844711359852
00.0000000284210028844711359852
00.0000000284210028844711359852
00.0000000284210028844711359852
00.0000000284210028844711359852
00.0000000284210028844711359852
00.0000000284210028844711359852
00.0000000284210028844711359852
00.0000000284210028844711359852
00.0000000284210028844711359852
00.0000000284210028844711359852
00.0000000284210028844711359852
00.0000000284210028844711359852
00.0000000284210028844711359852
00.0000000284210028844711359852
00.0000000284210028844711359852
00.0000000284210028844711359852
00.0000000284210028844711359852
00.0000000284210028844711359852
00.0000000284210028844711359852
00.0000000284210028844711359852
00.0000000284210028844711359852
00.0000000284210028844711359852
00.0000000284210028844711359852
00.0000000284210028844711359852
00.0000000284210028844711359852
00.0000000284210028844711359852
00.0000000284210028844711359852
00.0000000284210028844711359852
00.0000000284210028844711359852
00.0000000284210028844711359852
00.0000000284210028844711359852
00.0000000284210028844711359852
00.0000000284210028844711359852
00.0000000284210028844711359852
00.0000000284210028844711359852
00.0000000284210028844711359852
00.0000000284210028844711359852
00.0000000284210028844711359852
00.0000000284210028844711359852
00.0000000284210028844711359852
00.0000000284210028844711359852
00.0000000284210028844711359852
00.0000000284210028844711359852
00.0000000284210028844711359852
00.0000000284210028844711359852
00.0000000284210028844711359852
00.0000000284210028844711359852
00.0000000284210028844711359852
00.0000000284210028844711359852
00.0000000284210028844711359852
00.0000000284210028844711359852
00.0000000284210028844711359852
00.0000000284210028844711359852
00.0000000284210028844711359852
00.0000000284210028844711359852
00.0000000284210028844711359852
00.0000000284210028844711359852
00.0000000284210028844711359852
00.0000000284210028844711359852
00.0000000284210028844711359852
00.0000000284210028844711359852
00.0000000284210028844711359852
00.0000000284210028844711359852
00.0000000284210028844711359852
00.0000000284210028844711359852
00.0000000284210028844711359852
00.0000000284210028844711359852
00.0000000284210028844711359852
00.0000000284210028844711359852
00.0000000284210028844711359852
00.0000000284210028844711359852
00.0000000284210028844711359852
00.0000000284210028844711359852
00.0000000284210028844711359852
00.0000000284210028844711359852
00.0000000284210028844711359852
00.0000000284210028844711359852
00.0000000284210028844711359852
00.0000000284210028844711359852
00.0000000284210028844711359852
00.0000000284210028844711359852
00.0000000284210028844711359852
00.0000000284210028844711359852
00.0000000284210028844711359852
00.0000000284210028844711359852
00.0000000284210028844711359852
00.0000000284210028844711359852
00.0000000284210028844711359852
00.0000000284210028844711359852
00.0000000284210028844711359852
00.0000000284210028844711359852
00.0000000284210028844711359852
00.0000000284210028844711359852
00.0000000284210028844711359852
00.0000000284210028844711359852
00.0000000284210028844711359852
00.0000000284210028844711359852
00.0000000284210028844711359852
00.0000000284210028844711359852
00.0000000284210028844711359852
00.0000000284210028844711359852
00.0000000284210028844711359852
00.0000000284210028844711359852
00.0000000284210028844711359852
00.0000000284210028844711359852
00.0000000284210028844711359852
00.0000000284210028844711359852
00.0000000284210028844711359852
00.0000000284210028844711359852
00.0000000284210028844711359852
00.0000000284210028844711359852
00.0000000284210028844711359852
00.0000000284210028844711359852
00.0000000284210028844711359852
00.0000000284210028844711359852
00.0000000284210028844711359852
00.0000000284210028844711359852
00.0000000284210028844711359852
00.0000000284210028844711359852
00.0000000284210028844711359852
00.0000000284210028844711359852
00.0000000284210028844711359852
00.0000000284210028844711359852
00.0000000284210028844711359852
00.0000000284210028844711359852
00.0000000284210028844711359852
00.0000000284210028844711359852
00.0000000284210028844711359852
00.0000000284210028844711359852
00.0000000284210028844711359852
00.0000000284210028844711359852
00.0000000284210028844711359852
00.0000000284210028844711359852
00.0000000284210028844711359852
00.0000000284210028844711359852
00.0000000284210028844711359852
00.0000000284210028844711359852
00.0000000284210028844711359852
00.0000000284210028844711359852
00.0000000284210028844711359852
00.0000000284210028844711359852
00.0000000284210028844711359852
00.0000000284210028844711359852
00.0000000284210028844711359852
00.0000000284210028844711359852
00.0000000284210028844711359852
00.0000000284210028844711359852
00.0000000284210028844711359852
00.0000000284210028844711359852
00.0000000284210028844711359852
00.0000000284210028844711359852
00.0000000284210028844711359852
00.0000000284210028844711359852
00.0000000284210028844711359852
00.0000000284210028844711359852
00.0000000308612985167044939772
00.0000000308612985167044939772
00.0000000308612985167044939772
00.0000000308612985167044939772
00.0000000308612985167044939772
00.0000000308612985167044939772
00.0000000308612985167044939772
00.0000000308612985167044939772
00.0000000308612985167044939772
00.0000000308612985167044939772
00.0000000308612985167044939772
00.0000000308612985167044939772
00.0000000308612985167044939772
00.0000000308612985167044939772
00.0000000308612985167044939772
00.0000000308612985167044939772
00.0000000308612985167044939772
00.0000000308612985167044939772
00.0000000308612985167044939772
00.0000000308612985167044939772
00.0000000308612985167044939772
00.0000000308612985167044939772
00.0000000308612985167044939772
00.0000000308612985167044939772
00.0000000308612985167044939772
00.0000000308612985167044939772
00.0000000308612985167044939772
00.0000000308612985167044939772
00.0000000308612985167044939772
00.0000000308612985167044939772
00.0000000308612985167044939772
00.0000000308612985167044939772
00.0000000308612985167044939772
00.0000000308612985167044939772
00.0000000308612985167044939772
00.0000000308612985167044939772
00.0000000308612985167044939772
00.0000000308612985167044939772
00.0000000308612985167044939772
00.0000000308612985167044939772
00.0000000308612985167044939772
00.0000000308612985167044939772
00.0000000308612985167044939772
00.0000000308612985167044939772
00.0000000308612985167044939772
00.0000000308612985167044939772
00.0000000308612985167044939772
00.0000000308612985167044939772
00.0000000308612985167044939772
00.0000000308612985167044939772
00.0000000308612985167044939772
00.0000000308612985167044939772
00.0000000308612985167044939772
00.0000000308612985167044939772
00.0000000308612985167044939772
00.0000000308612985167044939772
00.0000000308612985167044939772
00.0000000308612985167044939772
00.0000000308612985167044939772
00.0000000308612985167044939772
00.0000000308612985167044939772
00.0000000308612985167044939772
00.0000000308612985167044939772
00.0000000308612985167044939772
00.0000000308612985167044939772
00.0000000308612985167044939772
00.0000000308612985167044939772
00.0000000308612985167044939772
00.0000000308612985167044939772
00.0000000308612985167044939772
00.0000000308612985167044939772
00.0000000308612985167044939772
00.0000000308612985167044939772
00.0000000308612985167044939772
00.0000000308612985167044939772
00.0000000308612985167044939772
00.0000000308612985167044939772
00.0000000308612985167044939772
00.0000000308612985167044939772
00.0000000308612985167044939772
00.0000000308612985167044939772
00.0000000308612985167044939772
00.0000000308612985167044939772
00.0000000308612985167044939772
00.0000000308612985167044939772
00.0000000308612985167044939772
00.0000000308612985167044939772
00.0000000308612985167044939772
00.0000000308612985167044939772
00.0000000308612985167044939772
00.0000000308612985167044939772
00.0000000308612985167044939772
00.0000000308612985167044939772
00.0000000308612985167044939772
00.0000000308612985167044939772
00.0000000308612985167044939772
00.0000000308612985167044939772
00.0000000308612985167044939772
00.0000000308612985167044939772
00.0000000308612985167044939772
00.0000000308612985167044939772
00.0000000308612985167044939772
00.0000000308612985167044939772
00.0000000308612985167044939772
00.0000000308612985167044939772
00.0000000308612985167044939772
00.0000000308612985167044939772
00.0000000308612985167044939772
00.0000000308612985167044939772
00.0000000308612985167044939772
00.0000000308612985167044939772
00.0000000308612985167044939772
00.0000000308612985167044939772
00.0000000308612985167044939772
00.0000000308612985167044939772
00.0000000308612985167044939772
00.0000000308612985167044939772
00.0000000308612985167044939772
00.0000000308612985167044939772
00.0000000308612985167044939772
00.0000000308612985167044939772
00.0000000308612985167044939772
00.0000000308612985167044939772
00.0000000308612985167044939772
00.0000000308612985167044939772
00.0000000308612985167044939772
00.0000000308612985167044939772
00.0000000308612985167044939772
00.0000000308612985167044939772
00.0000000308612985167044939772
00.0000000308612985167044939772
00.0000000308612985167044939772
00.0000000308612985167044939772
00.0000000308612985167044939772
00.0000000308612985167044939772
00.0000000308612985167044939772
00.0000000308612985167044939772
00.0000000308612985167044939772
00.0000000308612985167044939772
00.0000000308612985167044939772
00.0000000308612985167044939772
00.0000000308612985167044939772
00.0000000308612985167044939772
00.0000000308612985167044939772
00.0000000308612985167044939772
00.0000000308612985167044939772
00.0000000308612985167044939772
00.0000000308612985167044939772
00.0000000308612985167044939772
00.0000000308612985167044939772
00.0000000308612985167044939772
00.0000000308612985167044939772
00.0000000308612985167044939772
00.0000000308612985167044939772
00.0000000308612985167044939772
00.0000000308612985167044939772
00.0000000308612985167044939772
00.0000000308612985167044939772
00.0000000308612985167044939772
00.0000000308612985167044939772
00.0000000308612985167044939772
00.0000000308612985167044939772
00.0000000308612985167044939772
00.0000000308612985167044939772
00.0000000308612985167044939772
00.0000000308612985167044939772
00.0000000308612985167044939772
00.0000000308612985167044939772
00.0000000308612985167044939772
00.0000000308612985167044939772
00.0000000308612985167044939772
00.0000000308612985167044939772
00.0000000308612985167044939772
00.0000000308612985167044939772
00.0000000308612985167044939772
00.0000000308612985167044939772
00.0000000308612985167044939772
00.0000000308612985167044939772
00.0000000308612985167044939772
00.0000000308612985167044939772
00.0000000308612985167044939772
00.0000000308612985167044939772
00.0000000308612985167044939772
00.0000000308612985167044939772
00.0000000308612985167044939772
00.0000000308612985167044939772
00.0000000308612985167044939772
00.0000000308612985167044939772
00.0000000308612985167044939772
00.0000000308612985167044939772
00.0000000308612985167044939772
00.0000000308612985167044939772
00.0000000308612985167044939772
00.0000000308612985167044939772
00.0000000308612985167044939772
00.0000000308612985167044939772
00.0000000308612985167044939772
00.0000000308612985167044939772
00.0000000308612985167044939772
00.0000000308612985167044939772
00.0000000308612985167044939772
00.0000000308612985167044939772
00.0000000308612985167044939772
00.0000000308612985167044939772
00.0000000308612985167044939772
00.0000000308612985167044939772
00.0000000308612985167044939772
00.0000000308612985167044939772
00.0000000308612985167044939772
00.0000000308612985167044939772
00.0000000308612985167044939772
00.0000000308612985167044939772
00.0000000308612985167044939772
00.0000000308612985167044939772
00.0000000308612985167044939772
00.0000000308612985167044939772
00.0000000308612985167044939772
00.0000000308612985167044939772
00.0000000308612985167044939772
00.0000000308612985167044939772
00.0000000308612985167044939772
00.0000000308612985167044939772
00.0000000308612985167044939772
00.0000000308612985167044939772
00.0000000308612985167044939772
00.0000000308612985167044939772
00.0000000308612985167044939772
00.0000000308612985167044939772
00.0000000308612985167044939772
00.0000000308612985167044939772
00.0000000308612985167044939772
00.0000000308612985167044939772
00.0000000308612985167044939772
00.0000000308612985167044939772
00.0000000308612985167044939772
00.0000000308612985167044939772
00.0000000308612985167044939772
00.0000000308612985167044939772
00.0000000308612985167044939772
00.0000000308612985167044939772
00.0000000308612985167044939772
00.0000000308612985167044939772
00.0000000308612985167044939772
00.0000000308612985167044939772
00.0000000308612985167044939772
00.0000000308612985167044939772
00.0000000308612985167044939772
00.0000000308612985167044939772
00.0000000308612985167044939772
00.0000000308612985167044939772
00.0000000308612985167044939772
00.0000000308612985167044939772
00.0000000308612985167044939772
00.0000000308612985167044939772
00.0000000308612985167044939772
00.0000000308612985167044939772
00.0000000308612985167044939772
00.0000000308612985167044939772
00.0000000308612985167044939772
00.0000000308612985167044939772
00.0000000308612985167044939772
00.0000000308612985167044939772
00.0000000308612985167044939772
00.0000000308612985167044939772
00.0000000308612985167044939772
00.0000000308612985167044939772
00.0000000308612985167044939772
00.0000000308612985167044939772
00.0000000308612985167044939772
00.0000000308612985167044939772
00.0000000308612985167044939772
00.0000000308612985167044939772
00.0000000308612985167044939772
00.0000000308612985167044939772
00.0000000308612985167044939772
00.0000000308612985167044939772
00.0000000308612985167044939772
00.0000000308612985167044939772
00.0000000308612985167044939772
00.0000000308612985167044939772
00.0000000308612985167044939772
00.0000000308612985167044939772
00.0000000308612985167044939772
00.0000000308612985167044939772
00.0000000308612985167044939772
00.0000000308612985167044939772
00.0000000308612985167044939772
00.0000000308612985167044939772
00.0000000308612985167044939772
00.0000000308612985167044939772
00.0000000308612985167044939772
00.0000000308612985167044939772
00.0000000308612985167044939772
00.0000000308612985167044939772
00.0000000308612985167044939772
00.0000000308612985167044939772
00.0000000308612985167044939772
00.0000000308612985167044939772
00.0000000308612985167044939772
00.0000000308612985167044939772
00.0000000308612985167044939772
00.0000000308612985167044939772
00.0000000308612985167044939772
00.0000000308612985167044939772
00.0000000308612985167044939772
00.0000000308612985167044939772
00.0000000308612985167044939772
00.0000000308612985167044939772
00.0000000308612985167044939772
00.0000000308612985167044939772
00.0000000308612985167044939772
00.0000000308612985167044939772
00.0000000308612985167044939772
00.0000000308612985167044939772
00.0000000308612985167044939772
00.0000000308612985167044939772
00.0000000308612985167044939772
00.0000000308612985167044939772
00.0000000308612985167044939772
00.0000000308612985167044939772
00.0000000308612985167044939772
00.0000000308612985167044939772
00.0000000308612985167044939772
00.0000000308612985167044939772
00.0000000308612985167044939772
00.0000000308612985167044939772
00.0000000308612985167044939772
00.0000000308612985167044939772
00.0000000308612985167044939772
00.0000000308612985167044939772
00.0000000308612985167044939772
00.0000000308612985167044939772
00.0000000308612985167044939772
00.0000000308612985167044939772
00.0000000308612985167044939772
00.0000000308612985167044939772
00.0000000308612985167044939772
00.0000000308612985167044939772
00.0000000308612985167044939772
00.0000000308612985167044939772
00.0000000308612985167044939772
00.0000000308612985167044939772
00.0000000308612985167044939772
00.0000000308612985167044939772
00.0000000308612985167044939772
00.0000000308612985167044939772
00.0000000308612985167044939772
00.0000000308612985167044939772
00.0000000308612985167044939772
00.0000000308612985167044939772
00.0000000308612985167044939772
00.0000000308612985167044939772
00.0000000308612985167044939772
00.0000000308612985167044939772
00.0000000308612985167044939772
00.0000000308612985167044939772
00.0000000308612985167044939772
00.0000000308612985167044939772
00.0000000308612985167044939772
00.0000000308612985167044939772
00.0000000308612985167044939772
00.0000000308612985167044939772
00.0000000308612985167044939772
00.0000000308612985167044939772
00.0000000308612985167044939772
00.0000000308612985167044939772
00.0000000308612985167044939772
00.0000000308612985167044939772
00.0000000308612985167044939772
00.0000000308612985167044939772
00.0000000308612985167044939772
00.0000000308612985167044939772
00.0000000308612985167044939772
00.0000000308612985167044939772
00.0000000308612985167044939772
00.0000000308612985167044939772
00.0000000308612985167044939772
00.0000000308612985167044939772
00.0000000308612985167044939772
00.0000000308612985167044939772
00.0000000308612985167044939772
00.0000000308612985167044939772
00.0000000308612985167044939772
00.0000000308612985167044939772
00.0000000308612985167044939772
00.0000000308612985167044939772
00.0000000308612985167044939772
00.0000000308612985167044939772
00.0000000308612985167044939772
00.0000000308612985167044939772
00.0000000308612985167044939772
00.0000000308612985167044939772
00.0000000308612985167044939772
00.0000000308612985167044939772
00.0000000308612985167044939772
00.0000000308612985167044939772
00.0000000308612985167044939772
00.0000000308612985167044939772
00.0000000308612985167044939772
00.0000000308612985167044939772
00.0000000308612985167044939772
00.0000000308612985167044939772
00.0000000308612985167044939772
00.0000000308612985167044939772
00.0000000308612985167044939772
00.0000000308612985167044939772
00.0000000308612985167044939772
00.0000000308612985167044939772
00.0000000308612985167044939772
00.0000000308612985167044939772
00.0000000308612985167044939772
00.0000000308612985167044939772
00.0000000308612985167044939772
00.0000000308612985167044939772
00.0000000308612985167044939772
00.0000000308612985167044939772
00.0000000308612985167044939772
00.0000000308612985167044939772
00.0000000308612985167044939772
00.0000000308612985167044939772
00.0000000308612985167044939772
00.0000000308612985167044939772
00.0000000308612985167044939772
00.0000000308612985167044939772
00.0000000308612985167044939772
00.0000000308612985167044939772
00.0000000308612985167044939772
00.0000000308612985167044939772
00.0000000308612985167044939772
00.0000000308612985167044939772
00.0000000308612985167044939772
00.0000000308612985167044939772
00.0000000308612985167044939772
00.0000000308612985167044939772
00.0000000308612985167044939772
00.0000000308612985167044939772
00.0000000308612985167044939772
00.0000000308612985167044939772
00.0000000308612985167044939772
00.0000000308612985167044939772
00.0000000308612985167044939772
00.0000000308612985167044939772
00.0000000308612985167044939772
00.0000000308612985167044939772
00.0000000308612985167044939772
00.0000000308612985167044939772
00.0000000308612985167044939772
00.0000000308612985167044939772
00.0000000308612985167044939772
00.0000000308612985167044939772
00.0000000308612985167044939772
00.0000000308612985167044939772
00.0000000308612985167044939772
00.0000000308612985167044939772
00.0000000308612985167044939772
00.0000000308612985167044939772
00.0000000308612985167044939772
00.0000000308612985167044939772
00.0000000308612985167044939772
00.0000000308612985167044939772
00.0000000308612985167044939772
00.0000000308612985167044939772
00.0000000308612985167044939772
00.0000000308612985167044939772
00.0000000308612985167044939772
00.0000000308612985167044939772
00.0000000308612985167044939772
00.0000000308612985167044939772
00.0000000308612985167044939772
00.0000000308612985167044939772
00.0000000308612985167044939772
00.0000000308612985167044939772
00.0000000308612985167044939772
00.0000000308612985167044939772
00.0000000308612985167044939772
00.0000000308612985167044939772
00.0000000308612985167044939772
00.0000000308612985167044939772
00.0000000308612985167044939772
00.0000000308612985167044939772
00.0000000308612985167044939772
00.0000000308612985167044939772
00.0000000308612985167044939772
00.0000000308612985167044939772
00.0000000308612985167044939772
00.0000000308612985167044939772
00.0000000308612985167044939772
00.0000000308612985167044939772
00.0000000308612985167044939772
00.0000000308612985167044939772
00.0000000308612985167044939772
00.0000000308612985167044939772
00.0000000308612985167044939772
00.0000000308612985167044939772
00.0000000308612985167044939772
00.0000000308612985167044939772
00.0000000308612985167044939772
00.0000000308612985167044939772
00.0000000308612985167044939772
00.0000000308612985167044939772
00.0000000308612985167044939772
00.0000000308612985167044939772
00.0000000308612985167044939772
00.0000000308612985167044939772
00.0000000308612985167044939772
00.0000000308612985167044939772
00.0000000308612985167044939772
00.0000000308612985167044939772
00.0000000308612985167044939772
00.0000000308612985167044939772
00.0000000308612985167044939772
00.0000000308612985167044939772
00.0000000308612985167044939772
00.0000000308612985167044939772
00.0000000308612985167044939772
00.0000000308612985167044939772
00.0000000308612985167044939772
00.0000000308612985167044939772
00.0000000308612985167044939772
00.0000000308612985167044939772
00.0000000308612985167044939772
00.0000000308612985167044939772
00.0000000308612985167044939772
00.0000000308612985167044939772
00.0000000308612985167044939772
00.0000000308612985167044939772
00.0000000308612985167044939772
00.0000000308612985167044939772
00.0000000308612985167044939772
00.0000000308612985167044939772
00.0000000308612985167044939772
00.0000000308612985167044939772
00.0000000308612985167044939772
00.0000000308612985167044939772
00.0000000308612985167044939772
00.0000000308612985167044939772
00.0000000308612985167044939772
00.0000000308612985167044939772
00.0000000308612985167044939772
00.0000000308612985167044939772
00.0000000308612985167044939772
00.0000000308612985167044939772
00.0000000308612985167044939772
00.0000000308612985167044939772
00.0000000308612985167044939772
00.0000000308612985167044939772
00.0000000308612985167044939772
00.0000000308612985167044939772
00.0000000308612985167044939772
00.0000000308612985167044939772
00.0000000308612985167044939772
00.0000000308612985167044939772
00.0000000308612985167044939772
00.0000000308612985167044939772
00.0000000308612985167044939772
00.0000000308612985167044939772
00.0000000308612985167044939772
00.0000000308612985167044939772
00.0000000308612985167044939772
00.0000000308612985167044939772
00.0000000308612985167044939772
00.0000000308612985167044939772
00.0000000308612985167044939772
00.0000000308612985167044939772
00.0000000308612985167044939772
00.0000000308612985167044939772
00.0000000308612985167044939772
00.0000000308612985167044939772
00.0000000308612985167044939772
00.0000000308612985167044939772
00.0000000308612985167044939772
00.0000000308612985167044939772
00.0000000308612985167044939772
00.0000000308612985167044939772
00.0000000308612985167044939772
00.0000000308612985167044939772
00.0000000308612985167044939772
00.0000000308612985167044939772
00.0000000308612985167044939772
00.0000000308612985167044939772
00.0000000308612985167044939772
00.0000000308612985167044939772
00.0000000308612985167044939772
00.0000000308612985167044939772
00.0000000308612985167044939772
00.0000000308612985167044939772
00.0000000308612985167044939772
00.0000000308612985167044939772
00.0000000308612985167044939772
00.0000000308612985167044939772
00.0000000308612985167044939772
00.0000000308612985167044939772
00.0000000308612985167044939772
00.0000000308612985167044939772
00.0000000308612985167044939772
00.0000000308612985167044939772
00.0000000308612985167044939772
00.0000000308612985167044939772
00.0000000308612985167044939772
00.0000000308612985167044939772
00.0000000308612985167044939772
00.0000000308612985167044939772
00.0000000308612985167044939772
00.0000000308612985167044939772
00.0000000308612985167044939772
00.0000000308612985167044939772
00.0000000308612985167044939772
00.0000000308612985167044939772
00.0000000308612985167044939772
00.0000000308612985167044939772
00.0000000308612985167044939772
00.0000000308612985167044939772
00.0000000308612985167044939772
00.0000000308612985167044939772
00.0000000308612985167044939772
00.0000000308612985167044939772
00.0000000308612985167044939772
00.0000000308612985167044939772
00.0000000308612985167044939772
00.0000000308612985167044939772
00.0000000308612985167044939772
00.0000000308612985167044939772
00.0000000308612985167044939772
00.0000000308612985167044939772
00.0000000308612985167044939772
00.0000000308612985167044939772
00.0000000308612985167044939772
00.0000000308612985167044939772
00.0000000308612985167044939772
00.0000000308612985167044939772
00.0000000308612985167044939772
00.0000000308612985167044939772
00.0000000308612985167044939772
00.0000000308612985167044939772
00.0000000308612985167044939772
00.0000000308612985167044939772
00.0000000308612985167044939772
00.0000000308612985167044939772
00.0000000308612985167044939772
00.0000000308612985167044939772
00.0000000308612985167044939772
00.0000000308612985167044939772
00.0000000308612985167044939772
00.0000000308612985167044939772
00.0000000308612985167044939772
00.0000000308612985167044939772
00.0000000308612985167044939772
00.0000000308612985167044939772
00.0000000308612985167044939772
00.0000000308612985167044939772
00.0000000308612985167044939772
00.0000000308612985167044939772
00.0000000308612985167044939772
00.0000000308612985167044939772
00.0000000308612985167044939772
00.0000000308612985167044939772
00.0000000308612985167044939772
00.0000000308612985167044939772
00.0000000308612985167044939772
00.0000000308612985167044939772
00.0000000308612985167044939772
00.0000000308612985167044939772
00.0000000308612985167044939772
00.0000000308612985167044939772
00.0000000308612985167044939772
00.0000000308612985167044939772
00.0000000308612985167044939772
00.0000000308612985167044939772
00.0000000308612985167044939772
00.0000000308612985167044939772
00.0000000308612985167044939772
00.0000000308612985167044939772
00.0000000308612985167044939772
00.0000000308612985167044939772
00.0000000308612985167044939772
00.0000000308612985167044939772
00.0000000308612985167044939772
00.0000000308612985167044939772
00.0000000308612985167044939772
00.0000000308612985167044939772
00.0000000308612985167044939772
00.0000000308612985167044939772
00.0000000308612985167044939772
00.0000000308612985167044939772
00.0000000308612985167044939772
00.0000000308612985167044939772
00.0000000308612985167044939772
00.0000000308612985167044939772
00.0000000308612985167044939772
00.0000000308612985167044939772
00.0000000308612985167044939772
00.0000000308612985167044939772
00.0000000308612985167044939772
00.0000000308612985167044939772
00.0000000308612985167044939772
00.0000000308612985167044939772
00.0000000308612985167044939772
00.0000000308612985167044939772
00.0000000308612985167044939772
00.0000000308612985167044939772
00.0000000308612985167044939772
00.0000000308612985167044939772
00.0000000308612985167044939772
00.0000000308612985167044939772
00.0000000308612985167044939772
00.0000000308612985167044939772
00.0000000308612985167044939772
00.0000000308612985167044939772
00.0000000308612985167044939772
00.0000000308612985167044939772
00.0000000308612985167044939772
00.0000000308612985167044939772
00.0000000308612985167044939772
00.0000000308612985167044939772
00.0000000308612985167044939772
00.0000000308612985167044939772
00.0000000308612985167044939772
00.0000000308612985167044939772
00.0000000308612985167044939772
00.0000000308612985167044939772
00.0000000308612985167044939772
00.0000000308612985167044939772
00.0000000308612985167044939772
00.0000000308612985167044939772
00.0000000308612985167044939772
00.0000000308612985167044939772
00.0000000308612985167044939772
00.0000000308612985167044939772
00.0000000308612985167044939772
00.0000000308612985167044939772
00.0000000308612985167044939772
00.0000000308612985167044939772
00.0000000308612985167044939772
00.0000000308612985167044939772
00.0000000308612985167044939772
00.0000000308612985167044939772
00.0000000308612985167044939772
00.0000000308612985167044939772
00.0000000308612985167044939772
00.0000000308612985167044939772
00.0000000308612985167044939772
00.0000000308612985167044939772
00.0000000308612985167044939772
00.0000000308612985167044939772
00.0000000308612985167044939772
00.0000000308612985167044939772
00.0000000308612985167044939772
00.0000000308612985167044939772
00.0000000308612985167044939772
00.0000000308612985167044939772
00.0000000308612985167044939772
00.0000000308612985167044939772
00.0000000308612985167044939772
00.0000000308612985167044939772
00.0000000308612985167044939772
00.0000000308612985167044939772
00.0000000308612985167044939772
00.0000000308612985167044939772
00.0000000308612985167044939772
00.0000000308612985167044939772
00.0000000308612985167044939772
00.0000000308612985167044939772
00.0000000308612985167044939772
00.0000000308612985167044939772
00.0000000308612985167044939772
00.0000000308612985167044939772
00.0000000308612985167044939772
00.0000000308612985167044939772
00.0000000308612985167044939772
00.0000000308612985167044939772
00.0000000308612985167044939772
00.0000000308612985167044939772
00.0000000308612985167044939772
00.0000000308612985167044939772
00.0000000308612985167044939772
00.0000000308612985167044939772
00.0000000308612985167044939772
00.0000000308612985167044939772
00.0000000308612985167044939772
00.0000000308612985167044939772
00.0000000308612985167044939772
00.0000000308612985167044939772
00.0000000308612985167044939772
00.0000000308612985167044939772
00.0000000308612985167044939772
00.0000000308612985167044939772
00.0000000308612985167044939772
00.0000000308612985167044939772
00.0000000308612985167044939772
00.0000000308612985167044939772
00.0000000308612985167044939772
00.0000000308612985167044939772
00.0000000308612985167044939772
00.0000000308612985167044939772
00.0000000308612985167044939772
00.0000000308612985167044939772
00.0000000308612985167044939772
00.0000000308612985167044939772
00.0000000308612985167044939772
00.0000000308612985167044939772
00.0000000308612985167044939772
00.0000000308612985167044939772
00.0000000308612985167044939772
00.0000000308612985167044939772
00.0000000308612985167044939772
00.0000000308612985167044939772
00.0000000308612985167044939772
00.0000000308612985167044939772
00.0000000308612985167044939772
00.0000000308612985167044939772
00.0000000308612985167044939772
00.0000000308612985167044939772
00.0000000308612985167044939772
00.0000000308612985167044939772
00.0000000308612985167044939772
00.0000000308612985167044939772
00.0000000308612985167044939772
00.0000000308612985167044939772
00.0000000308612985167044939772
00.0000000308612985167044939772
00.0000000308612985167044939772
00.0000000308612985167044939772
00.0000000308612985167044939772
00.0000000308612985167044939772
00.0000000308612985167044939772
00.0000000308612985167044939772
00.0000000308612985167044939772
00.0000000308612985167044939772
00.0000000308612985167044939772
00.0000000308612985167044939772
00.0000000308612985167044939772
00.0000000308612985167044939772
00.0000000308612985167044939772
00.0000000308612985167044939772
00.0000000308612985167044939772
00.0000000308612985167044939772
00.0000000308612985167044939772
00.0000000308612985167044939772
00.0000000308612985167044939772
00.0000000308612985167044939772
00.0000000308612985167044939772
00.0000000308612985167044939772
00.0000000308612985167044939772
00.0000000308612985167044939772
00.0000000308612985167044939772
00.0000000308612985167044939772
00.0000000308612985167044939772
00.0000000308612985167044939772
00.0000000308612985167044939772
00.0000000308612985167044939772
00.0000000308612985167044939772
00.0000000308612985167044939772
00.0000000308612985167044939772
00.0000000308612985167044939772
00.0000000308612985167044939772
00.0000000308612985167044939772
00.0000000308612985167044939772
00.0000000308612985167044939772
00.0000000308612985167044939772
00.0000000308612985167044939772
00.0000000308612985167044939772
00.0000000308612985167044939772
00.0000000308612985167044939772
00.0000000308612985167044939772
00.0000000308612985167044939772
00.0000000308612985167044939772
00.0000000308612985167044939772
00.0000000308612985167044939772
00.0000000308612985167044939772
00.0000000308612985167044939772
00.0000000308612985167044939772
00.0000000308612985167044939772
00.0000000308612985167044939772
00.0000000308612985167044939772
00.0000000308612985167044939772
00.0000000308612985167044939772
00.0000000308612985167044939772
00.0000000308612985167044939772
00.0000000308612985167044939772
00.0000000308612985167044939772
00.0000000308612985167044939772
00.0000000308612985167044939772
00.0000000308612985167044939772
00.0000000308612985167044939772
00.0000000308612985167044939772
00.0000000308612985167044939772
00.0000000308612985167044939772
00.0000000308612985167044939772
00.0000000308612985167044939772
00.0000000308612985167044939772
00.0000000308612985167044939772
00.0000000308612985167044939772
00.0000000308612985167044939772
00.0000000308612985167044939772
00.0000000308612985167044939772
00.0000000308612985167044939772
00.0000000308612985167044939772
00.0000000308612985167044939772
00.0000000308612985167044939772
00.0000000308612985167044939772
00.0000000308612985167044939772
00.0000000308612985167044939772
00.0000000308612985167044939772
00.0000000308612985167044939772
00.0000000308612985167044939772
00.0000000308612985167044939772
00.0000000308612985167044939772
00.0000000308612985167044939772
00.0000000308612985167044939772
00.0000000308612985167044939772
00.0000000308612985167044939772
00.0000000308612985167044939772
00.0000000308612985167044939772
00.0000000308612985167044939772
00.0000000308612985167044939772
00.0000000308612985167044939772
00.0000000308612985167044939772
00.0000000308612985167044939772
00.0000000308612985167044939772
00.0000000308612985167044939772
00.0000000308612985167044939772
00.0000000308612985167044939772
00.0000000308612985167044939772
00.0000000308612985167044939772
00.0000000308612985167044939772
00.0000000308612985167044939772
00.0000000308612985167044939772
00.0000000308612985167044939772
00.0000000308612985167044939772
00.0000000308612985167044939772
00.0000000308612985167044939772
00.0000000308612985167044939772
00.0000000308612985167044939772
00.0000000308612985167044939772
00.0000000308612985167044939772
00.0000000308612985167044939772
00.0000000308612985167044939772
00.0000000308612985167044939772
00.0000000308612985167044939772
00.0000000308612985167044939772
00.0000000308612985167044939772
00.0000000308612985167044939772
00.0000000308612985167044939772
00.0000000308612985167044939772
00.0000000308612985167044939772
00.0000000308612985167044939772
00.0000000308612985167044939772
00.0000000308612985167044939772
00.0000000308612985167044939772
00.0000000308612985167044939772
00.0000000308612985167044939772
00.0000000308612985167044939772
00.0000000308612985167044939772
00.0000000308612985167044939772
00.0000000308612985167044939772
00.0000000308612985167044939772
00.0000000308612985167044939772
00.0000000308612985167044939772
00.0000000308612985167044939772
00.0000000308612985167044939772
00.0000000308612985167044939772
00.0000000308612985167044939772
00.0000000308612985167044939772
00.0000000308612985167044939772
00.0000000308612985167044939772
00.0000000308612985167044939772
00.0000000308612985167044939772
00.0000000308612985167044939772
00.0000000308612985167044939772
00.0000000308612985167044939772
00.0000000308612985167044939772
00.0000000308612985167044939772
00.0000000308612985167044939772
00.0000000308612985167044939772
00.0000000308612985167044939772
00.0000000308612985167044939772
00.0000000308612985167044939772
00.0000000308612985167044939772
00.0000000308612985167044939772
00.0000000308612985167044939772
00.0000000308612985167044939772
00.0000000308612985167044939772
00.0000000308612985167044939772
00.0000000308612985167044939772
00.0000000308612985167044939772
00.0000000308612985167044939772
00.0000000308612985167044939772
00.0000000308612985167044939772
00.0000000308612985167044939772
00.0000000308612985167044939772
00.0000000308612985167044939772
00.0000000308612985167044939772
00.0000000308612985167044939772
00.0000000308612985167044939772
00.0000000308612985167044939772
00.0000000308612985167044939772
00.0000000308612985167044939772
00.0000000308612985167044939772
00.0000000308612985167044939772
00.0000000308612985167044939772
00.0000000276503376861469973846
00.0000000276503376861469973846
00.0000000276503376861469973846
00.0000000276503376861469973846
00.0000000276503376861469973846
00.0000000276503376861469973846
00.0000000276503376861469973846
00.0000000276503376861469973846
00.0000000276503376861469973846
00.0000000276503376861469973846
00.0000000276503376861469973846
00.0000000276503376861469973846
00.0000000276503376861469973846
00.0000000276503376861469973846
00.0000000276503376861469973846
00.0000000276503376861469973846
00.0000000276503376861469973846
00.0000000276503376861469973846
00.0000000276503376861469973846
00.0000000276503376861469973846
00.0000000276503376861469973846
00.0000000276503376861469973846
00.0000000276503376861469973846
00.0000000276503376861469973846
00.0000000276503376861469973846
00.0000000276503376861469973846
00.0000000276503376861469973846
00.0000000276503376861469973846
00.0000000276503376861469973846
00.0000000276503376861469973846
00.0000000276503376861469973846
00.0000000276503376861469973846
00.0000000276503376861469973846
00.0000000276503376861469973846
00.0000000276503376861469973846
00.0000000276503376861469973846
00.0000000276503376861469973846
00.0000000276503376861469973846
00.0000000276503376861469973846
00.0000000276503376861469973846
00.0000000276503376861469973846
00.0000000276503376861469973846
00.0000000276503376861469973846
00.0000000276503376861469973846
00.0000000276503376861469973846
00.0000000276503376861469973846
00.0000000276503376861469973846
00.0000000276503376861469973846
00.0000000276503376861469973846
00.0000000276503376861469973846
00.0000000276503376861469973846
00.0000000276503376861469973846
00.0000000276503376861469973846
00.0000000276503376861469973846
00.0000000276503376861469973846
00.0000000276503376861469973846
00.0000000276503376861469973846
00.0000000276503376861469973846
00.0000000276503376861469973846
00.0000000276503376861469973846
00.0000000276503376861469973846
00.0000000276503376861469973846
00.0000000276503376861469973846
00.0000000276503376861469973846
00.0000000276503376861469973846
00.0000000276503376861469973846
00.0000000276503376861469973846
00.0000000276503376861469973846
00.0000000276503376861469973846
00.0000000276503376861469973846
00.0000000276503376861469973846
00.0000000276503376861469973846
00.0000000276503376861469973846
00.0000000276503376861469973846
00.0000000276503376861469973846
00.0000000276503376861469973846
00.0000000276503376861469973846
00.0000000276503376861469973846
00.0000000276503376861469973846
00.0000000276503376861469973846
00.0000000276503376861469973846
00.0000000276503376861469973846
00.0000000276503376861469973846
00.0000000276503376861469973846
00.0000000276503376861469973846
00.0000000276503376861469973846
00.0000000276503376861469973846
00.0000000276503376861469973846
00.0000000276503376861469973846
00.0000000276503376861469973846
00.0000000276503376861469973846
00.0000000276503376861469973846
00.0000000276503376861469973846
00.0000000276503376861469973846
00.0000000276503376861469973846
00.0000000276503376861469973846
00.0000000276503376861469973846
00.0000000276503376861469973846
00.0000000276503376861469973846
00.0000000276503376861469973846
00.0000000276503376861469973846
00.0000000276503376861469973846
00.0000000276503376861469973846
00.0000000276503376861469973846
00.0000000276503376861469973846
00.0000000276503376861469973846
00.0000000276503376861469973846
00.0000000276503376861469973846
00.0000000276503376861469973846
00.0000000276503376861469973846
00.0000000276503376861469973846
00.0000000276503376861469973846
00.0000000276503376861469973846
00.0000000276503376861469973846
00.0000000276503376861469973846
00.0000000276503376861469973846
00.0000000276503376861469973846
00.0000000276503376861469973846
00.0000000276503376861469973846
00.0000000276503376861469973846
00.0000000276503376861469973846
00.0000000276503376861469973846
00.0000000276503376861469973846
00.0000000276503376861469973846
00.0000000276503376861469973846
00.0000000276503376861469973846
00.0000000276503376861469973846
00.0000000276503376861469973846
00.0000000276503376861469973846
00.0000000276503376861469973846
00.0000000276503376861469973846
00.0000000276503376861469973846
00.0000000276503376861469973846
00.0000000276503376861469973846
00.0000000276503376861469973846
00.0000000276503376861469973846
00.0000000276503376861469973846
00.0000000276503376861469973846
00.0000000276503376861469973846
00.0000000276503376861469973846
00.0000000276503376861469973846
00.0000000276503376861469973846
00.0000000276503376861469973846
00.0000000276503376861469973846
00.0000000276503376861469973846
00.0000000276503376861469973846
00.0000000276503376861469973846
00.0000000276503376861469973846
00.0000000276503376861469973846
00.0000000276503376861469973846
00.0000000276503376861469973846
00.0000000276503376861469973846
00.0000000276503376861469973846
00.0000000276503376861469973846
00.0000000276503376861469973846
00.0000000276503376861469973846
00.0000000276503376861469973846
00.0000000276503376861469973846
00.0000000276503376861469973846
00.0000000276503376861469973846
00.0000000276503376861469973846
00.0000000276503376861469973846
00.0000000276503376861469973846
00.0000000276503376861469973846
00.0000000276503376861469973846
00.0000000276503376861469973846
00.0000000276503376861469973846
00.0000000276503376861469973846
00.0000000276503376861469973846
00.0000000276503376861469973846
00.0000000276503376861469973846
00.0000000276503376861469973846
00.0000000276503376861469973846
00.0000000276503376861469973846
00.0000000276503376861469973846
00.0000000276503376861469973846
00.0000000276503376861469973846
00.0000000276503376861469973846
00.0000000276503376861469973846
00.0000000276503376861469973846
00.0000000276503376861469973846
00.0000000276503376861469973846
00.0000000276503376861469973846
00.0000000276503376861469973846
00.0000000276503376861469973846
00.0000000276503376861469973846
00.0000000276503376861469973846
00.0000000276503376861469973846
00.0000000276503376861469973846
00.0000000276503376861469973846
00.0000000276503376861469973846
00.0000000276503376861469973846
00.0000000276503376861469973846
00.0000000276503376861469973846
00.0000000276503376861469973846
00.0000000276503376861469973846
00.0000000276503376861469973846
00.0000000276503376861469973846
00.0000000276503376861469973846
00.0000000276503376861469973846
00.0000000276503376861469973846
00.0000000276503376861469973846
00.0000000276503376861469973846
00.0000000276503376861469973846
00.0000000276503376861469973846
00.0000000276503376861469973846
00.0000000276503376861469973846
00.0000000276503376861469973846
00.0000000276503376861469973846
00.0000000276503376861469973846
00.0000000276503376861469973846
00.0000000276503376861469973846
00.0000000276503376861469973846
00.0000000276503376861469973846
00.0000000276503376861469973846
00.0000000276503376861469973846
00.0000000276503376861469973846
00.0000000276503376861469973846
00.0000000276503376861469973846
00.0000000276503376861469973846
00.0000000276503376861469973846
00.0000000276503376861469973846
00.0000000276503376861469973846
00.0000000276503376861469973846
00.0000000276503376861469973846
00.0000000276503376861469973846
00.0000000276503376861469973846
00.0000000276503376861469973846
00.0000000276503376861469973846
00.0000000276503376861469973846
00.0000000276503376861469973846
00.0000000276503376861469973846
00.0000000276503376861469973846
00.0000000276503376861469973846
00.0000000276503376861469973846
00.0000000276503376861469973846
00.0000000276503376861469973846
00.0000000276503376861469973846
00.0000000276503376861469973846
00.0000000276503376861469973846
00.0000000276503376861469973846
00.0000000276503376861469973846
00.0000000276503376861469973846
00.0000000276503376861469973846
00.0000000276503376861469973846
00.0000000276503376861469973846
00.0000000276503376861469973846
00.0000000276503376861469973846
00.0000000276503376861469973846
00.0000000276503376861469973846
00.0000000276503376861469973846
00.0000000276503376861469973846
00.0000000276503376861469973846
00.0000000276503376861469973846
00.0000000276503376861469973846
00.0000000276503376861469973846
00.0000000276503376861469973846
00.0000000276503376861469973846
00.0000000276503376861469973846
00.0000000276503376861469973846
00.0000000276503376861469973846
00.0000000276503376861469973846
00.0000000276503376861469973846
00.0000000276503376861469973846
00.0000000276503376861469973846
00.0000000276503376861469973846
00.0000000276503376861469973846
00.0000000276503376861469973846
00.0000000276503376861469973846
00.0000000276503376861469973846
00.0000000276503376861469973846
00.0000000276503376861469973846
00.0000000276503376861469973846
00.0000000276503376861469973846
00.0000000276503376861469973846
00.0000000276503376861469973846
00.0000000276503376861469973846
00.0000000276503376861469973846
00.0000000276503376861469973846
00.0000000276503376861469973846
00.0000000276503376861469973846
00.0000000276503376861469973846
00.0000000276503376861469973846
00.0000000276503376861469973846
00.0000000276503376861469973846
00.0000000276503376861469973846
00.0000000276503376861469973846
00.0000000276503376861469973846
00.0000000276503376861469973846
00.0000000276503376861469973846
00.0000000276503376861469973846
00.0000000276503376861469973846
00.0000000276503376861469973846
00.0000000276503376861469973846
00.0000000276503376861469973846
00.0000000276503376861469973846
00.0000000276503376861469973846
00.0000000276503376861469973846
00.0000000276503376861469973846
00.0000000276503376861469973846
00.0000000276503376861469973846
00.0000000276503376861469973846
00.0000000276503376861469973846
00.0000000276503376861469973846
00.0000000276503376861469973846
00.0000000276503376861469973846
00.0000000276503376861469973846
00.0000000276503376861469973846
00.0000000276503376861469973846
00.0000000276503376861469973846
00.0000000276503376861469973846
00.0000000276503376861469973846
00.0000000276503376861469973846
00.0000000276503376861469973846
00.0000000276503376861469973846
00.0000000276503376861469973846
00.0000000276503376861469973846
00.0000000276503376861469973846
00.0000000276503376861469973846
00.0000000276503376861469973846
00.0000000276503376861469973846
00.0000000276503376861469973846
00.0000000276503376861469973846
00.0000000276503376861469973846
00.0000000276503376861469973846
00.0000000276503376861469973846
00.0000000276503376861469973846
00.0000000276503376861469973846
00.0000000276503376861469973846
00.0000000276503376861469973846
00.0000000276503376861469973846
00.0000000276503376861469973846
00.0000000276503376861469973846
00.0000000276503376861469973846
00.0000000276503376861469973846
00.0000000276503376861469973846
00.0000000276503376861469973846
00.0000000276503376861469973846
00.0000000276503376861469973846
00.0000000276503376861469973846
00.0000000276503376861469973846
00.0000000276503376861469973846
00.0000000276503376861469973846
00.0000000276503376861469973846
00.0000000276503376861469973846
00.0000000276503376861469973846
00.0000000276503376861469973846
00.0000000276503376861469973846
00.0000000276503376861469973846
00.0000000276503376861469973846
00.0000000276503376861469973846
00.0000000276503376861469973846
00.0000000276503376861469973846
00.0000000276503376861469973846
00.0000000276503376861469973846
00.0000000276503376861469973846
00.0000000276503376861469973846
00.0000000276503376861469973846
00.0000000276503376861469973846
00.0000000276503376861469973846
00.0000000276503376861469973846
00.0000000276503376861469973846
00.0000000276503376861469973846
00.0000000276503376861469973846
00.0000000276503376861469973846
00.0000000276503376861469973846
00.0000000276503376861469973846
00.0000000276503376861469973846
00.0000000276503376861469973846
00.0000000276503376861469973846
00.0000000276503376861469973846
00.0000000276503376861469973846
00.0000000276503376861469973846
00.0000000276503376861469973846
00.0000000276503376861469973846
00.0000000276503376861469973846
00.0000000276503376861469973846
00.0000000276503376861469973846
00.0000000276503376861469973846
00.0000000276503376861469973846
00.0000000276503376861469973846
00.0000000276503376861469973846
00.0000000276503376861469973846
00.0000000276503376861469973846
00.0000000276503376861469973846
00.0000000276503376861469973846
00.0000000276503376861469973846
00.0000000276503376861469973846
00.0000000276503376861469973846
00.0000000276503376861469973846
00.0000000276503376861469973846
00.0000000276503376861469973846
00.0000000276503376861469973846
00.0000000276503376861469973846
00.0000000276503376861469973846
00.0000000276503376861469973846
00.0000000276503376861469973846
00.0000000276503376861469973846
00.0000000276503376861469973846
00.0000000276503376861469973846
00.0000000276503376861469973846
00.0000000276503376861469973846
00.0000000276503376861469973846
00.0000000276503376861469973846
00.0000000276503376861469973846
00.0000000276503376861469973846
00.0000000276503376861469973846
00.0000000276503376861469973846
00.0000000276503376861469973846
00.0000000276503376861469973846
00.0000000276503376861469973846
00.0000000276503376861469973846
00.0000000276503376861469973846
00.0000000276503376861469973846
00.0000000276503376861469973846
00.0000000276503376861469973846
00.0000000276503376861469973846
00.0000000276503376861469973846
00.0000000276503376861469973846
00.0000000276503376861469973846
00.0000000276503376861469973846
00.0000000276503376861469973846
00.0000000276503376861469973846
00.0000000276503376861469973846
00.0000000276503376861469973846
00.0000000276503376861469973846
00.0000000276503376861469973846
00.0000000276503376861469973846
00.0000000276503376861469973846
00.0000000276503376861469973846
00.0000000276503376861469973846
00.0000000276503376861469973846
00.0000000276503376861469973846
00.0000000276503376861469973846
00.0000000276503376861469973846
00.0000000276503376861469973846
00.0000000276503376861469973846
00.0000000276503376861469973846
00.0000000276503376861469973846
00.0000000276503376861469973846
00.0000000276503376861469973846
00.0000000276503376861469973846
00.0000000276503376861469973846
00.0000000276503376861469973846
00.0000000276503376861469973846
00.0000000276503376861469973846
00.0000000276503376861469973846
00.0000000276503376861469973846
00.0000000276503376861469973846
00.0000000276503376861469973846
00.0000000276503376861469973846
00.0000000276503376861469973846
00.0000000276503376861469973846
00.0000000276503376861469973846
00.0000000276503376861469973846
00.0000000276503376861469973846
00.0000000276503376861469973846
00.0000000276503376861469973846
00.0000000276503376861469973846
00.0000000276503376861469973846
00.0000000276503376861469973846
00.0000000276503376861469973846
00.0000000276503376861469973846
00.0000000276503376861469973846
00.0000000276503376861469973846
00.0000000276503376861469973846
00.0000000276503376861469973846
00.0000000276503376861469973846
00.0000000276503376861469973846
00.0000000276503376861469973846
00.0000000276503376861469973846
00.0000000276503376861469973846
00.0000000276503376861469973846
00.0000000276503376861469973846
00.0000000276503376861469973846
00.0000000276503376861469973846
00.0000000276503376861469973846
00.0000000276503376861469973846
00.0000000276503376861469973846
00.0000000276503376861469973846
00.0000000276503376861469973846
00.0000000276503376861469973846
00.0000000276503376861469973846
00.0000000276503376861469973846
00.0000000276503376861469973846
00.0000000276503376861469973846
00.0000000276503376861469973846
00.0000000276503376861469973846
00.0000000276503376861469973846
00.0000000276503376861469973846
00.0000000276503376861469973846
00.0000000276503376861469973846
00.0000000276503376861469973846
00.0000000276503376861469973846
00.0000000276503376861469973846
00.0000000276503376861469973846
00.0000000276503376861469973846
00.0000000276503376861469973846
00.0000000276503376861469973846
00.0000000276503376861469973846
00.0000000276503376861469973846
00.0000000276503376861469973846
00.0000000276503376861469973846
00.0000000276503376861469973846
00.0000000276503376861469973846
00.0000000276503376861469973846
00.0000000276503376861469973846
00.0000000276503376861469973846
00.0000000276503376861469973846
00.0000000276503376861469973846
00.0000000276503376861469973846
00.0000000276503376861469973846
00.0000000276503376861469973846
00.0000000276503376861469973846
00.0000000276503376861469973846
00.0000000276503376861469973846
00.0000000276503376861469973846
00.0000000276503376861469973846
00.0000000276503376861469973846
00.0000000276503376861469973846
00.0000000276503376861469973846
00.0000000276503376861469973846
00.0000000276503376861469973846
00.0000000276503376861469973846
00.0000000276503376861469973846
00.0000000276503376861469973846
00.0000000276503376861469973846
00.0000000276503376861469973846
00.0000000276503376861469973846
00.0000000276503376861469973846
00.0000000276503376861469973846
00.0000000276503376861469973846
00.0000000276503376861469973846
00.0000000276503376861469973846
00.0000000276503376861469973846
00.0000000276503376861469973846
00.0000000276503376861469973846
00.0000000276503376861469973846
00.0000000276503376861469973846
00.0000000276503376861469973846
00.0000000276503376861469973846
00.0000000276503376861469973846
00.0000000276503376861469973846
00.0000000276503376861469973846
00.0000000276503376861469973846
00.0000000276503376861469973846
00.0000000276503376861469973846
00.0000000276503376861469973846
00.0000000276503376861469973846
00.0000000276503376861469973846
00.0000000276503376861469973846
00.0000000276503376861469973846
00.0000000276503376861469973846
00.0000000276503376861469973846
00.0000000276503376861469973846
00.0000000276503376861469973846
00.0000000276503376861469973846
00.0000000276503376861469973846
00.0000000276503376861469973846
00.0000000276503376861469973846
00.0000000276503376861469973846
00.0000000276503376861469973846
00.0000000276503376861469973846
00.0000000276503376861469973846
00.0000000276503376861469973846
00.0000000276503376861469973846
00.0000000276503376861469973846
00.0000000276503376861469973846
00.0000000276503376861469973846
00.0000000276503376861469973846
00.0000000276503376861469973846
00.0000000276503376861469973846
00.0000000276503376861469973846
00.0000000276503376861469973846
00.0000000276503376861469973846
00.0000000276503376861469973846
00.0000000276503376861469973846
00.0000000276503376861469973846
00.0000000276503376861469973846
00.0000000276503376861469973846
00.0000000276503376861469973846
00.0000000276503376861469973846
00.0000000276503376861469973846
00.0000000276503376861469973846
00.0000000276503376861469973846
00.0000000276503376861469973846
00.0000000276503376861469973846
00.0000000276503376861469973846
00.0000000276503376861469973846
00.0000000276503376861469973846
00.0000000276503376861469973846
00.0000000276503376861469973846
00.0000000276503376861469973846
00.0000000276503376861469973846
00.0000000276503376861469973846
00.0000000276503376861469973846
00.0000000276503376861469973846
00.0000000276503376861469973846
00.0000000276503376861469973846
00.0000000276503376861469973846
00.0000000276503376861469973846
00.0000000276503376861469973846
00.0000000276503376861469973846
00.0000000276503376861469973846
00.0000000276503376861469973846
00.0000000276503376861469973846
00.0000000276503376861469973846
00.0000000276503376861469973846
00.0000000276503376861469973846
00.0000000276503376861469973846
00.0000000276503376861469973846
00.0000000276503376861469973846
00.0000000276503376861469973846
00.0000000276503376861469973846
00.0000000276503376861469973846
00.0000000276503376861469973846
00.0000000276503376861469973846
00.0000000276503376861469973846
00.0000000276503376861469973846
00.0000000276503376861469973846
00.0000000276503376861469973846
00.0000000276503376861469973846
00.0000000276503376861469973846
00.0000000276503376861469973846
00.0000000276503376861469973846
00.0000000276503376861469973846
00.0000000276503376861469973846
00.0000000276503376861469973846
00.0000000276503376861469973846
00.0000000276503376861469973846
00.0000000276503376861469973846
00.0000000276503376861469973846
00.0000000276503376861469973846
00.0000000276503376861469973846
00.0000000276503376861469973846
00.0000000276503376861469973846
00.0000000276503376861469973846
00.0000000276503376861469973846
00.0000000276503376861469973846
00.0000000276503376861469973846
00.0000000276503376861469973846
00.0000000276503376861469973846
00.0000000276503376861469973846
00.0000000276503376861469973846
00.0000000276503376861469973846
00.0000000276503376861469973846
00.0000000276503376861469973846
00.0000000276503376861469973846
00.0000000276503376861469973846
00.0000000276503376861469973846
00.0000000276503376861469973846
00.0000000276503376861469973846
00.0000000276503376861469973846
00.0000000276503376861469973846
00.0000000276503376861469973846
00.0000000276503376861469973846
00.0000000276503376861469973846
00.0000000276503376861469973846
00.0000000276503376861469973846
00.0000000276503376861469973846
00.0000000276503376861469973846
00.0000000276503376861469973846
00.0000000276503376861469973846
00.0000000276503376861469973846
00.0000000276503376861469973846
00.0000000276503376861469973846
00.0000000276503376861469973846
00.0000000276503376861469973846
00.0000000276503376861469973846
00.0000000276503376861469973846
00.0000000276503376861469973846
00.0000000276503376861469973846
00.0000000276503376861469973846
00.0000000276503376861469973846
00.0000000276503376861469973846
00.0000000276503376861469973846
00.0000000276503376861469973846
00.0000000276503376861469973846
00.0000000276503376861469973846
00.0000000276503376861469973846
00.0000000276503376861469973846
00.0000000276503376861469973846
00.0000000276503376861469973846
00.0000000276503376861469973846
00.0000000276503376861469973846
00.0000000276503376861469973846
00.0000000276503376861469973846
00.0000000276503376861469973846
00.0000000276503376861469973846
00.0000000276503376861469973846
00.0000000276503376861469973846
00.0000000276503376861469973846
00.0000000276503376861469973846
00.0000000276503376861469973846
00.0000000276503376861469973846
00.0000000276503376861469973846
00.0000000276503376861469973846
00.0000000276503376861469973846
00.0000000276503376861469973846
00.0000000276503376861469973846
00.0000000276503376861469973846
00.0000000276503376861469973846
00.0000000276503376861469973846
00.0000000276503376861469973846
00.0000000276503376861469973846
00.0000000276503376861469973846
00.0000000276503376861469973846
00.0000000276503376861469973846
00.0000000276503376861469973846
00.0000000276503376861469973846
00.0000000276503376861469973846
00.0000000276503376861469973846
00.0000000276503376861469973846
00.0000000276503376861469973846
00.0000000276503376861469973846
00.0000000276503376861469973846
00.0000000276503376861469973846
00.0000000276503376861469973846
00.0000000276503376861469973846
00.0000000276503376861469973846
00.0000000276503376861469973846
00.0000000276503376861469973846
00.0000000276503376861469973846
00.0000000276503376861469973846
00.0000000276503376861469973846
00.0000000276503376861469973846
00.0000000276503376861469973846
00.0000000276503376861469973846
00.0000000276503376861469973846
00.0000000276503376861469973846
00.0000000276503376861469973846
00.0000000276503376861469973846
00.0000000276503376861469973846
00.0000000276503376861469973846
00.0000000276503376861469973846
00.0000000276503376861469973846
00.0000000276503376861469973846
00.0000000276503376861469973846
00.0000000276503376861469973846
00.0000000276503376861469973846
00.0000000276503376861469973846
00.0000000276503376861469973846
00.0000000276503376861469973846
00.0000000276503376861469973846
00.0000000276503376861469973846
00.0000000276503376861469973846
00.0000000276503376861469973846
00.0000000276503376861469973846
00.0000000276503376861469973846
00.0000000276503376861469973846
00.0000000276503376861469973846
00.0000000276503376861469973846
00.0000000276503376861469973846
00.0000000276503376861469973846
00.0000000276503376861469973846
00.0000000276503376861469973846
00.0000000276503376861469973846
00.0000000276503376861469973846
00.0000000276503376861469973846
00.0000000276503376861469973846
00.0000000276503376861469973846
00.0000000276503376861469973846
00.0000000276503376861469973846
00.0000000276503376861469973846
00.0000000276503376861469973846
00.0000000276503376861469973846
00.0000000276503376861469973846
00.0000000276503376861469973846
00.0000000276503376861469973846
00.0000000276503376861469973846
00.0000000276503376861469973846
00.0000000276503376861469973846
00.0000000276503376861469973846
00.0000000276503376861469973846
00.0000000276503376861469973846
00.0000000276503376861469973846
00.0000000276503376861469973846
00.0000000276503376861469973846
00.0000000276503376861469973846
00.0000000276503376861469973846
00.0000000276503376861469973846
00.0000000276503376861469973846
00.0000000276503376861469973846
00.0000000276503376861469973846
00.0000000276503376861469973846
00.0000000276503376861469973846
00.0000000276503376861469973846
00.0000000276503376861469973846
00.0000000276503376861469973846
00.0000000276503376861469973846
00.0000000276503376861469973846
00.0000000276503376861469973846
00.0000000276503376861469973846
00.0000000276503376861469973846
00.0000000276503376861469973846
00.0000000276503376861469973846
00.0000000276503376861469973846
00.0000000276503376861469973846
00.0000000276503376861469973846
00.0000000276503376861469973846
00.0000000276503376861469973846
00.0000000276503376861469973846
00.0000000276503376861469973846
00.0000000276503376861469973846
00.0000000276503376861469973846
00.0000000276503376861469973846
00.0000000276503376861469973846
00.0000000276503376861469973846
00.0000000276503376861469973846
00.0000000276503376861469973846
00.0000000276503376861469973846
00.0000000276503376861469973846
00.0000000276503376861469973846
00.0000000276503376861469973846
00.0000000276503376861469973846
00.0000000276503376861469973846
00.0000000276503376861469973846
00.0000000276503376861469973846
00.0000000276503376861469973846
00.0000000276503376861469973846
00.0000000276503376861469973846
00.0000000276503376861469973846
00.0000000276503376861469973846
00.0000000276503376861469973846
00.0000000276503376861469973846
00.0000000276503376861469973846
00.0000000276503376861469973846
00.0000000276503376861469973846
00.0000000276503376861469973846
00.0000000276503376861469973846
00.0000000276503376861469973846
00.0000000276503376861469973846
00.0000000276503376861469973846
00.0000000276503376861469973846
00.0000000276503376861469973846
00.0000000276503376861469973846
00.0000000276503376861469973846
00.0000000276503376861469973846
00.0000000276503376861469973846
00.0000000276503376861469973846
00.0000000276503376861469973846
00.0000000276503376861469973846
00.0000000276503376861469973846
00.0000000276503376861469973846
00.0000000276503376861469973846
00.0000000276503376861469973846
00.0000000276503376861469973846
00.0000000276503376861469973846
00.0000000276503376861469973846
00.0000000276503376861469973846
00.0000000276503376861469973846
00.0000000276503376861469973846
00.0000000276503376861469973846
00.0000000276503376861469973846
00.0000000276503376861469973846
00.0000000276503376861469973846
00.0000000276503376861469973846
00.0000000276503376861469973846
00.0000000276503376861469973846
00.0000000276503376861469973846
00.0000000276503376861469973846
00.0000000276503376861469973846
00.0000000276503376861469973846
00.0000000276503376861469973846
00.0000000276503376861469973846
00.0000000276503376861469973846
00.0000000276503376861469973846
00.0000000276503376861469973846
00.0000000276503376861469973846
00.0000000276503376861469973846
00.0000000276503376861469973846
00.0000000276503376861469973846
00.0000000276503376861469973846
00.0000000276503376861469973846
00.0000000276503376861469973846
00.0000000276503376861469973846
00.0000000276503376861469973846
00.0000000276503376861469973846
00.0000000276503376861469973846
00.0000000276503376861469973846
00.0000000276503376861469973846
00.0000000276503376861469973846
00.0000000276503376861469973846
00.0000000276503376861469973846
00.0000000276503376861469973846
00.0000000276503376861469973846
00.0000000276503376861469973846
00.0000000276503376861469973846
00.0000000276503376861469973846
00.0000000276503376861469973846
00.0000000276503376861469973846
00.0000000276503376861469973846
00.0000000276503376861469973846
00.0000000276503376861469973846
00.0000000276503376861469973846
00.0000000276503376861469973846
00.0000000276503376861469973846
00.0000000276503376861469973846
00.0000000276503376861469973846
00.0000000276503376861469973846
00.0000000276503376861469973846
00.0000000276503376861469973846
00.0000000276503376861469973846
00.0000000276503376861469973846
00.0000000276503376861469973846
00.0000000276503376861469973846
00.0000000276503376861469973846
00.0000000276503376861469973846
00.0000000276503376861469973846
00.0000000276503376861469973846
00.0000000276503376861469973846
00.0000000276503376861469973846
00.0000000276503376861469973846
00.0000000276503376861469973846
00.0000000276503376861469973846
00.0000000276503376861469973846
00.0000000276503376861469973846
00.0000000276503376861469973846
00.0000000276503376861469973846
00.0000000276503376861469973846
00.0000000276503376861469973846
00.0000000276503376861469973846
00.0000000276503376861469973846
00.0000000276503376861469973846
00.0000000276503376861469973846
00.0000000276503376861469973846
00.0000000276503376861469973846
00.0000000276503376861469973846
00.0000000276503376861469973846
00.0000000276503376861469973846
00.0000000276503376861469973846
00.0000000276503376861469973846
00.0000000276503376861469973846
00.0000000276503376861469973846
00.0000000276503376861469973846
00.0000000276503376861469973846
00.0000000276503376861469973846
00.0000000276503376861469973846
00.0000000276503376861469973846
00.0000000276503376861469973846
00.0000000276503376861469973846
00.0000000276503376861469973846
00.0000000276503376861469973846
00.0000000276503376861469973846
00.0000000276503376861469973846
00.0000000276503376861469973846
00.0000000276503376861469973846
00.0000000276503376861469973846
00.0000000276503376861469973846
00.0000000276503376861469973846
00.0000000276503376861469973846
00.0000000276503376861469973846
00.0000000276503376861469973846
00.0000000276503376861469973846
00.0000000276503376861469973846
00.0000000276503376861469973846
00.0000000276503376861469973846
00.0000000276503376861469973846
00.0000000276503376861469973846
00.0000000276503376861469973846
00.0000000276503376861469973846
00.0000000276503376861469973846
00.0000000276503376861469973846
00.0000000276503376861469973846
00.0000000276503376861469973846
00.0000000276503376861469973846
00.0000000276503376861469973846
00.0000000276503376861469973846
00.0000000276503376861469973846
00.0000000276503376861469973846
00.0000000276503376861469973846
00.0000000276503376861469973846
00.0000000276503376861469973846
00.0000000276503376861469973846
00.0000000276503376861469973846
00.0000000276503376861469973846
00.0000000276503376861469973846
00.0000000276503376861469973846
00.0000000276503376861469973846
00.0000000276503376861469973846
00.0000000276503376861469973846
00.0000000276503376861469973846
00.0000000276503376861469973846
00.0000000276503376861469973846
00.0000000276503376861469973846
00.0000000276503376861469973846
00.0000000276503376861469973846
00.0000000276503376861469973846
00.0000000276503376861469973846
00.0000000276503376861469973846
00.0000000276503376861469973846
00.0000000276503376861469973846
00.0000000276503376861469973846
00.0000000276503376861469973846
00.0000000276503376861469973846
00.0000000276503376861469973846
00.0000000276503376861469973846
00.0000000276503376861469973846
00.0000000276503376861469973846
00.0000000276503376861469973846
00.0000000276503376861469973846
00.0000000276503376861469973846
00.0000000276503376861469973846
00.0000000276503376861469973846
00.0000000276503376861469973846
00.0000000276503376861469973846
00.0000000276503376861469973846
00.0000000276503376861469973846
00.0000000276503376861469973846
00.0000000276503376861469973846
00.0000000276503376861469973846
00.0000000276503376861469973846
00.0000000276503376861469973846
00.0000000276503376861469973846
00.0000000276503376861469973846
00.0000000276503376861469973846
00.0000000276503376861469973846
00.0000000276503376861469973846
00.0000000276503376861469973846
00.0000000276503376861469973846
00.0000000276503376861469973846
00.0000000276503376861469973846
00.0000000276503376861469973846
00.0000000276503376861469973846
00.0000000276503376861469973846
00.0000000276503376861469973846
00.0000000276503376861469973846
00.0000000276503376861469973846
00.0000000276503376861469973846
00.0000000276503376861469973846
00.0000000276503376861469973846
00.0000000276503376861469973846
00.0000000276503376861469973846
00.0000000276503376861469973846
00.0000000276503376861469973846
00.0000000276503376861469973846
00.0000000276503376861469973846
00.0000000276503376861469973846
00.0000000276503376861469973846
00.0000000276503376861469973846
00.0000000276503376861469973846
00.0000000276503376861469973846
00.0000000276503376861469973846
00.0000000276503376861469973846
00.0000000276503376861469973846
00.0000000276503376861469973846
00.0000000276503376861469973846
00.0000000276503376861469973846
00.0000000276503376861469973846
00.0000000276503376861469973846
00.0000000276503376861469973846
00.0000000276503376861469973846
00.0000000276503376861469973846
00.0000000276503376861469973846
00.0000000276503376861469973846
00.0000000276503376861469973846
00.0000000276503376861469973846
00.0000000276503376861469973846
00.0000000276503376861469973846
00.0000000276503376861469973846
00.0000000276503376861469973846
00.0000000276503376861469973846
00.0000000276503376861469973846
00.0000000276503376861469973846
00.0000000276503376861469973846
00.0000000276503376861469973846
00.0000000276503376861469973846
00.0000000276503376861469973846
00.0000000276503376861469973846
00.0000000276503376861469973846
00.0000000276503376861469973846
00.0000000276503376861469973846
00.0000000276503376861469973846
00.0000000276503376861469973846
00.0000000276503376861469973846
00.0000000276503376861469973846
00.0000000276503376861469973846
00.0000000276503376861469973846
00.0000000276503376861469973846
00.0000000276503376861469973846
00.0000000276503376861469973846
00.0000000276503376861469973846
00.0000000276503376861469973846
00.0000000276503376861469973846
00.0000000276503376861469973846
00.0000000276503376861469973846
00.0000000276503376861469973846
00.0000000276503376861469973846
00.0000000276503376861469973846
00.0000000276503376861469973846
00.0000000276503376861469973846
00.0000000276503376861469973846
00.0000000276503376861469973846
00.0000000276503376861469973846
00.0000000276503376861469973846
00.0000000276503376861469973846
00.0000000276503376861469973846
00.0000000276503376861469973846
00.0000000276503376861469973846
00.0000000276503376861469973846
00.0000000276503376861469973846
00.0000000276503376861469973846
00.0000000276503376861469973846
00.0000000276503376861469973846
00.0000000276503376861469973846
00.0000000276503376861469973846
00.0000000276503376861469973846
00.0000000276503376861469973846
00.0000000276503376861469973846
00.0000000276503376861469973846
00.0000000276503376861469973846
00.0000000276503376861469973846
00.0000000276503376861469973846
00.0000000276503376861469973846
00.0000000276503376861469973846
00.0000000276503376861469973846
00.0000000276503376861469973846
00.0000000276503376861469973846
00.0000000276503376861469973846
00.0000000276503376861469973846
00.0000000276503376861469973846
00.0000000276503376861469973846
00.0000000276503376861469973846
00.0000000276503376861469973846
00.0000000276503376861469973846
00.0000000276503376861469973846
00.0000000276503376861469973846
00.0000000276503376861469973846
00.0000000276503376861469973846
00.0000000276503376861469973846
00.0000000276503376861469973846
00.0000000276503376861469973846
00.0000000276503376861469973846
00.0000000276503376861469973846
00.0000000276503376861469973846
00.0000000276503376861469973846
00.0000000276503376861469973846
00.0000000276503376861469973846
00.0000000276503376861469973846
00.0000000276503376861469973846
00.0000000276503376861469973846
00.0000000276503376861469973846
00.0000000276503376861469973846
00.0000000276503376861469973846
00.0000000276503376861469973846
00.0000000276503376861469973846
00.0000000276503376861469973846
00.0000000276503376861469973846
00.0000000276503376861469973846
00.0000000276503376861469973846
00.0000000276503376861469973846
00.0000000276503376861469973846
00.0000000276503376861469973846
00.0000000276503376861469973846
00.0000000276503376861469973846
00.0000000276503376861469973846
00.0000000276503376861469973846
00.0000000276503376861469973846
00.0000000276503376861469973846
00.0000000276503376861469973846
00.0000000276503376861469973846
00.0000000276503376861469973846
00.0000000276503376861469973846
00.0000000276503376861469973846
00.0000000276503376861469973846
00.0000000276503376861469973846
00.0000000276503376861469973846
00.0000000276503376861469973846
00.0000000276503376861469973846
00.0000000276503376861469973846
00.0000000276503376861469973846
00.0000000276503376861469973846
00.0000000276503376861469973846
00.0000000276503376861469973846
00.0000000276503376861469973846
00.0000000276503376861469973846
00.0000000276503376861469973846
00.0000000276503376861469973846
00.0000000276503376861469973846
00.0000000276503376861469973846
00.0000000276503376861469973846
00.0000000276503376861469973846
00.0000000276503376861469973846
00.0000000276503376861469973846
00.0000000276503376861469973846
00.0000000276503376861469973846
00.0000000276503376861469973846
00.0000000276503376861469973846
00.0000000276503376861469973846
00.0000000276503376861469973846
00.0000000276503376861469973846
00.0000000276503376861469973846
00.0000000276503376861469973846
00.0000000276503376861469973846
00.0000000276503376861469973846
00.0000000276503376861469973846
00.0000000276503376861469973846
00.0000000276503376861469973846
00.0000000276503376861469973846
00.0000000276503376861469973846
00.0000000276503376861469973846
00.0000000276503376861469973846
00.0000000276503376861469973846
00.0000000276503376861469973846
00.0000000276503376861469973846
00.0000000276503376861469973846
00.0000000276503376861469973846
00.0000000276503376861469973846
00.0000000276503376861469973846
00.0000000276503376861469973846
00.0000000276503376861469973846
00.0000000276503376861469973846
00.0000000276503376861469973846
00.0000000276503376861469973846
00.0000000276503376861469973846
00.0000000276503376861469973846
00.0000000276503376861469973846
00.0000000276503376861469973846
00.0000000276503376861469973846
00.0000000276503376861469973846
00.0000000276503376861469973846
00.0000000276503376861469973846
00.0000000276503376861469973846
00.0000000276503376861469973846
00.0000000276503376861469973846
00.0000000276503376861469973846
00.0000000276503376861469973846
00.0000000276503376861469973846
00.0000000276503376861469973846
00.0000000276503376861469973846
00.0000000276503376861469973846
00.0000000276503376861469973846
00.0000000276503376861469973846
00.0000000276503376861469973846
00.0000000276503376861469973846
00.0000000276503376861469973846
00.0000000276503376861469973846
00.0000000276503376861469973846
00.0000000276503376861469973846
00.0000000276503376861469973846
00.0000000276503376861469973846
00.0000000276503376861469973846
00.0000000276503376861469973846
00.0000000276503376861469973846
00.0000000276503376861469973846
00.0000000276503376861469973846
00.0000000276503376861469973846
00.0000000276503376861469973846
00.0000000276503376861469973846
00.0000000276503376861469973846
00.0000000276503376861469973846
00.0000000276503376861469973846
00.0000000276503376861469973846
00.0000000276503376861469973846
00.0000000276503376861469973846
00.0000000276503376861469973846
00.0000000276503376861469973846
00.0000000276503376861469973846
00.0000000276503376861469973846
00.0000000276503376861469973846
00.0000000276503376861469973846
00.0000000276503376861469973846
00.0000000276503376861469973846
00.0000000276503376861469973846
00.0000000276503376861469973846
00.0000000276503376861469973846
00.0000000276503376861469973846
00.0000000276503376861469973846
00.0000000276503376861469973846
00.0000000276503376861469973846
00.0000000276503376861469973846
00.0000000276503376861469973846
00.0000000276503376861469973846
00.0000000276503376861469973846
00.0000000276503376861469973846
00.0000000276503376861469973846
00.0000000276503376861469973846
00.0000000276503376861469973846
00.0000000276503376861469973846
00.0000000276503376861469973846
00.0000000276503376861469973846
00.0000000276503376861469973846
00.0000000276503376861469973846
00.0000000276503376861469973846
00.0000000276503376861469973846
00.0000000276503376861469973846
00.0000000276503376861469973846
00.0000000276503376861469973846
00.0000000276503376861469973846
00.0000000276503376861469973846
00.0000000276503376861469973846
00.0000000276503376861469973846
00.0000000276503376861469973846
00.0000000276503376861469973846
00.0000000276503376861469973846
00.0000000276503376861469973846
00.0000000276503376861469973846
00.0000000276503376861469973846
00.0000000276503376861469973846
00.0000000276503376861469973846
00.0000000276503376861469973846
00.0000000276503376861469973846
00.0000000276503376861469973846
00.0000000276503376861469973846
00.0000000276503376861469973846
00.0000000276503376861469973846
00.0000000276503376861469973846
00.0000000276503376861469973846
00.0000000276503376861469973846
00.0000000276503376861469973846
00.0000000276503376861469973846
00.0000000276503376861469973846
00.0000000276503376861469973846
00.0000000276503376861469973846
00.0000000276503376861469973846
00.0000000276503376861469973846
00.0000000276503376861469973846
00.0000000276503376861469973846
00.0000000276503376861469973846
00.0000000276503376861469973846
00.0000000276503376861469973846
00.0000000276503376861469973846
00.0000000276503376861469973846
00.0000000276503376861469973846
00.0000000276503376861469973846
00.0000000276503376861469973846
00.0000000276503376861469973846
00.0000000276503376861469973846
00.0000000276503376861469973846
00.0000000276503376861469973846
00.0000000276503376861469973846
00.0000000276503376861469973846
00.0000000276503376861469973846
00.0000000276503376861469973846
00.0000000276503376861469973846
00.0000000276503376861469973846
00.0000000276503376861469973846
00.0000000276503376861469973846
00.0000000276503376861469973846
00.0000000276503376861469973846
00.0000000276503376861469973846
00.0000000276503376861469973846
00.0000000276503376861469973846
00.0000000276503376861469973846
00.0000000276503376861469973846
00.0000000276503376861469973846
00.0000000276503376861469973846
00.0000000276503376861469973846
00.0000000276503376861469973846
00.0000000276503376861469973846
00.0000000276503376861469973846
00.0000000276503376861469973846
00.0000000276503376861469973846
00.0000000276503376861469973846
00.0000000276503376861469973846
00.0000000276503376861469973846
00.0000000276503376861469973846
00.0000000276503376861469973846
00.0000000276503376861469973846
00.0000000276503376861469973846
00.0000000276503376861469973846
00.0000000276503376861469973846
00.0000000276503376861469973846
00.0000000276503376861469973846
00.0000000276503376861469973846
00.0000000276503376861469973846
00.0000000276503376861469973846
00.0000000276503376861469973846
00.0000000276503376861469973846
00.0000000276503376861469973846
00.0000000276503376861469973846
00.0000000276503376861469973846
00.0000000276503376861469973846
00.0000000276503376861469973846
00.0000000276503376861469973846
00.0000000276503376861469973846
00.0000000276503376861469973846
00.0000000276503376861469973846
00.0000000276503376861469973846
00.0000000276503376861469973846
00.0000000276503376861469973846
00.0000000276503376861469973846
00.0000000276503376861469973846
00.0000000276503376861469973846
00.0000000276503376861469973846
00.0000000276503376861469973846
00.0000000276503376861469973846
00.0000000276503376861469973846
00.0000000276503376861469973846
00.0000000276503376861469973846
00.0000000276503376861469973846
00.0000000276503376861469973846
00.0000000276503376861469973846
00.0000000276503376861469973846
00.0000000276503376861469973846
00.0000000276503376861469973846
00.0000000276503376861469973846
00.0000000276503376861469973846
00.0000000276503376861469973846
00.0000000276503376861469973846
00.0000000276503376861469973846
00.0000000276503376861469973846
00.0000000276503376861469973846
00.0000000276503376861469973846
00.0000000276503376861469973846
00.0000000276503376861469973846
00.0000000276503376861469973846
00.0000000276503376861469973846
00.0000000276503376861469973846
00.0000000276503376861469973846
00.0000000276503376861469973846
00.0000000276503376861469973846
00.0000000276503376861469973846
00.0000000276503376861469973846
00.0000000276503376861469973846
00.0000000276503376861469973846
00.0000000276503376861469973846
00.0000000276503376861469973846
00.0000000276503376861469973846
00.0000000276503376861469973846
00.0000000276503376861469973846
00.0000000276503376861469973846
00.0000000276503376861469973846
00.0000000276503376861469973846
00.0000000276503376861469973846
00.0000000276503376861469973846
00.0000000276503376861469973846
00.0000000276503376861469973846
00.0000000276503376861469973846
00.0000000276503376861469973846
00.0000000276503376861469973846
00.0000000276503376861469973846
00.0000000276503376861469973846
00.0000000276503376861469973846
00.0000000276503376861469973846
00.0000000276503376861469973846
00.0000000276503376861469973846
00.0000000276503376861469973846
00.0000000276503376861469973846
00.0000000276503376861469973846
00.0000000276503376861469973846
00.0000000276503376861469973846
00.0000000276503376861469973846
00.0000000276503376861469973846
00.0000000276503376861469973846
00.0000000276503376861469973846
00.0000000276503376861469973846
00.0000000276503376861469973846
00.0000000276503376861469973846
00.0000000276503376861469973846
00.0000000276503376861469973846
00.0000000276503376861469973846
00.0000000276503376861469973846
00.0000000276503376861469973846
00.0000000276503376861469973846
00.0000000276503376861469973846
00.0000000276503376861469973846
00.0000000276503376861469973846
00.0000000276503376861469973846
00.0000000276503376861469973846
00.0000000276503376861469973846
00.0000000276503376861469973846
00.0000000276503376861469973846
00.0000000276503376861469973846
00.0000000276503376861469973846
00.0000000276503376861469973846
00.0000000276503376861469973846
00.0000000276503376861469973846
00.0000000276503376861469973846
00.0000000276503376861469973846
00.0000000276503376861469973846
00.0000000276503376861469973846
00.0000000276503376861469973846
00.0000000276503376861469973846
00.0000000276503376861469973846
00.0000000276503376861469973846
00.0000000276503376861469973846
00.0000000276503376861469973846
00.0000000276503376861469973846
00.0000000276503376861469973846
00.0000000276503376861469973846
00.0000000276503376861469973846
00.0000000276503376861469973846
00.0000000276503376861469973846
00.0000000276503376861469973846
00.0000000276503376861469973846
00.0000000276503376861469973846
00.0000000276503376861469973846
00.0000000276503376861469973846
00.0000000276503376861469973846
00.0000000276503376861469973846
00.0000000276503376861469973846
00.0000000276503376861469973846
00.0000000276503376861469973846
00.0000000276503376861469973846
00.0000000276503376861469973846
00.0000000276503376861469973846
00.0000000276503376861469973846
00.0000000276503376861469973846
00.0000000276503376861469973846
00.0000000276503376861469973846
00.0000000276503376861469973846
00.0000000276503376861469973846
00.0000000276503376861469973846
00.0000000276503376861469973846
00.0000000276503376861469973846
00.0000000276503376861469973846
00.0000000276503376861469973846
00.0000000276503376861469973846
00.0000000276503376861469973846
00.0000000276503376861469973846
00.0000000276503376861469973846
00.0000000276503376861469973846
00.0000000276503376861469973846
00.0000000276503376861469973846
00.0000000276503376861469973846
00.0000000276503376861469973846
00.0000000276503376861469973846
00.0000000276503376861469973846
00.0000000276503376861469973846
00.0000000276503376861469973846
00.0000000276503376861469973846
00.0000000276503376861469973846
00.0000000276503376861469973846
00.0000000276503376861469973846
00.0000000276503376861469973846
00.0000000276503376861469973846
00.0000000276503376861469973846
00.0000000276503376861469973846
00.0000000276503376861469973846
00.0000000276503376861469973846
00.0000000276503376861469973846
00.0000000276503376861469973846
00.0000000276503376861469973846
00.0000000276503376861469973846
00.0000000276503376861469973846
00.0000000276503376861469973846
00.0000000276503376861469973846
00.0000000276503376861469973846
00.0000000276503376861469973846
00.0000000276503376861469973846
00.0000000276503376861469973846
00.0000000276503376861469973846
00.0000000276503376861469973846
00.0000000276503376861469973846
00.0000000276503376861469973846
00.0000000276503376861469973846
00.0000000276503376861469973846
00.0000000276503376861469973846
00.0000000276503376861469973846
00.0000000276503376861469973846
00.0000000276503376861469973846
00.0000000276503376861469973846
00.0000000276503376861469973846
00.0000000276503376861469973846
00.0000000276503376861469973846
00.0000000276503376861469973846
00.0000000276503376861469973846
00.0000000276503376861469973846
00.0000000276503376861469973846
00.0000000276503376861469973846
00.0000000276503376861469973846
00.0000000276503376861469973846
00.0000000276503376861469973846
00.0000000276503376861469973846
00.0000000276503376861469973846
00.0000000276503376861469973846
00.0000000276503376861469973846
00.0000000276503376861469973846
00.0000000276503376861469973846
00.0000000276503376861469973846
00.0000000276503376861469973846
00.0000000276503376861469973846
00.0000000276503376861469973846
00.0000000276503376861469973846
00.0000000276503376861469973846
00.0000000276503376861469973846
00.0000000276503376861469973846
00.0000000276503376861469973846
00.0000000276503376861469973846
00.0000000276503376861469973846
00.0000000276503376861469973846
00.0000000276503376861469973846
00.0000000276503376861469973846
00.0000000276503376861469973846
00.0000000276503376861469973846
00.0000000276503376861469973846
00.0000000276503376861469973846
00.0000000276503376861469973846
00.0000000276503376861469973846
00.0000000276503376861469973846
00.0000000276503376861469973846
00.0000000276503376861469973846
00.0000000276503376861469973846
00.0000000276503376861469973846
00.0000000276503376861469973846
00.0000000276503376861469973846
00.0000000276503376861469973846
00.0000000276503376861469973846
00.0000000276503376861469973846
00.0000000276503376861469973846
00.0000000276503376861469973846
00.0000000276503376861469973846
00.0000000276503376861469973846
00.0000000276503376861469973846
00.0000000276503376861469973846
00.0000000276503376861469973846
00.0000000276503376861469973846
00.0000000276503376861469973846
00.0000000276503376861469973846
00.0000000276503376861469973846
00.0000000276503376861469973846
00.0000000276503376861469973846
00.0000000276503376861469973846
00.0000000276503376861469973846
00.0000000276503376861469973846
00.0000000276503376861469973846
00.0000000276503376861469973846
00.0000000276503376861469973846
00.0000000276503376861469973846
00.0000000276503376861469973846
00.0000000276503376861469973846
00.0000000276503376861469973846
00.0000000276503376861469973846
00.0000000276503376861469973846
00.0000000276503376861469973846
00.0000000276503376861469973846
00.0000000276503376861469973846
00.0000000276503376861469973846
00.0000000276503376861469973846
00.0000000276503376861469973846
00.0000000276503376861469973846
00.0000000276503376861469973846
00.0000000276503376861469973846
00.0000000276503376861469973846
00.0000000276503376861469973846
00.0000000276503376861469973846
00.0000000276503376861469973846
00.0000000276503376861469973846
00.0000000276503376861469973846
00.0000000276503376861469973846
00.0000000276503376861469973846
00.0000000276503376861469973846
00.0000000276503376861469973846
00.0000000276503376861469973846
00.0000000276503376861469973846
00.0000000276503376861469973846
00.0000000276503376861469973846
00.0000000276503376861469973846
00.0000000276503376861469973846
00.0000000276503376861469973846
00.0000000276503376861469973846
00.0000000276503376861469973846
00.0000000276503376861469973846
00.0000000276503376861469973846
00.0000000276503376861469973846
00.0000000276503376861469973846
00.0000000276503376861469973846
00.0000000276503376861469973846
00.0000000276503376861469973846
00.0000000276503376861469973846
00.0000000276503376861469973846
00.0000000276503376861469973846
00.0000000276503376861469973846
00.0000000276503376861469973846
00.0000000276503376861469973846
00.0000000276503376861469973846
00.0000000276503376861469973846
00.0000000276503376861469973846
00.0000000276503376861469973846
00.0000000276503376861469973846
00.0000000276503376861469973846
00.0000000276503376861469973846
00.0000000276503376861469973846
00.0000000276503376861469973846
00.0000000276503376861469973846
00.0000000276503376861469973846
00.0000000276503376861469973846
00.0000000276503376861469973846
00.0000000276503376861469973846
00.0000000276503376861469973846
00.0000000276503376861469973846
00.0000000276503376861469973846
00.0000000276503376861469973846
00.0000000276503376861469973846
00.0000000276503376861469973846
00.0000000276503376861469973846
00.0000000276503376861469973846
00.0000000276503376861469973846
00.0000000276503376861469973846
00.0000000276503376861469973846
00.0000000276503376861469973846
00.0000000276503376861469973846
00.0000000276503376861469973846
00.0000000276503376861469973846
00.0000000276503376861469973846
00.0000000276503376861469973846
00.0000000276503376861469973846
00.0000000276503376861469973846
00.0000000276503376861469973846
00.0000000276503376861469973846
00.0000000276503376861469973846
00.0000000276503376861469973846
00.0000000276503376861469973846
00.0000000276503376861469973846
00.0000000276503376861469973846
00.0000000276503376861469973846
00.0000000276503376861469973846
00.0000000276503376861469973846
00.0000000276503376861469973846
00.0000000276503376861469973846
00.0000000276503376861469973846
00.0000000276503376861469973846
00.0000000276503376861469973846
00.0000000276503376861469973846
00.0000000276503376861469973846
00.0000000276503376861469973846
00.0000000276503376861469973846
00.0000000276503376861469973846
00.0000000276503376861469973846
00.0000000276503376861469973846
00.0000000276503376861469973846
00.0000000276503376861469973846
00.0000000276503376861469973846
00.0000000276503376861469973846
00.0000000276503376861469973846
00.0000000276503376861469973846
00.0000000276503376861469973846
00.0000000276503376861469973846
00.0000000276503376861469973846
00.0000000276503376861469973846
00.0000000276503376861469973846
00.0000000276503376861469973846
00.0000000276503376861469973846
00.0000000276503376861469973846
00.0000000276503376861469973846
00.0000000276503376861469973846
00.0000000276503376861469973846
00.0000000276503376861469973846
00.0000000276503376861469973846
00.0000000276503376861469973846
00.0000000276503376861469973846
00.0000000276503376861469973846
00.0000000276503376861469973846
00.0000000276503376861469973846
00.0000000276503376861469973846
00.0000000276503376861469973846
00.0000000276503376861469973846
00.0000000276503376861469973846
00.0000000276503376861469973846
00.0000000276503376861469973846
00.0000000276503376861469973846
00.0000000276503376861469973846
00.0000000276503376861469973846
00.0000000276503376861469973846
00.0000000276503376861469973846
00.0000000276503376861469973846
00.0000000276503376861469973846
00.0000000276503376861469973846
00.0000000276503376861469973846
00.0000000276503376861469973846
00.0000000276503376861469973846
00.0000000276503376861469973846
00.0000000276503376861469973846
00.0000000276503376861469973846
00.0000000276503376861469973846
00.0000000276503376861469973846
00.0000000276503376861469973846
00.0000000276503376861469973846
00.0000000276503376861469973846
00.0000000276503376861469973846
00.0000000276503376861469973846
00.0000000276503376861469973846
00.0000000276503376861469973846
00.0000000276503376861469973846
00.0000000276503376861469973846
00.0000000276503376861469973846
00.0000000276503376861469973846
00.0000000276503376861469973846
00.0000000276503376861469973846
00.0000000276503376861469973846
00.0000000276503376861469973846
00.0000000276503376861469973846
00.0000000276503376861469973846
00.0000000276503376861469973846
00.0000000276503376861469973846
00.0000000276503376861469973846
00.0000000276503376861469973846
00.0000000276503376861469973846
00.0000000276503376861469973846
00.0000000276503376861469973846
00.0000000276503376861469973846
00.0000000276503376861469973846
00.0000000276503376861469973846
00.0000000276503376861469973846
00.0000000276503376861469973846
00.0000000276503376861469973846
00.0000000276503376861469973846
00.0000000276503376861469973846
00.0000000276503376861469973846
00.0000000276503376861469973846
00.0000000276503376861469973846
00.0000000276503376861469973846
00.0000000276503376861469973846
00.0000000276503376861469973846
00.0000000276503376861469973846
00.0000000276503376861469973846
00.0000000276503376861469973846
00.0000000276503376861469973846
00.0000000276503376861469973846
00.0000000276503376861469973846
00.0000000276503376861469973846
00.0000000276503376861469973846
00.0000000276503376861469973846
00.0000000276503376861469973846
00.0000000276503376861469973846
00.0000000276503376861469973846
00.0000000276503376861469973846
00.0000000276503376861469973846
00.0000000276503376861469973846
00.0000000276503376861469973846
00.0000000276503376861469973846
00.0000000276503376861469973846
00.0000000276503376861469973846
00.0000000276503376861469973846
00.0000000276503376861469973846
00.0000000276503376861469973846
00.0000000276503376861469973846
00.0000000276503376861469973846
00.0000000276503376861469973846
00.0000000276503376861469973846
00.0000000276503376861469973846
00.0000000276503376861469973846
00.0000000276503376861469973846
00.0000000276503376861469973846
00.0000000276503376861469973846
00.0000000276503376861469973846
00.0000000276503376861469973846
00.0000000276503376861469973846
00.0000000276503376861469973846
00.0000000276503376861469973846
00.0000000276503376861469973846
00.0000000276503376861469973846
00.0000000276503376861469973846
00.0000000276503376861469973846
00.0000000276503376861469973846
00.0000000276503376861469973846
00.0000000276503376861469973846
00.0000000276503376861469973846
00.0000000276503376861469973846
00.0000000276503376861469973846
00.0000000276503376861469973846
00.0000000276503376861469973846
00.0000000276503376861469973846
00.0000000276503376861469973846
00.0000000276503376861469973846
00.0000000276503376861469973846
00.0000000276503376861469973846
00.0000000276503376861469973846
00.0000000276503376861469973846
00.0000000276503376861469973846
00.0000000276503376861469973846
00.0000000276503376861469973846
00.0000000276503376861469973846
00.0000000276503376861469973846
00.0000000276503376861469973846
00.0000000276503376861469973846
00.0000000276503376861469973846
00.0000000276503376861469973846
00.0000000276503376861469973846
00.0000000276503376861469973846
00.0000000276503376861469973846
00.0000000276503376861469973846
00.0000000276503376861469973846
00.0000000276503376861469973846
00.0000000276503376861469973846
00.0000000276503376861469973846
00.0000000276503376861469973846
00.0000000276503376861469973846
00.0000000276503376861469973846
00.0000000276503376861469973846
00.0000000276503376861469973846
00.0000000276503376861469973846
00.0000000276503376861469973846
00.0000000276503376861469973846
00.0000000276503376861469973846
00.0000000276503376861469973846
00.0000000276503376861469973846
00.0000000276503376861469973846
00.0000000276503376861469973846
00.0000000276503376861469973846
00.0000000276503376861469973846
00.0000000276503376861469973846
00.0000000276503376861469973846
00.0000000276503376861469973846
00.0000000276503376861469973846
00.0000000276503376861469973846
00.0000000276503376861469973846
00.0000000276503376861469973846
00.0000000276503376861469973846
00.0000000276503376861469973846
00.0000000276503376861469973846
00.0000000276503376861469973846
00.0000000276503376861469973846
00.0000000276503376861469973846
00.0000000276503376861469973846
00.0000000276503376861469973846
00.0000000276503376861469973846
00.0000000276503376861469973846
00.0000000276503376861469973846
00.0000000276503376861469973846
00.0000000276503376861469973846
00.0000000276503376861469973846
00.0000000276503376861469973846
00.0000000276503376861469973846
00.0000000276503376861469973846
00.0000000276503376861469973846
00.0000000276503376861469973846
00.0000000276503376861469973846
00.0000000276503376861469973846
00.0000000276503376861469973846
00.0000000276503376861469973846
00.0000000276503376861469973846
00.0000000276503376861469973846
00.0000000276503376861469973846
00.0000000276503376861469973846
00.0000000276503376861469973846
00.0000000276503376861469973846
00.0000000276503376861469973846
00.0000000276503376861469973846
00.0000000276503376861469973846
00.0000000276503376861469973846
00.0000000276503376861469973846
00.0000000276503376861469973846
00.0000000276503376861469973846
00.0000000276503376861469973846
00.0000000276503376861469973846
00.0000000276503376861469973846
00.0000000276503376861469973846
00.0000000276503376861469973846
00.0000000276503376861469973846
00.0000000276503376861469973846
00.0000000276503376861469973846
00.0000000276503376861469973846
00.0000000276503376861469973846
00.0000000276503376861469973846
00.0000000276503376861469973846
00.0000000276503376861469973846
00.0000000276503376861469973846
00.0000000276503376861469973846
00.0000000276503376861469973846
00.0000000276503376861469973846
00.0000000276503376861469973846
00.0000000276503376861469973846
00.0000000276503376861469973846
00.0000000276503376861469973846
00.0000000276503376861469973846
00.0000000276503376861469973846
00.0000000276503376861469973846
00.0000000276503376861469973846
00.0000000276503376861469973846
00.0000000276503376861469973846
00.0000000276503376861469973846
00.0000000276503376861469973846
00.0000000276503376861469973846
00.0000000276503376861469973846
00.0000000276503376861469973846
00.0000000276503376861469973846
00.0000000276503376861469973846
00.0000000276503376861469973846
00.0000000276503376861469973846
00.0000000276503376861469973846
00.0000000276503376861469973846
00.0000000276503376861469973846
00.0000000276503376861469973846
00.0000000276503376861469973846
00.0000000276503376861469973846
00.0000000276503376861469973846
00.0000000276503376861469973846
00.0000000276503376861469973846
00.0000000276503376861469973846
00.0000000276503376861469973846
00.0000000276503376861469973846
00.0000000276503376861469973846
00.0000000276503376861469973846
00.0000000276503376861469973846
00.0000000276503376861469973846
00.0000000276503376861469973846
00.0000000276503376861469973846
00.0000000276503376861469973846
00.0000000276503376861469973846
00.0000000276503376861469973846
00.0000000276503376861469973846
00.0000000276503376861469973846
00.0000000276503376861469973846
00.0000000276503376861469973846
00.0000000276503376861469973846
00.0000000276503376861469973846
00.0000000276503376861469973846
00.0000000276503376861469973846
00.0000000292126759449118367229
00.0000000292126759449118367229
00.0000000292126759449118367229
00.0000000292126759449118367229
00.0000000292126759449118367229
00.0000000292126759449118367229
00.0000000292126759449118367229
00.0000000292126759449118367229
00.0000000292126759449118367229
00.0000000292126759449118367229
00.0000000292126759449118367229
00.0000000292126759449118367229
00.0000000292126759449118367229
00.0000000292126759449118367229
00.0000000292126759449118367229
00.0000000292126759449118367229
00.0000000292126759449118367229
00.0000000292126759449118367229
00.0000000292126759449118367229
00.0000000292126759449118367229
00.0000000292126759449118367229
00.0000000292126759449118367229
00.0000000292126759449118367229
00.0000000292126759449118367229
00.0000000292126759449118367229
00.0000000292126759449118367229
00.0000000292126759449118367229
00.0000000292126759449118367229
00.0000000292126759449118367229
00.0000000292126759449118367229
00.0000000292126759449118367229
00.0000000292126759449118367229
00.0000000292126759449118367229
00.0000000292126759449118367229
00.0000000292126759449118367229
00.0000000292126759449118367229
00.0000000292126759449118367229
00.0000000292126759449118367229
00.0000000292126759449118367229
00.0000000292126759449118367229
00.0000000292126759449118367229
00.0000000292126759449118367229
00.0000000292126759449118367229
00.0000000292126759449118367229
00.0000000292126759449118367229
00.0000000292126759449118367229
00.0000000292126759449118367229
00.0000000292126759449118367229
00.0000000292126759449118367229
00.0000000292126759449118367229
00.0000000292126759449118367229
00.0000000292126759449118367229
00.0000000292126759449118367229
00.0000000292126759449118367229
00.0000000292126759449118367229
00.0000000292126759449118367229
00.0000000292126759449118367229
00.0000000292126759449118367229
00.0000000292126759449118367229
00.0000000292126759449118367229
00.0000000292126759449118367229
00.0000000292126759449118367229
00.0000000292126759449118367229
00.0000000292126759449118367229
00.0000000292126759449118367229
00.0000000292126759449118367229
00.0000000292126759449118367229
00.0000000292126759449118367229
00.0000000292126759449118367229
00.0000000292126759449118367229
00.0000000292126759449118367229
00.0000000292126759449118367229
00.0000000292126759449118367229
00.0000000292126759449118367229
00.0000000292126759449118367229
00.0000000292126759449118367229
00.0000000292126759449118367229
00.0000000292126759449118367229
00.0000000292126759449118367229
00.0000000292126759449118367229
00.0000000292126759449118367229
00.0000000292126759449118367229
00.0000000292126759449118367229
00.0000000292126759449118367229
00.0000000292126759449118367229
00.0000000292126759449118367229
00.0000000292126759449118367229
00.0000000292126759449118367229
00.0000000292126759449118367229
00.0000000292126759449118367229
00.0000000292126759449118367229
00.0000000292126759449118367229
00.0000000292126759449118367229
00.0000000292126759449118367229
00.0000000292126759449118367229
00.0000000292126759449118367229
00.0000000292126759449118367229
00.0000000292126759449118367229
00.0000000292126759449118367229
00.0000000292126759449118367229
00.0000000292126759449118367229
00.0000000292126759449118367229
00.0000000292126759449118367229
00.0000000292126759449118367229
00.0000000292126759449118367229
00.0000000292126759449118367229
00.0000000292126759449118367229
00.0000000292126759449118367229
00.0000000292126759449118367229
00.0000000292126759449118367229
00.0000000292126759449118367229
00.0000000292126759449118367229
00.0000000292126759449118367229
00.0000000292126759449118367229
00.0000000292126759449118367229
00.0000000292126759449118367229
00.0000000292126759449118367229
00.0000000292126759449118367229
00.0000000292126759449118367229
00.0000000292126759449118367229
00.0000000292126759449118367229
00.0000000292126759449118367229
00.0000000292126759449118367229
00.0000000292126759449118367229
00.0000000292126759449118367229
00.0000000292126759449118367229
00.0000000292126759449118367229
00.0000000292126759449118367229
00.0000000292126759449118367229
00.0000000292126759449118367229
00.0000000292126759449118367229
00.0000000292126759449118367229
00.0000000292126759449118367229
00.0000000292126759449118367229
00.0000000292126759449118367229
00.0000000292126759449118367229
00.0000000292126759449118367229
00.0000000292126759449118367229
00.0000000292126759449118367229
00.0000000292126759449118367229
00.0000000292126759449118367229
00.0000000292126759449118367229
00.0000000292126759449118367229
00.0000000292126759449118367229
00.0000000292126759449118367229
00.0000000292126759449118367229
00.0000000292126759449118367229
00.0000000292126759449118367229
00.0000000292126759449118367229
00.0000000292126759449118367229
00.0000000292126759449118367229
00.0000000292126759449118367229
00.0000000292126759449118367229
00.0000000292126759449118367229
00.0000000292126759449118367229
00.0000000292126759449118367229
00.0000000292126759449118367229
00.0000000292126759449118367229
00.0000000292126759449118367229
00.0000000292126759449118367229
00.0000000292126759449118367229
00.0000000292126759449118367229
00.0000000292126759449118367229
00.0000000292126759449118367229
00.0000000292126759449118367229
00.0000000292126759449118367229
00.0000000292126759449118367229
00.0000000292126759449118367229
00.0000000292126759449118367229
00.0000000292126759449118367229
00.0000000292126759449118367229
00.0000000292126759449118367229
00.0000000292126759449118367229
00.0000000292126759449118367229
00.0000000292126759449118367229
00.0000000292126759449118367229
00.0000000292126759449118367229
00.0000000292126759449118367229
00.0000000292126759449118367229
00.0000000292126759449118367229
00.0000000292126759449118367229
00.0000000292126759449118367229
00.0000000292126759449118367229
00.0000000292126759449118367229
00.0000000292126759449118367229
00.0000000292126759449118367229
00.0000000292126759449118367229
00.0000000292126759449118367229
00.0000000292126759449118367229
00.0000000292126759449118367229
00.0000000292126759449118367229
00.0000000292126759449118367229
00.0000000292126759449118367229
00.0000000292126759449118367229
00.0000000292126759449118367229
00.0000000292126759449118367229
00.0000000292126759449118367229
00.0000000292126759449118367229
00.0000000292126759449118367229
00.0000000292126759449118367229
00.0000000292126759449118367229
00.0000000292126759449118367229
00.0000000292126759449118367229
00.0000000292126759449118367229
00.0000000292126759449118367229
00.0000000292126759449118367229
00.0000000292126759449118367229
00.0000000292126759449118367229
00.0000000292126759449118367229
00.0000000292126759449118367229
00.0000000292126759449118367229
00.0000000292126759449118367229
00.0000000292126759449118367229
00.0000000292126759449118367229
00.0000000292126759449118367229
00.0000000292126759449118367229
00.0000000292126759449118367229
00.0000000292126759449118367229
00.0000000292126759449118367229
00.0000000292126759449118367229
00.0000000292126759449118367229
00.0000000292126759449118367229
00.0000000292126759449118367229
00.0000000292126759449118367229
00.0000000292126759449118367229
00.0000000292126759449118367229
00.0000000292126759449118367229
00.0000000292126759449118367229
00.0000000292126759449118367229
00.0000000292126759449118367229
00.0000000292126759449118367229
00.0000000292126759449118367229
00.0000000292126759449118367229
00.0000000292126759449118367229
00.0000000292126759449118367229
00.0000000292126759449118367229
00.0000000292126759449118367229
00.0000000292126759449118367229
00.0000000292126759449118367229
00.0000000292126759449118367229
00.0000000292126759449118367229
00.0000000292126759449118367229
00.0000000292126759449118367229
00.0000000292126759449118367229
00.0000000292126759449118367229
00.0000000292126759449118367229
00.0000000292126759449118367229
00.0000000292126759449118367229
00.0000000292126759449118367229
00.0000000292126759449118367229
00.0000000292126759449118367229
00.0000000292126759449118367229
00.0000000292126759449118367229
00.0000000292126759449118367229
00.0000000292126759449118367229
00.0000000292126759449118367229
00.0000000292126759449118367229
00.0000000292126759449118367229
00.0000000292126759449118367229
00.0000000292126759449118367229
00.0000000292126759449118367229
00.0000000292126759449118367229
00.0000000292126759449118367229
00.0000000292126759449118367229
00.0000000292126759449118367229
00.0000000292126759449118367229
00.0000000292126759449118367229
00.0000000292126759449118367229
00.0000000292126759449118367229
00.0000000292126759449118367229
00.0000000292126759449118367229
00.0000000292126759449118367229
00.0000000292126759449118367229
00.0000000292126759449118367229
00.0000000292126759449118367229
00.0000000292126759449118367229
00.0000000292126759449118367229
00.0000000292126759449118367229
00.0000000292126759449118367229
00.0000000292126759449118367229
00.0000000292126759449118367229
00.0000000292126759449118367229
00.0000000292126759449118367229
00.0000000292126759449118367229
00.0000000292126759449118367229
00.0000000292126759449118367229
00.0000000292126759449118367229
00.0000000292126759449118367229
00.0000000292126759449118367229
00.0000000292126759449118367229
00.0000000292126759449118367229
00.0000000292126759449118367229
00.0000000292126759449118367229
00.0000000292126759449118367229
00.0000000292126759449118367229
00.0000000292126759449118367229
00.0000000292126759449118367229
00.0000000292126759449118367229
00.0000000292126759449118367229
00.0000000292126759449118367229
00.0000000292126759449118367229
00.0000000292126759449118367229
00.0000000292126759449118367229
00.0000000292126759449118367229
00.0000000292126759449118367229
00.0000000292126759449118367229
00.0000000292126759449118367229
00.0000000292126759449118367229
00.0000000292126759449118367229
00.0000000292126759449118367229
00.0000000292126759449118367229
00.0000000292126759449118367229
00.0000000292126759449118367229
00.0000000292126759449118367229
00.0000000292126759449118367229
00.0000000292126759449118367229
00.0000000292126759449118367229
00.0000000292126759449118367229
00.0000000292126759449118367229
00.0000000292126759449118367229
00.0000000292126759449118367229
00.0000000292126759449118367229
00.0000000292126759449118367229
00.0000000292126759449118367229
00.0000000292126759449118367229
00.0000000292126759449118367229
00.0000000292126759449118367229
00.0000000292126759449118367229
00.0000000292126759449118367229
00.0000000292126759449118367229
00.0000000292126759449118367229
00.0000000292126759449118367229
00.0000000292126759449118367229
00.0000000292126759449118367229
00.0000000292126759449118367229
00.0000000292126759449118367229
00.0000000292126759449118367229
00.0000000292126759449118367229
00.0000000292126759449118367229
00.0000000292126759449118367229
00.0000000292126759449118367229
00.0000000292126759449118367229
00.0000000292126759449118367229
00.0000000292126759449118367229
00.0000000292126759449118367229
00.0000000292126759449118367229
00.0000000292126759449118367229
00.0000000292126759449118367229
00.0000000292126759449118367229
00.0000000292126759449118367229
00.0000000292126759449118367229
00.0000000292126759449118367229
00.0000000292126759449118367229
00.0000000292126759449118367229
00.0000000292126759449118367229
00.0000000292126759449118367229
00.0000000292126759449118367229
00.0000000292126759449118367229
00.0000000292126759449118367229
00.0000000292126759449118367229
00.0000000292126759449118367229
00.0000000292126759449118367229
00.0000000292126759449118367229
00.0000000292126759449118367229
00.0000000292126759449118367229
00.0000000292126759449118367229
00.0000000292126759449118367229
00.0000000292126759449118367229
00.0000000292126759449118367229
00.0000000292126759449118367229
00.0000000292126759449118367229
00.0000000292126759449118367229
00.0000000292126759449118367229
00.0000000292126759449118367229
00.0000000292126759449118367229
00.0000000292126759449118367229
00.0000000292126759449118367229
00.0000000292126759449118367229
00.0000000292126759449118367229
00.0000000292126759449118367229
00.0000000292126759449118367229
00.0000000292126759449118367229
00.0000000292126759449118367229
00.0000000292126759449118367229
00.0000000292126759449118367229
00.0000000292126759449118367229
00.0000000292126759449118367229
00.0000000292126759449118367229
00.0000000292126759449118367229
00.0000000292126759449118367229
00.0000000292126759449118367229
00.0000000292126759449118367229
00.0000000292126759449118367229
00.0000000292126759449118367229
00.0000000292126759449118367229
00.0000000292126759449118367229
00.0000000292126759449118367229
00.0000000292126759449118367229
00.0000000292126759449118367229
00.0000000292126759449118367229
00.0000000292126759449118367229
00.0000000292126759449118367229
00.0000000292126759449118367229
00.0000000292126759449118367229
00.0000000292126759449118367229
00.0000000292126759449118367229
00.0000000292126759449118367229
00.0000000292126759449118367229
00.0000000292126759449118367229
00.0000000292126759449118367229
00.0000000292126759449118367229
00.0000000292126759449118367229
00.0000000292126759449118367229
00.0000000292126759449118367229
00.0000000292126759449118367229
00.0000000292126759449118367229
00.0000000292126759449118367229
00.0000000292126759449118367229
00.0000000292126759449118367229
00.0000000292126759449118367229
00.0000000292126759449118367229
00.0000000292126759449118367229
00.0000000292126759449118367229
00.0000000292126759449118367229
00.0000000292126759449118367229
00.0000000292126759449118367229
00.0000000292126759449118367229
00.0000000292126759449118367229
00.0000000292126759449118367229
00.0000000292126759449118367229
00.0000000292126759449118367229
00.0000000292126759449118367229
00.0000000292126759449118367229
00.0000000292126759449118367229
00.0000000292126759449118367229
00.0000000292126759449118367229
00.0000000292126759449118367229
00.0000000292126759449118367229
00.0000000292126759449118367229
00.0000000292126759449118367229
00.0000000292126759449118367229
00.0000000292126759449118367229
00.0000000292126759449118367229
00.0000000292126759449118367229
00.0000000292126759449118367229
00.0000000292126759449118367229
00.0000000292126759449118367229
00.0000000292126759449118367229
00.0000000292126759449118367229
00.0000000292126759449118367229
00.0000000292126759449118367229
00.0000000292126759449118367229
00.0000000292126759449118367229
00.0000000292126759449118367229
00.0000000292126759449118367229
00.0000000292126759449118367229
00.0000000292126759449118367229
00.0000000292126759449118367229
00.0000000292126759449118367229
00.0000000292126759449118367229
00.0000000292126759449118367229
00.0000000292126759449118367229
00.0000000292126759449118367229
00.0000000292126759449118367229
00.0000000292126759449118367229
00.0000000292126759449118367229
00.0000000292126759449118367229
00.0000000292126759449118367229
00.0000000292126759449118367229
00.0000000292126759449118367229
00.0000000292126759449118367229
00.0000000292126759449118367229
00.0000000292126759449118367229
00.0000000292126759449118367229
00.0000000292126759449118367229
00.0000000292126759449118367229
00.0000000292126759449118367229
00.0000000292126759449118367229
00.0000000292126759449118367229
00.0000000292126759449118367229
00.0000000292126759449118367229
00.0000000292126759449118367229
00.0000000292126759449118367229
00.0000000292126759449118367229
00.0000000292126759449118367229
00.0000000292126759449118367229
00.0000000292126759449118367229
00.0000000292126759449118367229
00.0000000292126759449118367229
00.0000000292126759449118367229
00.0000000292126759449118367229
00.0000000292126759449118367229
00.0000000292126759449118367229
00.0000000292126759449118367229
00.0000000292126759449118367229
00.0000000292126759449118367229
00.0000000292126759449118367229
00.0000000292126759449118367229
00.0000000292126759449118367229
00.0000000292126759449118367229
00.0000000292126759449118367229
00.0000000292126759449118367229
00.0000000292126759449118367229
00.0000000292126759449118367229
00.0000000292126759449118367229
00.0000000292126759449118367229
00.0000000292126759449118367229
00.0000000292126759449118367229
00.0000000292126759449118367229
00.0000000292126759449118367229
00.0000000292126759449118367229
00.0000000292126759449118367229
00.0000000292126759449118367229
00.0000000292126759449118367229
00.0000000292126759449118367229
00.0000000292126759449118367229
00.0000000292126759449118367229
00.0000000292126759449118367229
00.0000000292126759449118367229
00.0000000292126759449118367229
00.0000000292126759449118367229
00.0000000292126759449118367229
00.0000000292126759449118367229
00.0000000292126759449118367229
00.0000000292126759449118367229
00.0000000292126759449118367229
00.0000000292126759449118367229
00.0000000292126759449118367229
00.0000000292126759449118367229
00.0000000292126759449118367229
00.0000000292126759449118367229
00.0000000292126759449118367229
00.0000000292126759449118367229
00.0000000292126759449118367229
00.0000000292126759449118367229
00.0000000292126759449118367229
00.0000000292126759449118367229
00.0000000292126759449118367229
00.0000000292126759449118367229
00.0000000292126759449118367229
00.0000000292126759449118367229
00.0000000292126759449118367229
00.0000000292126759449118367229
00.0000000292126759449118367229
00.0000000292126759449118367229
00.0000000292126759449118367229
00.0000000292126759449118367229
00.0000000292126759449118367229
00.0000000292126759449118367229
00.0000000292126759449118367229
00.0000000292126759449118367229
00.0000000292126759449118367229
00.0000000292126759449118367229
00.0000000292126759449118367229
00.0000000292126759449118367229
00.0000000292126759449118367229
00.0000000292126759449118367229
00.0000000292126759449118367229
00.0000000292126759449118367229
00.0000000292126759449118367229
00.0000000292126759449118367229
00.0000000292126759449118367229
00.0000000292126759449118367229
00.0000000292126759449118367229
00.0000000292126759449118367229
00.0000000292126759449118367229
00.0000000292126759449118367229
00.0000000292126759449118367229
00.0000000292126759449118367229
00.0000000292126759449118367229
00.0000000292126759449118367229
00.0000000292126759449118367229
00.0000000292126759449118367229
00.0000000292126759449118367229
00.0000000292126759449118367229
00.0000000292126759449118367229
00.0000000292126759449118367229
00.0000000292126759449118367229
00.0000000292126759449118367229
00.0000000292126759449118367229
00.0000000292126759449118367229
00.0000000292126759449118367229
00.0000000292126759449118367229
00.0000000292126759449118367229
00.0000000292126759449118367229
00.0000000292126759449118367229
00.0000000292126759449118367229
00.0000000292126759449118367229
00.0000000292126759449118367229
00.0000000292126759449118367229
00.0000000292126759449118367229
00.0000000292126759449118367229
00.0000000292126759449118367229
00.0000000292126759449118367229
00.0000000292126759449118367229
00.0000000292126759449118367229
00.0000000292126759449118367229
00.0000000292126759449118367229
00.0000000292126759449118367229
00.0000000292126759449118367229
00.0000000292126759449118367229
00.0000000292126759449118367229
00.0000000292126759449118367229
00.0000000292126759449118367229
00.0000000292126759449118367229
00.0000000292126759449118367229
00.0000000292126759449118367229
00.0000000292126759449118367229
00.0000000292126759449118367229
00.0000000292126759449118367229
00.0000000292126759449118367229
00.0000000292126759449118367229
00.0000000292126759449118367229
00.0000000292126759449118367229
00.0000000292126759449118367229
00.0000000292126759449118367229
00.0000000292126759449118367229
00.0000000292126759449118367229
00.0000000292126759449118367229
00.0000000292126759449118367229
00.0000000292126759449118367229
00.0000000292126759449118367229
00.0000000292126759449118367229
00.0000000292126759449118367229
00.0000000292126759449118367229
00.0000000292126759449118367229
00.0000000292126759449118367229
00.0000000292126759449118367229
00.0000000292126759449118367229
00.0000000292126759449118367229
00.0000000292126759449118367229
00.0000000292126759449118367229
00.0000000292126759449118367229
00.0000000292126759449118367229
00.0000000292126759449118367229
00.0000000292126759449118367229
00.0000000292126759449118367229
00.0000000292126759449118367229
00.0000000292126759449118367229
00.0000000292126759449118367229
00.0000000292126759449118367229
00.0000000292126759449118367229
00.0000000292126759449118367229
00.0000000292126759449118367229
00.0000000292126759449118367229
00.0000000292126759449118367229
00.0000000292126759449118367229
00.0000000292126759449118367229
00.0000000292126759449118367229
00.0000000292126759449118367229
00.0000000292126759449118367229
00.0000000292126759449118367229
00.0000000292126759449118367229
00.0000000292126759449118367229
00.0000000292126759449118367229
00.0000000292126759449118367229
00.0000000292126759449118367229
00.0000000292126759449118367229
00.0000000292126759449118367229
00.0000000292126759449118367229
00.0000000292126759449118367229
00.0000000292126759449118367229
00.0000000292126759449118367229
00.0000000292126759449118367229
00.0000000292126759449118367229
00.0000000292126759449118367229
00.0000000292126759449118367229
00.0000000292126759449118367229
00.0000000292126759449118367229
00.0000000292126759449118367229
00.0000000292126759449118367229
00.0000000292126759449118367229
00.0000000292126759449118367229
00.0000000292126759449118367229
00.0000000292126759449118367229
00.0000000292126759449118367229
00.0000000292126759449118367229
00.0000000292126759449118367229
00.0000000292126759449118367229
00.0000000292126759449118367229
00.0000000292126759449118367229
00.0000000292126759449118367229
00.0000000292126759449118367229
00.0000000292126759449118367229
00.0000000292126759449118367229
00.0000000292126759449118367229
00.0000000292126759449118367229
00.0000000292126759449118367229
00.0000000292126759449118367229
00.0000000292126759449118367229
00.0000000292126759449118367229
00.0000000292126759449118367229
00.0000000292126759449118367229
00.0000000292126759449118367229
00.0000000292126759449118367229
00.0000000292126759449118367229
00.0000000292126759449118367229
00.0000000292126759449118367229
00.0000000292126759449118367229
00.0000000292126759449118367229
00.0000000292126759449118367229
00.0000000292126759449118367229
00.0000000292126759449118367229
00.0000000292126759449118367229
00.0000000292126759449118367229
00.0000000292126759449118367229
00.0000000292126759449118367229
00.0000000292126759449118367229
00.0000000292126759449118367229
00.0000000292126759449118367229
00.0000000292126759449118367229
00.0000000292126759449118367229
00.0000000292126759449118367229
00.0000000292126759449118367229
00.0000000292126759449118367229
00.0000000292126759449118367229
00.0000000292126759449118367229
00.0000000292126759449118367229
00.0000000292126759449118367229
00.0000000292126759449118367229
00.0000000292126759449118367229
00.0000000292126759449118367229
00.0000000292126759449118367229
00.0000000292126759449118367229
00.0000000292126759449118367229
00.0000000292126759449118367229
00.0000000292126759449118367229
00.0000000292126759449118367229
00.0000000292126759449118367229
00.0000000292126759449118367229
00.0000000292126759449118367229
00.0000000292126759449118367229
00.0000000292126759449118367229
00.0000000292126759449118367229
00.0000000292126759449118367229
00.0000000292126759449118367229
00.0000000292126759449118367229
00.0000000292126759449118367229
00.0000000292126759449118367229
00.0000000292126759449118367229
00.0000000292126759449118367229
00.0000000292126759449118367229
00.0000000292126759449118367229
00.0000000292126759449118367229
00.0000000292126759449118367229
00.0000000292126759449118367229
00.0000000292126759449118367229
00.0000000292126759449118367229
00.0000000292126759449118367229
00.0000000292126759449118367229
00.0000000292126759449118367229
00.0000000292126759449118367229
00.0000000292126759449118367229
00.0000000292126759449118367229
00.0000000292126759449118367229
00.0000000292126759449118367229
00.0000000292126759449118367229
00.0000000292126759449118367229
00.0000000292126759449118367229
00.0000000292126759449118367229
00.0000000292126759449118367229
00.0000000292126759449118367229
00.0000000292126759449118367229
00.0000000292126759449118367229
00.0000000292126759449118367229
00.0000000292126759449118367229
00.0000000292126759449118367229
00.0000000292126759449118367229
00.0000000292126759449118367229
00.0000000292126759449118367229
00.0000000292126759449118367229
00.0000000292126759449118367229
00.0000000292126759449118367229
00.0000000292126759449118367229
00.0000000292126759449118367229
00.0000000292126759449118367229
00.0000000292126759449118367229
00.0000000292126759449118367229
00.0000000292126759449118367229
00.0000000292126759449118367229
00.0000000292126759449118367229
00.0000000292126759449118367229
00.0000000292126759449118367229
00.0000000292126759449118367229
00.0000000292126759449118367229
00.0000000292126759449118367229
00.0000000292126759449118367229
00.0000000292126759449118367229
00.0000000292126759449118367229
00.0000000292126759449118367229
00.0000000292126759449118367229
00.0000000292126759449118367229
00.0000000292126759449118367229
00.0000000292126759449118367229
00.0000000292126759449118367229
00.0000000292126759449118367229
00.0000000292126759449118367229
00.0000000292126759449118367229
00.0000000292126759449118367229
00.0000000292126759449118367229
00.0000000292126759449118367229
00.0000000292126759449118367229
00.0000000292126759449118367229
00.0000000292126759449118367229
00.0000000292126759449118367229
00.0000000292126759449118367229
00.0000000292126759449118367229
00.0000000292126759449118367229
00.0000000292126759449118367229
00.0000000292126759449118367229
00.0000000292126759449118367229
00.0000000292126759449118367229
00.0000000292126759449118367229
00.0000000292126759449118367229
00.0000000292126759449118367229
00.0000000292126759449118367229
00.0000000292126759449118367229
00.0000000292126759449118367229
00.0000000292126759449118367229
00.0000000292126759449118367229
00.0000000292126759449118367229
00.0000000292126759449118367229
00.0000000292126759449118367229
00.0000000292126759449118367229
00.0000000292126759449118367229
00.0000000292126759449118367229
00.0000000292126759449118367229
00.0000000292126759449118367229
00.0000000292126759449118367229
00.0000000292126759449118367229
00.0000000292126759449118367229
00.0000000292126759449118367229
00.0000000292126759449118367229
00.0000000292126759449118367229
00.0000000292126759449118367229
00.0000000292126759449118367229
00.0000000292126759449118367229
00.0000000292126759449118367229
00.0000000292126759449118367229
00.0000000292126759449118367229
00.0000000292126759449118367229
00.0000000292126759449118367229
00.0000000292126759449118367229
00.0000000292126759449118367229
00.0000000292126759449118367229
00.0000000292126759449118367229
00.0000000292126759449118367229
00.0000000292126759449118367229
00.0000000292126759449118367229
00.0000000292126759449118367229
00.0000000292126759449118367229
00.0000000292126759449118367229
00.0000000292126759449118367229
00.0000000292126759449118367229
00.0000000292126759449118367229
00.0000000292126759449118367229
00.0000000292126759449118367229
00.0000000292126759449118367229
00.0000000292126759449118367229
00.0000000292126759449118367229
00.0000000292126759449118367229
00.0000000292126759449118367229
00.0000000292126759449118367229
00.0000000292126759449118367229
00.0000000292126759449118367229
00.0000000292126759449118367229
00.0000000292126759449118367229
00.0000000292126759449118367229
00.0000000292126759449118367229
00.0000000292126759449118367229
00.0000000292126759449118367229
00.0000000292126759449118367229
00.0000000292126759449118367229
00.0000000292126759449118367229
00.0000000292126759449118367229
00.0000000292126759449118367229
00.0000000292126759449118367229
00.0000000292126759449118367229
00.0000000292126759449118367229
00.0000000292126759449118367229
00.0000000292126759449118367229
00.0000000292126759449118367229
00.0000000292126759449118367229
00.0000000292126759449118367229
00.0000000292126759449118367229
00.0000000292126759449118367229
00.0000000292126759449118367229
00.0000000292126759449118367229
00.0000000292126759449118367229
00.0000000292126759449118367229
00.0000000292126759449118367229
00.0000000292126759449118367229
00.0000000292126759449118367229
00.0000000292126759449118367229
00.0000000292126759449118367229
00.0000000292126759449118367229
00.0000000292126759449118367229
00.0000000292126759449118367229
00.0000000292126759449118367229
00.0000000292126759449118367229
00.0000000292126759449118367229
00.0000000292126759449118367229
00.0000000292126759449118367229
00.0000000292126759449118367229
00.0000000292126759449118367229
00.0000000292126759449118367229
00.0000000292126759449118367229
00.0000000292126759449118367229
00.0000000292126759449118367229
00.0000000292126759449118367229
00.0000000292126759449118367229
00.0000000292126759449118367229
00.0000000292126759449118367229
00.0000000292126759449118367229
00.0000000292126759449118367229
00.0000000292126759449118367229
00.0000000292126759449118367229
00.0000000292126759449118367229
00.0000000292126759449118367229
00.0000000292126759449118367229
00.0000000292126759449118367229
00.0000000292126759449118367229
00.0000000292126759449118367229
00.0000000292126759449118367229
00.0000000292126759449118367229
00.0000000292126759449118367229
00.0000000292126759449118367229
00.0000000292126759449118367229
00.0000000292126759449118367229
00.0000000292126759449118367229
00.0000000292126759449118367229
00.0000000292126759449118367229
00.0000000292126759449118367229
00.0000000292126759449118367229
00.0000000292126759449118367229
00.0000000292126759449118367229
00.0000000292126759449118367229
00.0000000292126759449118367229
00.0000000292126759449118367229
00.0000000292126759449118367229
00.0000000292126759449118367229
00.0000000292126759449118367229
00.0000000292126759449118367229
00.0000000292126759449118367229
00.0000000292126759449118367229
00.0000000292126759449118367229
00.0000000292126759449118367229
00.0000000292126759449118367229
00.0000000292126759449118367229
00.0000000292126759449118367229
00.0000000292126759449118367229
00.0000000292126759449118367229
00.0000000292126759449118367229
00.0000000292126759449118367229
00.0000000292126759449118367229
00.0000000292126759449118367229
00.0000000292126759449118367229
00.0000000292126759449118367229
00.0000000292126759449118367229
00.0000000292126759449118367229
00.0000000292126759449118367229
00.0000000292126759449118367229
00.0000000292126759449118367229
00.0000000292126759449118367229
00.0000000292126759449118367229
00.0000000292126759449118367229
00.0000000292126759449118367229
00.0000000292126759449118367229
00.0000000292126759449118367229
00.0000000292126759449118367229
00.0000000292126759449118367229
00.0000000292126759449118367229
00.0000000292126759449118367229
00.0000000292126759449118367229
00.0000000292126759449118367229
00.0000000292126759449118367229
00.0000000292126759449118367229
00.0000000292126759449118367229
00.0000000292126759449118367229
00.0000000292126759449118367229
00.0000000292126759449118367229
00.0000000292126759449118367229
00.0000000292126759449118367229
00.0000000292126759449118367229
00.0000000292126759449118367229
00.0000000292126759449118367229
00.0000000292126759449118367229
00.0000000292126759449118367229
00.0000000292126759449118367229
00.0000000292126759449118367229
00.0000000292126759449118367229
00.0000000292126759449118367229
00.0000000292126759449118367229
00.0000000292126759449118367229
00.0000000292126759449118367229
00.0000000292126759449118367229
00.0000000292126759449118367229
00.0000000292126759449118367229
00.0000000292126759449118367229
00.0000000292126759449118367229
00.0000000292126759449118367229
00.0000000292126759449118367229
00.0000000292126759449118367229
00.0000000292126759449118367229
00.0000000292126759449118367229
00.0000000292126759449118367229
00.0000000292126759449118367229
00.0000000292126759449118367229
00.0000000292126759449118367229
00.0000000292126759449118367229
00.0000000292126759449118367229
00.0000000292126759449118367229
00.0000000292126759449118367229
00.0000000292126759449118367229
00.0000000292126759449118367229
00.0000000292126759449118367229
00.0000000292126759449118367229
00.0000000292126759449118367229
00.0000000292126759449118367229
00.0000000292126759449118367229
00.0000000292126759449118367229
00.0000000292126759449118367229
00.0000000292126759449118367229
00.0000000292126759449118367229
00.0000000292126759449118367229
00.0000000292126759449118367229
00.0000000292126759449118367229
00.0000000292126759449118367229
00.0000000292126759449118367229
00.0000000292126759449118367229
00.0000000292126759449118367229
00.0000000292126759449118367229
00.0000000292126759449118367229
00.0000000292126759449118367229
00.0000000292126759449118367229
00.0000000292126759449118367229
00.0000000292126759449118367229
00.0000000292126759449118367229
00.0000000292126759449118367229
00.0000000292126759449118367229
00.0000000292126759449118367229
00.0000000292126759449118367229
00.0000000292126759449118367229
00.0000000292126759449118367229
00.0000000292126759449118367229
00.0000000292126759449118367229
00.0000000292126759449118367229
00.0000000292126759449118367229
00.0000000292126759449118367229
00.0000000292126759449118367229
00.0000000292126759449118367229
00.0000000292126759449118367229
00.0000000292126759449118367229
00.0000000292126759449118367229
00.0000000292126759449118367229
00.0000000292126759449118367229
00.0000000292126759449118367229
00.0000000292126759449118367229
00.0000000292126759449118367229
00.0000000292126759449118367229
00.0000000292126759449118367229
00.0000000292126759449118367229
00.0000000292126759449118367229
00.0000000292126759449118367229
00.0000000292126759449118367229
00.0000000292126759449118367229
00.0000000292126759449118367229
00.0000000292126759449118367229
00.0000000292126759449118367229
00.0000000292126759449118367229
00.0000000292126759449118367229
00.0000000292126759449118367229
00.0000000292126759449118367229
00.0000000292126759449118367229
00.0000000292126759449118367229
00.0000000292126759449118367229
00.0000000292126759449118367229
00.0000000292126759449118367229
00.0000000292126759449118367229
00.0000000292126759449118367229
00.0000000292126759449118367229
00.0000000292126759449118367229
00.0000000292126759449118367229
00.0000000292126759449118367229
00.0000000292126759449118367229
00.0000000292126759449118367229
00.0000000292126759449118367229
00.0000000292126759449118367229
00.0000000292126759449118367229
00.0000000292126759449118367229
00.0000000292126759449118367229
00.0000000292126759449118367229
00.0000000292126759449118367229
00.0000000292126759449118367229
00.0000000292126759449118367229
00.0000000292126759449118367229
00.0000000292126759449118367229
00.0000000292126759449118367229
00.0000000292126759449118367229
00.0000000292126759449118367229
00.0000000292126759449118367229
00.0000000292126759449118367229
00.0000000292126759449118367229
00.0000000292126759449118367229
00.0000000292126759449118367229
00.0000000292126759449118367229
00.0000000292126759449118367229
00.0000000292126759449118367229
00.0000000292126759449118367229
00.0000000292126759449118367229
00.0000000292126759449118367229
00.0000000292126759449118367229
00.0000000292126759449118367229
00.0000000292126759449118367229
00.0000000292126759449118367229
00.0000000292126759449118367229
00.0000000292126759449118367229
00.0000000292126759449118367229
00.0000000292126759449118367229
00.0000000292126759449118367229
00.0000000292126759449118367229
00.0000000292126759449118367229
00.0000000292126759449118367229
00.0000000292126759449118367229
00.0000000292126759449118367229
00.0000000292126759449118367229
00.0000000292126759449118367229
00.0000000292126759449118367229
00.0000000292126759449118367229
00.0000000292126759449118367229
00.0000000292126759449118367229
00.0000000292126759449118367229
00.0000000292126759449118367229
00.0000000292126759449118367229
00.0000000292126759449118367229
00.0000000292126759449118367229
00.0000000292126759449118367229
00.0000000292126759449118367229
00.0000000292126759449118367229
00.0000000292126759449118367229
00.0000000292126759449118367229
00.0000000292126759449118367229
00.0000000292126759449118367229
00.0000000292126759449118367229
00.0000000292126759449118367229
00.0000000292126759449118367229
00.0000000292126759449118367229
00.0000000292126759449118367229
00.0000000292126759449118367229
00.0000000292126759449118367229
00.0000000292126759449118367229
00.0000000292126759449118367229
00.0000000292126759449118367229
00.0000000292126759449118367229
00.0000000292126759449118367229
00.0000000292126759449118367229
00.0000000292126759449118367229
00.0000000292126759449118367229
00.0000000292126759449118367229
00.0000000292126759449118367229
00.0000000292126759449118367229
00.0000000292126759449118367229
00.0000000292126759449118367229
00.0000000292126759449118367229
00.0000000292126759449118367229
00.0000000292126759449118367229
00.0000000292126759449118367229
00.0000000292126759449118367229
00.0000000292126759449118367229
00.0000000292126759449118367229
00.0000000292126759449118367229
00.0000000292126759449118367229
00.0000000292126759449118367229
00.0000000292126759449118367229
00.0000000292126759449118367229
00.0000000292126759449118367229
00.0000000292126759449118367229
00.0000000292126759449118367229
00.0000000292126759449118367229
00.0000000292126759449118367229
00.0000000292126759449118367229
00.0000000292126759449118367229
00.0000000292126759449118367229
00.0000000292126759449118367229
00.0000000292126759449118367229
00.0000000292126759449118367229
00.0000000292126759449118367229
00.0000000292126759449118367229
00.0000000292126759449118367229
00.0000000292126759449118367229
00.0000000292126759449118367229
00.0000000292126759449118367229
00.0000000292126759449118367229
00.0000000292126759449118367229
00.0000000292126759449118367229
00.0000000292126759449118367229
00.0000000292126759449118367229
00.0000000292126759449118367229
00.0000000292126759449118367229
00.0000000292126759449118367229
00.0000000292126759449118367229
00.0000000292126759449118367229
00.0000000292126759449118367229
00.0000000292126759449118367229
00.0000000292126759449118367229
00.0000000292126759449118367229
00.0000000292126759449118367229
00.0000000292126759449118367229
00.0000000292126759449118367229
00.0000000292126759449118367229
00.0000000292126759449118367229
00.0000000292126759449118367229
00.0000000292126759449118367229
00.0000000292126759449118367229
00.0000000292126759449118367229
00.0000000292126759449118367229
00.0000000292126759449118367229
00.0000000292126759449118367229
00.0000000292126759449118367229
00.0000000292126759449118367229
00.0000000292126759449118367229
00.0000000292126759449118367229
00.0000000292126759449118367229
00.0000000292126759449118367229
00.0000000292126759449118367229
00.0000000292126759449118367229
00.0000000292126759449118367229
00.0000000292126759449118367229
00.0000000292126759449118367229
00.0000000292126759449118367229
00.0000000292126759449118367229
00.0000000292126759449118367229
00.0000000292126759449118367229
00.0000000292126759449118367229
00.0000000292126759449118367229
00.0000000292126759449118367229
00.0000000292126759449118367229
00.0000000292126759449118367229
00.0000000292126759449118367229
00.0000000292126759449118367229
00.0000000292126759449118367229
00.0000000292126759449118367229
00.0000000292126759449118367229
00.0000000292126759449118367229
00.0000000292126759449118367229
00.0000000292126759449118367229
00.0000000292126759449118367229
00.0000000292126759449118367229
00.0000000292126759449118367229
00.0000000292126759449118367229
00.0000000292126759449118367229
00.0000000292126759449118367229
00.0000000292126759449118367229
00.0000000292126759449118367229
00.0000000292126759449118367229
00.0000000292126759449118367229
00.0000000292126759449118367229
00.0000000292126759449118367229
00.0000000292126759449118367229
00.0000000292126759449118367229
00.0000000292126759449118367229
00.0000000292126759449118367229
00.0000000292126759449118367229
00.0000000292126759449118367229
00.0000000292126759449118367229
00.0000000292126759449118367229
00.0000000292126759449118367229
00.0000000292126759449118367229
00.0000000292126759449118367229
00.0000000292126759449118367229
00.0000000292126759449118367229
00.0000000292126759449118367229
00.0000000292126759449118367229
00.0000000292126759449118367229
00.0000000292126759449118367229
00.0000000292126759449118367229
00.0000000292126759449118367229
00.0000000292126759449118367229
00.0000000292126759449118367229
00.0000000292126759449118367229
00.0000000292126759449118367229
00.0000000292126759449118367229
00.0000000292126759449118367229
00.0000000292126759449118367229
00.0000000292126759449118367229
00.0000000292126759449118367229
00.0000000292126759449118367229
00.0000000292126759449118367229
00.0000000292126759449118367229
00.0000000292126759449118367229
00.0000000292126759449118367229
00.0000000292126759449118367229
00.0000000292126759449118367229
00.0000000292126759449118367229
00.0000000292126759449118367229
00.0000000292126759449118367229
00.0000000292126759449118367229
00.0000000292126759449118367229
00.0000000292126759449118367229
00.0000000292126759449118367229
00.0000000292126759449118367229
00.0000000292126759449118367229
00.0000000292126759449118367229
00.0000000292126759449118367229
00.0000000292126759449118367229
00.0000000292126759449118367229
00.0000000292126759449118367229
00.0000000292126759449118367229
00.0000000292126759449118367229
00.0000000292126759449118367229
00.0000000292126759449118367229
00.0000000292126759449118367229
00.0000000292126759449118367229
00.0000000292126759449118367229
00.0000000292126759449118367229
00.0000000292126759449118367229
00.0000000292126759449118367229
00.0000000292126759449118367229
00.0000000292126759449118367229
00.0000000292126759449118367229
00.0000000292126759449118367229
00.0000000292126759449118367229
00.0000000292126759449118367229
00.0000000292126759449118367229
00.0000000292126759449118367229
00.0000000292126759449118367229
00.0000000292126759449118367229
00.0000000292126759449118367229
00.0000000292126759449118367229
00.0000000292126759449118367229
00.0000000292126759449118367229
00.0000000292126759449118367229
00.0000000292126759449118367229
00.0000000292126759449118367229
00.0000000292126759449118367229
00.0000000292126759449118367229
00.0000000292126759449118367229
00.0000000292126759449118367229
00.0000000292126759449118367229
00.0000000292126759449118367229
00.0000000292126759449118367229
00.0000000292126759449118367229
00.0000000292126759449118367229
00.0000000292126759449118367229
00.0000000292126759449118367229
00.0000000292126759449118367229
00.0000000292126759449118367229
00.0000000292126759449118367229
00.0000000292126759449118367229
00.0000000292126759449118367229
00.0000000292126759449118367229
00.0000000292126759449118367229
00.0000000292126759449118367229
00.0000000292126759449118367229
00.0000000292126759449118367229
00.0000000292126759449118367229
00.0000000292126759449118367229
00.0000000292126759449118367229
00.0000000292126759449118367229
00.0000000292126759449118367229
00.0000000292126759449118367229
00.0000000292126759449118367229
00.0000000292126759449118367229
00.0000000292126759449118367229
00.0000000292126759449118367229
00.0000000292126759449118367229
00.0000000292126759449118367229
00.0000000292126759449118367229
00.0000000292126759449118367229
00.0000000292126759449118367229
00.0000000292126759449118367229
00.0000000292126759449118367229
00.0000000292126759449118367229
00.0000000292126759449118367229
00.0000000292126759449118367229
00.0000000292126759449118367229
00.0000000292126759449118367229
00.0000000292126759449118367229
00.0000000292126759449118367229
00.0000000292126759449118367229
00.0000000292126759449118367229
00.0000000292126759449118367229
00.0000000292126759449118367229
00.0000000292126759449118367229
00.0000000292126759449118367229
00.0000000292126759449118367229
00.0000000292126759449118367229
00.0000000292126759449118367229
00.0000000292126759449118367229
00.0000000292126759449118367229
00.0000000292126759449118367229
00.0000000292126759449118367229
00.0000000292126759449118367229
00.0000000292126759449118367229
00.0000000292126759449118367229
00.0000000292126759449118367229
00.0000000292126759449118367229
00.0000000292126759449118367229
00.0000000292126759449118367229
00.0000000292126759449118367229
00.0000000292126759449118367229
00.0000000292126759449118367229
00.0000000292126759449118367229
00.0000000292126759449118367229
00.0000000292126759449118367229
00.0000000292126759449118367229
00.0000000292126759449118367229
00.0000000292126759449118367229
00.0000000292126759449118367229
00.0000000292126759449118367229
00.0000000292126759449118367229
00.0000000292126759449118367229
00.0000000292126759449118367229
00.0000000292126759449118367229
00.0000000292126759449118367229
00.0000000292126759449118367229
00.0000000292126759449118367229
00.0000000292126759449118367229
00.0000000292126759449118367229
00.0000000292126759449118367229
00.0000000292126759449118367229
00.0000000292126759449118367229
00.0000000292126759449118367229
00.0000000292126759449118367229
00.0000000292126759449118367229
00.0000000292126759449118367229
00.0000000292126759449118367229
00.0000000292126759449118367229
00.0000000292126759449118367229
00.0000000292126759449118367229
00.0000000292126759449118367229
00.0000000292126759449118367229
00.0000000292126759449118367229
00.0000000292126759449118367229
00.0000000292126759449118367229
00.0000000292126759449118367229
00.0000000292126759449118367229
00.0000000292126759449118367229
00.0000000292126759449118367229
00.0000000292126759449118367229
00.0000000292126759449118367229
00.0000000292126759449118367229
00.0000000292126759449118367229
00.0000000292126759449118367229
00.0000000292126759449118367229
00.0000000292126759449118367229
00.0000000292126759449118367229
00.0000000292126759449118367229
00.0000000292126759449118367229
00.0000000292126759449118367229
00.0000000292126759449118367229
00.0000000292126759449118367229
00.0000000292126759449118367229
00.0000000292126759449118367229
00.0000000292126759449118367229
00.0000000292126759449118367229
00.0000000292126759449118367229
00.0000000292126759449118367229
00.0000000292126759449118367229
00.0000000292126759449118367229
00.0000000292126759449118367229
00.0000000292126759449118367229
00.0000000292126759449118367229
00.0000000292126759449118367229
00.0000000292126759449118367229
00.0000000292126759449118367229
00.0000000292126759449118367229
00.0000000292126759449118367229
00.0000000292126759449118367229
00.0000000292126759449118367229
00.0000000292126759449118367229
00.0000000292126759449118367229
00.0000000292126759449118367229
00.0000000292126759449118367229
00.0000000292126759449118367229
00.0000000292126759449118367229
00.0000000292126759449118367229
00.0000000292126759449118367229
00.0000000292126759449118367229
00.0000000292126759449118367229
00.0000000292126759449118367229
00.0000000292126759449118367229
00.0000000292126759449118367229
00.0000000292126759449118367229
00.0000000292126759449118367229
00.0000000292126759449118367229
00.0000000292126759449118367229
00.0000000292126759449118367229
00.0000000292126759449118367229
00.0000000292126759449118367229
00.0000000292126759449118367229
00.0000000292126759449118367229
00.0000000292126759449118367229
00.0000000292126759449118367229
00.0000000292126759449118367229
00.0000000292126759449118367229
00.0000000292126759449118367229
00.0000000292126759449118367229
00.0000000292126759449118367229
00.0000000292126759449118367229
00.0000000292126759449118367229
00.0000000292126759449118367229
00.0000000292126759449118367229
00.0000000292126759449118367229
00.0000000292126759449118367229
00.0000000292126759449118367229
00.0000000292126759449118367229
00.0000000292126759449118367229
00.0000000292126759449118367229
00.0000000292126759449118367229
00.0000000292126759449118367229
00.0000000292126759449118367229
00.0000000292126759449118367229
00.0000000292126759449118367229
00.0000000292126759449118367229
00.0000000292126759449118367229
00.0000000292126759449118367229
00.0000000292126759449118367229
00.0000000292126759449118367229
00.0000000292126759449118367229
00.0000000292126759449118367229
00.0000000292126759449118367229
00.0000000292126759449118367229
00.0000000292126759449118367229
00.0000000292126759449118367229
00.0000000292126759449118367229
00.0000000292126759449118367229
00.0000000292126759449118367229
00.0000000292126759449118367229
00.0000000292126759449118367229
00.0000000292126759449118367229
00.0000000292126759449118367229
00.0000000292126759449118367229
00.0000000292126759449118367229
00.0000000292126759449118367229
00.0000000292126759449118367229
00.0000000292126759449118367229
00.0000000292126759449118367229
00.0000000292126759449118367229
00.0000000292126759449118367229
00.0000000292126759449118367229
00.0000000292126759449118367229
00.0000000292126759449118367229
00.0000000292126759449118367229
00.0000000292126759449118367229
00.0000000292126759449118367229
00.0000000292126759449118367229
00.0000000292126759449118367229
00.0000000292126759449118367229
00.0000000292126759449118367229
00.0000000292126759449118367229
00.0000000292126759449118367229
00.0000000292126759449118367229
00.0000000292126759449118367229
00.0000000292126759449118367229
00.0000000292126759449118367229
00.0000000292126759449118367229
00.0000000292126759449118367229
00.0000000292126759449118367229
00.0000000292126759449118367229
00.0000000292126759449118367229
00.0000000292126759449118367229
00.0000000292126759449118367229
00.0000000292126759449118367229
00.0000000292126759449118367229
00.0000000292126759449118367229
00.0000000292126759449118367229
00.0000000292126759449118367229
00.0000000292126759449118367229
00.0000000292126759449118367229
00.0000000292126759449118367229
00.0000000292126759449118367229
00.0000000292126759449118367229
00.0000000292126759449118367229
00.0000000292126759449118367229
00.0000000292126759449118367229
00.0000000292126759449118367229
00.0000000292126759449118367229
00.0000000292126759449118367229
00.0000000292126759449118367229
00.0000000292126759449118367229
00.0000000292126759449118367229
00.0000000292126759449118367229
00.0000000292126759449118367229
00.0000000292126759449118367229
00.0000000292126759449118367229
00.0000000292126759449118367229
00.0000000292126759449118367229
00.0000000292126759449118367229
00.0000000292126759449118367229
00.0000000292126759449118367229
00.0000000292126759449118367229
00.0000000292126759449118367229
00.0000000292126759449118367229
00.0000000292126759449118367229
00.0000000292126759449118367229
00.0000000292126759449118367229
00.0000000292126759449118367229
00.0000000292126759449118367229
00.0000000292126759449118367229
00.0000000292126759449118367229
00.0000000292126759449118367229
00.0000000292126759449118367229
00.0000000292126759449118367229
00.0000000292126759449118367229
00.0000000292126759449118367229
00.0000000292126759449118367229
00.0000000292126759449118367229
00.0000000292126759449118367229
00.0000000292126759449118367229
00.0000000292126759449118367229
00.0000000292126759449118367229
00.0000000292126759449118367229
00.0000000292126759449118367229
00.0000000292126759449118367229
00.0000000292126759449118367229
00.0000000292126759449118367229
00.0000000292126759449118367229
00.0000000292126759449118367229
00.0000000292126759449118367229
00.0000000292126759449118367229
00.0000000292126759449118367229
00.0000000292126759449118367229
00.0000000292126759449118367229
00.0000000292126759449118367229
00.0000000292126759449118367229
00.0000000292126759449118367229
00.0000000292126759449118367229
00.0000000292126759449118367229
00.0000000292126759449118367229
00.0000000292126759449118367229
00.0000000292126759449118367229
00.0000000292126759449118367229
00.0000000292126759449118367229
00.0000000292126759449118367229
00.0000000292126759449118367229
00.0000000292126759449118367229
00.0000000292126759449118367229
00.0000000292126759449118367229
00.0000000292126759449118367229
00.0000000292126759449118367229
00.0000000292126759449118367229
00.0000000292126759449118367229
00.0000000292126759449118367229
00.0000000292126759449118367229
00.0000000292126759449118367229
00.0000000292126759449118367229
00.0000000292126759449118367229
00.0000000292126759449118367229
00.0000000292126759449118367229
00.0000000292126759449118367229
00.0000000292126759449118367229
00.0000000292126759449118367229
00.0000000292126759449118367229
00.0000000292126759449118367229
00.0000000292126759449118367229
00.0000000292126759449118367229
00.0000000292126759449118367229
00.0000000292126759449118367229
00.0000000292126759449118367229
00.0000000292126759449118367229
00.0000000292126759449118367229
00.0000000292126759449118367229
00.0000000292126759449118367229
00.0000000292126759449118367229
00.0000000292126759449118367229
00.0000000292126759449118367229
00.0000000292126759449118367229
00.0000000292126759449118367229
00.0000000292126759449118367229
00.0000000292126759449118367229
00.0000000292126759449118367229
00.0000000292126759449118367229
00.0000000292126759449118367229
00.0000000292126759449118367229
00.0000000292126759449118367229
00.0000000292126759449118367229
00.0000000292126759449118367229
00.0000000292126759449118367229
00.0000000292126759449118367229
00.0000000292126759449118367229
00.0000000292126759449118367229
00.0000000292126759449118367229
00.0000000292126759449118367229
00.0000000292126759449118367229
00.0000000292126759449118367229
00.0000000292126759449118367229
00.0000000292126759449118367229
00.0000000292126759449118367229
00.0000000292126759449118367229
00.0000000292126759449118367229
00.0000000292126759449118367229
00.0000000292126759449118367229
00.0000000292126759449118367229
00.0000000292126759449118367229
00.0000000292126759449118367229
00.0000000292126759449118367229
00.0000000292126759449118367229
00.0000000292126759449118367229
00.0000000292126759449118367229
00.0000000292126759449118367229
00.0000000292126759449118367229
00.0000000292126759449118367229
00.0000000292126759449118367229
00.0000000292126759449118367229
00.0000000292126759449118367229
00.0000000292126759449118367229
00.0000000292126759449118367229
00.0000000292126759449118367229
00.0000000292126759449118367229
00.0000000292126759449118367229
00.0000000292126759449118367229
00.0000000292126759449118367229
00.0000000292126759449118367229
00.0000000292126759449118367229
00.0000000292126759449118367229
00.0000000292126759449118367229
00.0000000292126759449118367229
00.0000000292126759449118367229
00.0000000292126759449118367229
00.0000000292126759449118367229
00.0000000292126759449118367229
00.0000000292126759449118367229
00.0000000292126759449118367229
00.0000000292126759449118367229
00.0000000292126759449118367229
00.0000000292126759449118367229
00.0000000292126759449118367229
00.0000000292126759449118367229
00.0000000292126759449118367229
00.0000000292126759449118367229
00.0000000292126759449118367229
00.0000000292126759449118367229
00.0000000292126759449118367229
00.0000000292126759449118367229
00.0000000292126759449118367229
00.0000000292126759449118367229
00.0000000292126759449118367229
00.0000000292126759449118367229
00.0000000292126759449118367229
00.0000000292126759449118367229
00.0000000292126759449118367229
00.0000000292126759449118367229
00.0000000292126759449118367229
00.0000000292126759449118367229
00.0000000292126759449118367229
00.0000000292126759449118367229
00.0000000292126759449118367229
00.0000000292126759449118367229
00.0000000292126759449118367229
00.0000000292126759449118367229
00.0000000292126759449118367229
00.0000000292126759449118367229
00.0000000292126759449118367229
00.0000000292126759449118367229
00.0000000292126759449118367229
00.0000000292126759449118367229
00.0000000292126759449118367229
00.0000000292126759449118367229
00.0000000292126759449118367229
00.0000000292126759449118367229
00.0000000292126759449118367229
00.0000000292126759449118367229
00.0000000292126759449118367229
00.0000000292126759449118367229
00.0000000292126759449118367229
00.0000000292126759449118367229
00.0000000292126759449118367229
00.0000000292126759449118367229
00.0000000292126759449118367229
00.0000000292126759449118367229
00.0000000292126759449118367229
00.0000000292126759449118367229
00.0000000292126759449118367229
00.0000000292126759449118367229
00.0000000292126759449118367229
00.0000000292126759449118367229
00.0000000292126759449118367229
00.0000000292126759449118367229
00.0000000292126759449118367229
00.0000000292126759449118367229
00.0000000292126759449118367229
00.0000000292126759449118367229
00.0000000292126759449118367229
00.0000000292126759449118367229
00.0000000292126759449118367229
00.0000000292126759449118367229
00.0000000292126759449118367229
00.0000000292126759449118367229
00.0000000292126759449118367229
00.0000000292126759449118367229
00.0000000292126759449118367229
00.0000000292126759449118367229
00.0000000292126759449118367229
00.0000000292126759449118367229
00.0000000292126759449118367229
00.0000000292126759449118367229
00.0000000292126759449118367229
00.0000000292126759449118367229
00.0000000292126759449118367229
00.0000000292126759449118367229
00.0000000292126759449118367229
00.0000000292126759449118367229
00.0000000292126759449118367229
00.0000000292126759449118367229
00.0000000292126759449118367229
00.0000000292126759449118367229
00.0000000292126759449118367229
00.0000000292126759449118367229
00.0000000292126759449118367229
00.0000000292126759449118367229
00.0000000292126759449118367229
00.0000000292126759449118367229
00.0000000292126759449118367229
00.0000000292126759449118367229
00.0000000292126759449118367229
00.0000000292126759449118367229
00.0000000292126759449118367229
00.0000000292126759449118367229
00.0000000292126759449118367229
00.0000000292126759449118367229
00.0000000292126759449118367229
00.0000000292126759449118367229
00.0000000292126759449118367229
00.0000000292126759449118367229
00.0000000292126759449118367229
00.0000000292126759449118367229
00.0000000292126759449118367229
00.0000000292126759449118367229
00.0000000292126759449118367229
00.0000000292126759449118367229
00.0000000292126759449118367229
00.0000000292126759449118367229
00.0000000292126759449118367229
00.0000000292126759449118367229
00.0000000292126759449118367229
00.0000000292126759449118367229
00.0000000292126759449118367229
00.0000000292126759449118367229
00.0000000292126759449118367229
00.0000000292126759449118367229
00.0000000292126759449118367229
00.0000000292126759449118367229
00.0000000292126759449118367229
00.0000000292126759449118367229
00.0000000292126759449118367229
00.0000000292126759449118367229
00.0000000292126759449118367229
00.0000000292126759449118367229
00.0000000292126759449118367229
00.0000000292126759449118367229
00.0000000292126759449118367229
00.0000000292126759449118367229
00.0000000292126759449118367229
00.0000000292126759449118367229
00.0000000292126759449118367229
00.0000000292126759449118367229
00.0000000292126759449118367229
00.0000000292126759449118367229
00.0000000292126759449118367229
00.0000000292126759449118367229
00.0000000292126759449118367229
00.0000000292126759449118367229
00.0000000292126759449118367229
00.0000000292126759449118367229
00.0000000292126759449118367229
00.0000000292126759449118367229
00.0000000292126759449118367229
00.0000000292126759449118367229
00.0000000292126759449118367229
00.0000000292126759449118367229
00.0000000292126759449118367229
00.0000000292126759449118367229
00.0000000292126759449118367229
00.0000000292126759449118367229
00.0000000292126759449118367229
00.0000000292126759449118367229
00.0000000292126759449118367229
00.0000000292126759449118367229
00.0000000292126759449118367229
00.0000000292126759449118367229
00.0000000292126759449118367229
00.0000000292126759449118367229
00.0000000292126759449118367229
00.0000000292126759449118367229
00.0000000292126759449118367229
00.0000000292126759449118367229
00.0000000292126759449118367229
00.0000000292126759449118367229
00.0000000292126759449118367229
00.0000000292126759449118367229
00.0000000292126759449118367229
00.0000000292126759449118367229
00.0000000292126759449118367229
00.0000000292126759449118367229
00.0000000292126759449118367229
00.0000000292126759449118367229
00.0000000292126759449118367229
00.0000000292126759449118367229
00.0000000292126759449118367229
00.0000000292126759449118367229
00.0000000292126759449118367229
00.0000000292126759449118367229
00.0000000292126759449118367229
00.0000000292126759449118367229
00.0000000292126759449118367229
00.0000000292126759449118367229
00.0000000292126759449118367229
00.0000000292126759449118367229
00.0000000292126759449118367229
00.0000000292126759449118367229
00.0000000292126759449118367229
00.0000000292126759449118367229
00.0000000292126759449118367229
00.0000000292126759449118367229
00.0000000292126759449118367229
00.0000000292126759449118367229
00.0000000292126759449118367229
00.0000000292126759449118367229
00.0000000292126759449118367229
00.0000000292126759449118367229
00.0000000292126759449118367229
00.0000000292126759449118367229
00.0000000292126759449118367229
00.0000000292126759449118367229
00.0000000292126759449118367229
00.0000000292126759449118367229
00.0000000292126759449118367229
00.0000000292126759449118367229
00.0000000292126759449118367229
00.0000000292126759449118367229
00.0000000292126759449118367229
00.0000000292126759449118367229
00.0000000292126759449118367229
00.0000000292126759449118367229
00.0000000292126759449118367229
00.0000000292126759449118367229
00.0000000292126759449118367229
00.0000000292126759449118367229
00.0000000292126759449118367229
00.0000000292126759449118367229
00.0000000292126759449118367229
00.0000000292126759449118367229
00.0000000292126759449118367229
00.0000000292126759449118367229
00.0000000292126759449118367229
00.0000000292126759449118367229
00.0000000292126759449118367229
00.0000000292126759449118367229
00.0000000292126759449118367229
00.0000000292126759449118367229
00.0000000292126759449118367229
00.0000000292126759449118367229
00.0000000292126759449118367229
00.0000000292126759449118367229
00.0000000292126759449118367229
00.0000000292126759449118367229
00.0000000292126759449118367229
00.0000000292126759449118367229
00.0000000292126759449118367229
00.0000000292126759449118367229
00.0000000292126759449118367229
00.0000000292126759449118367229
00.0000000292126759449118367229
00.0000000292126759449118367229
00.0000000292126759449118367229
00.0000000292126759449118367229
00.0000000292126759449118367229
00.0000000292126759449118367229
00.0000000292126759449118367229
00.0000000292126759449118367229
00.0000000292126759449118367229
00.0000000292126759449118367229
00.0000000292126759449118367229
00.0000000292126759449118367229
00.0000000292126759449118367229
00.0000000292126759449118367229
00.0000000292126759449118367229
00.0000000292126759449118367229
00.0000000292126759449118367229
00.0000000292126759449118367229
00.0000000292126759449118367229
00.0000000292126759449118367229
00.0000000292126759449118367229
00.0000000292126759449118367229
00.0000000292126759449118367229
00.0000000292126759449118367229
00.0000000292126759449118367229
00.0000000292126759449118367229
00.0000000292126759449118367229
00.0000000292126759449118367229
00.0000000292126759449118367229
00.0000000292126759449118367229
00.0000000292126759449118367229
00.0000000292126759449118367229
00.0000000292126759449118367229
00.0000000292126759449118367229
00.0000000292126759449118367229
00.0000000292126759449118367229
00.0000000292126759449118367229
00.0000000292126759449118367229
00.0000000292126759449118367229
00.0000000292126759449118367229
00.0000000292126759449118367229
00.0000000292126759449118367229
00.0000000292126759449118367229
00.0000000292126759449118367229
00.0000000292126759449118367229
00.0000000292126759449118367229
00.0000000292126759449118367229
00.0000000292126759449118367229
00.0000000292126759449118367229
00.0000000292126759449118367229
00.0000000292126759449118367229
00.0000000292126759449118367229
00.0000000292126759449118367229
00.0000000292126759449118367229
00.0000000292126759449118367229
00.0000000292126759449118367229
00.0000000292126759449118367229
00.0000000292126759449118367229
00.0000000292126759449118367229
00.0000000292126759449118367229
00.0000000292126759449118367229
00.0000000292126759449118367229
00.0000000292126759449118367229
00.0000000292126759449118367229
00.0000000292126759449118367229
00.0000000292126759449118367229
00.0000000292126759449118367229
00.0000000292126759449118367229
00.0000000292126759449118367229
00.0000000292126759449118367229
00.0000000292126759449118367229
00.0000000292126759449118367229
00.0000000292126759449118367229
00.0000000292126759449118367229
00.0000000292126759449118367229
00.0000000292126759449118367229
00.0000000292126759449118367229
00.0000000292126759449118367229
00.0000000292126759449118367229
00.0000000292126759449118367229
00.0000000292126759449118367229
00.0000000292126759449118367229
00.0000000292126759449118367229
00.0000000292126759449118367229
00.0000000292126759449118367229
00.0000000292126759449118367229
00.0000000292126759449118367229
00.0000000292126759449118367229
00.0000000292126759449118367229
00.0000000292126759449118367229
00.0000000292126759449118367229
00.0000000292126759449118367229
00.0000000292126759449118367229
00.0000000292126759449118367229
00.0000000292126759449118367229
00.0000000292126759449118367229
00.0000000292126759449118367229
00.0000000292126759449118367229
00.0000000292126759449118367229
00.0000000292126759449118367229
00.0000000292126759449118367229
00.0000000292126759449118367229
00.0000000292126759449118367229
00.0000000292126759449118367229
00.0000000292126759449118367229
00.0000000292126759449118367229
00.0000000292126759449118367229
00.0000000292126759449118367229
00.0000000292126759449118367229
00.0000000292126759449118367229
00.0000000292126759449118367229
00.0000000292126759449118367229
00.0000000292126759449118367229
00.0000000292126759449118367229
00.0000000292126759449118367229
00.0000000292126759449118367229
00.0000000292126759449118367229
00.0000000292126759449118367229
00.0000000292126759449118367229
00.0000000292126759449118367229
00.0000000292126759449118367229
00.0000000292126759449118367229
00.0000000292126759449118367229
00.0000000292126759449118367229
00.0000000292126759449118367229
00.0000000292126759449118367229
00.0000000292126759449118367229
00.0000000292126759449118367229
00.0000000292126759449118367229
00.0000000292126759449118367229
00.0000000292126759449118367229
00.0000000292126759449118367229
00.0000000292126759449118367229
00.0000000292126759449118367229
00.0000000292126759449118367229
00.0000000292126759449118367229
00.0000000292126759449118367229
00.0000000292126759449118367229
00.0000000292126759449118367229
00.0000000292126759449118367229
00.0000000292126759449118367229
00.0000000292126759449118367229
00.0000000292126759449118367229
00.0000000292126759449118367229
00.0000000292126759449118367229
00.0000000292126759449118367229
00.0000000292126759449118367229
00.0000000292126759449118367229
00.0000000292126759449118367229
00.0000000292126759449118367229
00.0000000292126759449118367229
00.0000000292126759449118367229
00.0000000292126759449118367229
00.0000000292126759449118367229
00.0000000292126759449118367229
00.0000000292126759449118367229
00.0000000292126759449118367229
00.0000000292126759449118367229
00.0000000292126759449118367229
00.0000000292126759449118367229
00.0000000292126759449118367229
00.0000000292126759449118367229
00.0000000292126759449118367229
00.0000000292126759449118367229
00.0000000292126759449118367229
00.0000000292126759449118367229
00.0000000292126759449118367229
00.0000000292126759449118367229
00.0000000292126759449118367229
00.0000000292126759449118367229
00.0000000292126759449118367229
00.0000000292126759449118367229
00.0000000292126759449118367229
00.0000000292126759449118367229
00.0000000292126759449118367229
00.0000000292126759449118367229
00.0000000292126759449118367229
00.0000000292126759449118367229
00.0000000292126759449118367229
00.0000000292126759449118367229
00.0000000292126759449118367229
00.0000000292126759449118367229
00.0000000292126759449118367229
00.0000000292126759449118367229
00.0000000292126759449118367229
00.0000000292126759449118367229
00.0000000292126759449118367229
00.0000000292126759449118367229
00.0000000292126759449118367229
00.0000000292126759449118367229
00.0000000292126759449118367229
00.0000000292126759449118367229
00.0000000292126759449118367229
00.0000000292126759449118367229
00.0000000292126759449118367229
00.0000000292126759449118367229
00.0000000292126759449118367229
00.0000000292126759449118367229
00.0000000292126759449118367229
00.0000000292126759449118367229
00.0000000292126759449118367229
00.0000000292126759449118367229
00.0000000292126759449118367229
00.0000000292126759449118367229
00.0000000292126759449118367229
00.0000000292126759449118367229
00.0000000292126759449118367229
00.0000000292126759449118367229
00.0000000292126759449118367229
00.0000000292126759449118367229
00.0000000292126759449118367229
00.0000000292126759449118367229
00.0000000292126759449118367229
00.0000000292126759449118367229
00.0000000292126759449118367229
00.0000000292126759449118367229
00.0000000292126759449118367229
00.0000000292126759449118367229
00.0000000292126759449118367229
00.0000000292126759449118367229
00.0000000292126759449118367229
00.0000000292126759449118367229
00.0000000292126759449118367229
00.0000000292126759449118367229
00.0000000292126759449118367229
00.0000000292126759449118367229
00.0000000292126759449118367229
00.0000000292126759449118367229
00.0000000292126759449118367229
00.0000000292126759449118367229
00.0000000292126759449118367229
00.0000000292126759449118367229
00.0000000292126759449118367229
00.0000000292126759449118367229
00.0000000292126759449118367229
00.0000000292126759449118367229
00.0000000292126759449118367229
00.0000000292126759449118367229
00.0000000292126759449118367229
00.0000000292126759449118367229
00.0000000292126759449118367229
00.0000000292126759449118367229
00.0000000292126759449118367229
00.0000000292126759449118367229
00.0000000292126759449118367229
00.0000000292126759449118367229
00.0000000292126759449118367229
00.0000000292126759449118367229
00.0000000292126759449118367229
00.0000000292126759449118367229
00.0000000292126759449118367229
00.0000000292126759449118367229
00.0000000292126759449118367229
00.0000000292126759449118367229
00.0000000292126759449118367229
00.0000000292126759449118367229
00.0000000292126759449118367229
00.0000000292126759449118367229
00.0000000292126759449118367229
00.0000000292126759449118367229
00.0000000292126759449118367229
00.0000000292126759449118367229
00.0000000292126759449118367229
00.0000000292126759449118367229
00.0000000292126759449118367229
00.0000000292126759449118367229
00.0000000292126759449118367229
00.0000000292126759449118367229
00.0000000292126759449118367229
00.0000000292126759449118367229
00.0000000292126759449118367229
00.0000000292126759449118367229
00.0000000292126759449118367229
00.0000000292126759449118367229
00.0000000292126759449118367229
00.0000000292126759449118367229
00.0000000292126759449118367229
00.0000000292126759449118367229
00.0000000292126759449118367229
00.0000000292126759449118367229
00.0000000292126759449118367229
00.0000000292126759449118367229
00.0000000292126759449118367229
00.0000000292126759449118367229
00.0000000292126759449118367229
00.0000000292126759449118367229
00.0000000292126759449118367229
00.0000000292126759449118367229
00.0000000292126759449118367229
00.0000000292126759449118367229
00.0000000292126759449118367229
00.0000000292126759449118367229
00.0000000292126759449118367229
00.0000000292126759449118367229
00.0000000292126759449118367229
00.0000000292126759449118367229
00.0000000292126759449118367229
00.0000000292126759449118367229
00.0000000292126759449118367229
00.0000000292126759449118367229
00.0000000292126759449118367229
00.0000000292126759449118367229
00.0000000292126759449118367229
00.0000000292126759449118367229
00.0000000292126759449118367229
00.0000000292126759449118367229
00.0000000292126759449118367229
00.0000000292126759449118367229
00.0000000292126759449118367229
00.0000000292126759449118367229
00.0000000292126759449118367229
00.0000000292126759449118367229
00.0000000292126759449118367229
00.0000000292126759449118367229
00.0000000292126759449118367229
00.0000000292126759449118367229
00.0000000292126759449118367229
00.0000000292126759449118367229
00.0000000292126759449118367229
00.0000000292126759449118367229
00.0000000292126759449118367229
00.0000000292126759449118367229
00.0000000292126759449118367229
00.0000000292126759449118367229
00.0000000292126759449118367229
00.0000000292126759449118367229
00.0000000292126759449118367229
00.0000000292126759449118367229
00.0000000292126759449118367229
00.0000000292126759449118367229
00.0000000292126759449118367229
00.0000000292126759449118367229
00.0000000292126759449118367229
00.0000000292126759449118367229
00.0000000292126759449118367229
00.0000000292126759449118367229
00.0000000292126759449118367229
00.0000000292126759449118367229
00.0000000292126759449118367229
00.0000000292126759449118367229
00.0000000292126759449118367229
00.0000000292126759449118367229
00.0000000292126759449118367229
00.0000000292126759449118367229
00.0000000292126759449118367229
00.0000000292126759449118367229
00.0000000292126759449118367229
00.0000000292126759449118367229
00.0000000292126759449118367229
00.0000000292126759449118367229
00.0000000292126759449118367229
00.0000000292126759449118367229
00.0000000292126759449118367229
00.0000000292126759449118367229
00.0000000292126759449118367229
00.0000000292126759449118367229
00.0000000292126759449118367229
00.0000000292126759449118367229
00.0000000292126759449118367229
00.0000000292126759449118367229
00.0000000292126759449118367229
00.0000000292126759449118367229
00.0000000292126759449118367229
00.0000000292126759449118367229
00.0000000292126759449118367229
00.0000000292126759449118367229
00.0000000292126759449118367229
00.0000000292126759449118367229
00.0000000292126759449118367229
00.0000000292126759449118367229
00.0000000292126759449118367229
00.0000000292126759449118367229
00.0000000292126759449118367229
00.0000000292126759449118367229
00.0000000292126759449118367229
00.0000000292126759449118367229
00.0000000292126759449118367229
00.0000000292126759449118367229
00.0000000292126759449118367229
00.0000000292126759449118367229
00.0000000292126759449118367229
00.0000000292126759449118367229
00.0000000292126759449118367229
00.0000000292126759449118367229
00.0000000292126759449118367229
00.0000000292126759449118367229
00.0000000292126759449118367229
00.0000000292126759449118367229
00.0000000292126759449118367229
00.0000000292126759449118367229
00.0000000292126759449118367229
00.0000000292126759449118367229
00.0000000292126759449118367229
00.0000000292126759449118367229
00.0000000292126759449118367229
00.0000000292126759449118367229
00.0000000292126759449118367229
00.0000000292126759449118367229
00.0000000292126759449118367229
00.0000000292126759449118367229
00.0000000292126759449118367229
00.0000000292126759449118367229
00.0000000292126759449118367229
00.0000000292126759449118367229
00.0000000292126759449118367229
00.0000000292126759449118367229
00.0000000292126759449118367229
00.0000000292126759449118367229
00.0000000292126759449118367229
00.0000000292126759449118367229
00.0000000292126759449118367229
00.0000000292126759449118367229
00.0000000292126759449118367229
00.0000000292126759449118367229
00.0000000292126759449118367229
00.0000000292126759449118367229
00.0000000292126759449118367229
00.0000000292126759449118367229
00.0000000292126759449118367229
00.0000000292126759449118367229
00.0000000292126759449118367229
00.0000000292126759449118367229
00.0000000292126759449118367229
00.0000000292126759449118367229
00.0000000292126759449118367229
00.0000000292126759449118367229
00.0000000292126759449118367229
00.0000000292126759449118367229
00.0000000292126759449118367229
00.0000000292126759449118367229
00.0000000292126759449118367229
00.0000000292126759449118367229
00.0000000292126759449118367229
00.0000000292126759449118367229
00.0000000292126759449118367229
00.0000000292126759449118367229
00.0000000292126759449118367229
00.0000000292126759449118367229
00.0000000292126759449118367229
00.0000000292126759449118367229
00.0000000292126759449118367229
00.0000000292126759449118367229
00.0000000292126759449118367229
00.0000000292126759449118367229
00.0000000292126759449118367229
00.0000000292126759449118367229
00.0000000292126759449118367229
00.0000000292126759449118367229
00.0000000292126759449118367229
00.0000000292126759449118367229
00.0000000292126759449118367229
00.0000000292126759449118367229
00.0000000292126759449118367229
00.0000000292126759449118367229
00.0000000292126759449118367229
00.0000000292126759449118367229
00.0000000292126759449118367229
00.0000000292126759449118367229
00.0000000292126759449118367229
00.0000000292126759449118367229
00.0000000292126759449118367229
00.0000000292126759449118367229
00.0000000292126759449118367229
00.0000000292126759449118367229
00.0000000292126759449118367229
00.0000000292126759449118367229
00.0000000292126759449118367229
00.0000000292126759449118367229
00.0000000292126759449118367229
00.0000000292126759449118367229
00.0000000292126759449118367229
00.0000000292126759449118367229
00.0000000292126759449118367229
00.0000000292126759449118367229
00.0000000292126759449118367229
00.0000000292126759449118367229
00.0000000292126759449118367229
00.0000000292126759449118367229
00.0000000292126759449118367229
00.0000000292126759449118367229
00.0000000292126759449118367229
00.0000000292126759449118367229
00.0000000292126759449118367229
00.0000000292126759449118367229
00.0000000292126759449118367229
00.0000000292126759449118367229
00.0000000292126759449118367229
00.0000000292126759449118367229
00.0000000292126759449118367229
00.0000000292126759449118367229
00.0000000292126759449118367229
00.0000000292126759449118367229
00.0000000292126759449118367229
00.0000000292126759449118367229
00.0000000292126759449118367229
00.0000000292126759449118367229
00.0000000292126759449118367229
00.0000000292126759449118367229
00.0000000292126759449118367229
00.0000000292126759449118367229
00.0000000292126759449118367229
00.0000000292126759449118367229
00.0000000292126759449118367229
00.0000000292126759449118367229
00.0000000292126759449118367229
00.0000000292126759449118367229
00.0000000292126759449118367229
00.0000000292126759449118367229
00.0000000292126759449118367229
00.0000000292126759449118367229
00.0000000292126759449118367229
00.0000000292126759449118367229
00.0000000292126759449118367229
00.0000000292126759449118367229
00.0000000292126759449118367229
00.0000000292126759449118367229
00.0000000292126759449118367229
00.0000000292126759449118367229
00.0000000292126759449118367229
00.0000000292126759449118367229
00.0000000292126759449118367229
00.0000000292126759449118367229
00.0000000292126759449118367229
00.0000000292126759449118367229
00.0000000292126759449118367229
00.0000000292126759449118367229
00.0000000292126759449118367229
00.0000000292126759449118367229
00.0000000292126759449118367229
00.0000000292126759449118367229
00.0000000292126759449118367229
00.0000000292126759449118367229
00.0000000292126759449118367229
00.0000000292126759449118367229
00.0000000292126759449118367229
00.0000000292126759449118367229
00.0000000292126759449118367229
00.0000000292126759449118367229
00.0000000292126759449118367229
00.0000000292126759449118367229
00.0000000292126759449118367229
00.0000000292126759449118367229
00.0000000292126759449118367229
00.0000000292126759449118367229
00.0000000292126759449118367229
00.0000000292126759449118367229
00.0000000292126759449118367229
00.0000000292126759449118367229
00.0000000292126759449118367229
00.0000000292126759449118367229
00.0000000292126759449118367229
00.0000000292126759449118367229
00.0000000292126759449118367229
00.0000000292126759449118367229
00.0000000292126759449118367229
00.0000000292126759449118367229
00.0000000292126759449118367229
00.0000000292126759449118367229
00.0000000292126759449118367229
00.0000000292126759449118367229
00.0000000292126759449118367229
00.0000000292126759449118367229
00.0000000292126759449118367229
00.0000000292126759449118367229
00.0000000292126759449118367229
00.0000000292126759449118367229
00.0000000292126759449118367229
00.0000000292126759449118367229
00.0000000292126759449118367229
00.0000000292126759449118367229
00.0000000292126759449118367229
00.0000000292126759449118367229
00.0000000292126759449118367229
00.0000000292126759449118367229
00.0000000292126759449118367229
00.0000000292126759449118367229
00.0000000292126759449118367229
00.0000000292126759449118367229
00.0000000292126759449118367229
00.0000000292126759449118367229
00.0000000292126759449118367229
00.0000000292126759449118367229
00.0000000292126759449118367229
00.0000000292126759449118367229
00.0000000292126759449118367229
00.0000000292126759449118367229
00.0000000292126759449118367229
00.0000000292126759449118367229
00.0000000292126759449118367229
00.0000000292126759449118367229
00.0000000292126759449118367229
00.0000000292126759449118367229
00.0000000292126759449118367229
00.0000000292126759449118367229
00.0000000292126759449118367229
00.0000000292126759449118367229
00.0000000292126759449118367229
00.0000000292126759449118367229
00.0000000292126759449118367229
00.0000000292126759449118367229
00.0000000292126759449118367229
00.0000000292126759449118367229
00.0000000292126759449118367229
00.0000000292126759449118367229
00.0000000292126759449118367229
00.0000000292126759449118367229
00.0000000292126759449118367229
00.0000000292126759449118367229
00.0000000292126759449118367229
00.0000000292126759449118367229
00.0000000292126759449118367229
00.0000000292126759449118367229
00.0000000292126759449118367229
00.0000000292126759449118367229
00.0000000292126759449118367229
00.0000000292126759449118367229
00.0000000292126759449118367229
00.0000000292126759449118367229
00.0000000292126759449118367229
00.0000000292126759449118367229
00.0000000292126759449118367229
00.0000000292126759449118367229
00.0000000292126759449118367229
00.0000000292126759449118367229
00.0000000292126759449118367229
00.0000000292126759449118367229
00.0000000292126759449118367229
00.0000000292126759449118367229
00.0000000292126759449118367229
00.0000000292126759449118367229
00.0000000292126759449118367229
00.0000000292126759449118367229
00.0000000292126759449118367229
00.0000000292126759449118367229
00.0000000292126759449118367229
00.0000000292126759449118367229
00.0000000292126759449118367229
00.0000000292126759449118367229
00.0000000292126759449118367229
00.0000000292126759449118367229
00.0000000292126759449118367229
00.0000000292126759449118367229
00.0000000292126759449118367229
00.0000000292126759449118367229
00.0000000292126759449118367229
00.0000000292126759449118367229
00.0000000292126759449118367229
00.0000000292126759449118367229
00.0000000292126759449118367229
00.0000000292126759449118367229
00.0000000292126759449118367229
00.0000000292126759449118367229
00.0000000292126759449118367229
00.0000000292126759449118367229
00.0000000292126759449118367229
00.0000000292126759449118367229
00.0000000292126759449118367229
00.0000000292126759449118367229
00.0000000292126759449118367229
00.0000000292126759449118367229
00.0000000292126759449118367229
00.0000000292126759449118367229
00.0000000292126759449118367229
00.0000000292126759449118367229
00.0000000292126759449118367229
00.0000000292126759449118367229
00.0000000292126759449118367229
00.0000000292126759449118367229
00.0000000292126759449118367229
00.0000000292126759449118367229
00.0000000292126759449118367229
00.0000000292126759449118367229
00.0000000292126759449118367229
00.0000000292126759449118367229
00.0000000292126759449118367229
00.0000000292126759449118367229
00.0000000292126759449118367229
00.0000000292126759449118367229
00.0000000292126759449118367229
00.0000000292126759449118367229
00.0000000292126759449118367229
00.0000000292126759449118367229
00.0000000292126759449118367229
00.0000000292126759449118367229
00.0000000292126759449118367229
00.0000000292126759449118367229
00.0000000292126759449118367229
00.0000000292126759449118367229
00.0000000292126759449118367229
00.0000000292126759449118367229
00.0000000292126759449118367229
00.0000000292126759449118367229
00.0000000292126759449118367229
00.0000000292126759449118367229
00.0000000292126759449118367229
00.0000000292126759449118367229
00.0000000292126759449118367229
00.0000000292126759449118367229
00.0000000292126759449118367229
00.0000000292126759449118367229
00.0000000292126759449118367229
00.0000000292126759449118367229
00.0000000292126759449118367229
00.0000000292126759449118367229
00.0000000292126759449118367229
00.0000000292126759449118367229
00.0000000292126759449118367229
00.0000000292126759449118367229
00.0000000292126759449118367229
00.0000000292126759449118367229
00.0000000292126759449118367229
00.0000000292126759449118367229
00.0000000292126759449118367229
00.0000000292126759449118367229
00.0000000292126759449118367229
00.0000000292126759449118367229
00.0000000292126759449118367229
00.0000000292126759449118367229
00.0000000292126759449118367229
00.0000000292126759449118367229
00.0000000292126759449118367229
00.0000000292126759449118367229
00.0000000292126759449118367229
00.0000000292126759449118367229
00.0000000292126759449118367229
00.0000000292126759449118367229
00.0000000292126759449118367229
00.0000000292126759449118367229
00.0000000292126759449118367229
00.0000000292126759449118367229
00.0000000292126759449118367229
00.0000000292126759449118367229
00.0000000292126759449118367229
00.0000000292126759449118367229
00.0000000292126759449118367229
00.0000000292126759449118367229
00.0000000292126759449118367229
00.0000000292126759449118367229
00.0000000292126759449118367229
00.0000000292126759449118367229
00.0000000292126759449118367229
00.0000000292126759449118367229
00.0000000292126759449118367229
00.0000000292126759449118367229
00.0000000292126759449118367229
00.0000000292126759449118367229
00.0000000292126759449118367229
00.0000000292126759449118367229
00.0000000292126759449118367229
00.0000000292126759449118367229
00.0000000292126759449118367229
00.0000000292126759449118367229
00.0000000292126759449118367229
00.0000000292126759449118367229
00.0000000292126759449118367229
00.0000000292126759449118367229
00.0000000292126759449118367229
00.0000000292126759449118367229
00.0000000292126759449118367229
00.0000000292126759449118367229
00.0000000292126759449118367229
00.0000000292126759449118367229
00.0000000292126759449118367229
00.0000000292126759449118367229
00.0000000292126759449118367229
00.0000000292126759449118367229
00.0000000292126759449118367229
00.0000000292126759449118367229
00.0000000292126759449118367229
00.0000000292126759449118367229
00.0000000292126759449118367229
00.0000000292126759449118367229
00.0000000292126759449118367229
00.0000000292126759449118367229
00.0000000292126759449118367229
00.0000000292126759449118367229
00.0000000292126759449118367229
00.0000000292126759449118367229
00.0000000292126759449118367229
00.0000000292126759449118367229
00.0000000292126759449118367229
00.0000000292126759449118367229
00.0000000292126759449118367229
00.0000000292126759449118367229
00.0000000292126759449118367229
00.0000000292126759449118367229
00.0000000292126759449118367229
00.0000000292126759449118367229
00.0000000292126759449118367229
00.0000000292126759449118367229
00.0000000292126759449118367229
00.0000000292126759449118367229
00.0000000292126759449118367229
00.0000000292126759449118367229
00.0000000292126759449118367229
00.0000000292126759449118367229
00.0000000292126759449118367229
00.0000000292126759449118367229
00.0000000292126759449118367229
00.0000000292126759449118367229
00.0000000292126759449118367229
00.0000000292126759449118367229
00.0000000292126759449118367229
00.0000000292126759449118367229
00.0000000292126759449118367229
00.0000000292126759449118367229
00.0000000292126759449118367229
00.0000000292126759449118367229
00.0000000292126759449118367229
00.0000000292126759449118367229
00.0000000292126759449118367229
00.0000000292126759449118367229
00.0000000292126759449118367229
00.0000000292126759449118367229
00.0000000292126759449118367229
00.0000000292126759449118367229
00.0000000292126759449118367229
00.0000000292126759449118367229
00.0000000292126759449118367229
00.0000000292126759449118367229
00.0000000292126759449118367229
00.0000000292126759449118367229
00.0000000292126759449118367229
00.0000000292126759449118367229
00.0000000292126759449118367229
00.0000000292126759449118367229
00.0000000292126759449118367229
00.0000000292126759449118367229
00.0000000292126759449118367229
00.0000000292126759449118367229
00.0000000292126759449118367229
00.0000000292126759449118367229
00.0000000292126759449118367229
00.0000000292126759449118367229
00.0000000292126759449118367229
00.0000000292126759449118367229
00.0000000292126759449118367229
00.0000000292126759449118367229
00.0000000292126759449118367229
00.0000000292126759449118367229
00.0000000292126759449118367229
00.0000000292126759449118367229
00.0000000292126759449118367229
00.0000000292126759449118367229
00.0000000292126759449118367229
00.0000000292126759449118367229
00.0000000292126759449118367229
00.0000000292126759449118367229
00.0000000292126759449118367229
00.0000000292126759449118367229
00.0000000292126759449118367229
00.0000000292126759449118367229
00.0000000292126759449118367229
00.0000000292126759449118367229
00.0000000292126759449118367229
00.0000000292126759449118367229
00.0000000292126759449118367229
00.0000000292126759449118367229
00.0000000292126759449118367229
00.0000000292126759449118367229
00.0000000292126759449118367229
00.0000000292126759449118367229
00.0000000292126759449118367229
00.0000000292126759449118367229
00.0000000292126759449118367229
00.0000000292126759449118367229
00.0000000292126759449118367229
00.0000000292126759449118367229
00.0000000292126759449118367229
00.0000000292126759449118367229
00.0000000292126759449118367229
00.0000000292126759449118367229
00.0000000292126759449118367229
00.0000000292126759449118367229
00.0000000292126759449118367229
00.0000000292126759449118367229
00.0000000292126759449118367229
00.0000000292126759449118367229
00.0000000292126759449118367229
00.0000000292126759449118367229
00.0000000292126759449118367229
00.0000000292126759449118367229
00.0000000292126759449118367229
00.0000000292126759449118367229
00.0000000292126759449118367229
00.0000000292126759449118367229
00.0000000292126759449118367229
00.0000000292126759449118367229
00.0000000292126759449118367229
00.0000000292126759449118367229
00.0000000292126759449118367229
00.0000000292126759449118367229
00.0000000292126759449118367229
00.0000000292126759449118367229
00.0000000292126759449118367229
00.0000000292126759449118367229
00.0000000292126759449118367229
00.0000000292126759449118367229
00.0000000292126759449118367229
00.0000000292126759449118367229
00.0000000292126759449118367229
00.0000000292126759449118367229
00.0000000292126759449118367229
00.0000000292126759449118367229
00.0000000292126759449118367229
00.0000000292126759449118367229
00.0000000292126759449118367229
00.0000000292126759449118367229
00.0000000292126759449118367229
00.0000000292126759449118367229
00.0000000292126759449118367229
00.0000000292126759449118367229
00.0000000292126759449118367229
00.0000000292126759449118367229
00.0000000292126759449118367229
00.0000000292126759449118367229
00.0000000292126759449118367229
00.0000000292126759449118367229
00.0000000292126759449118367229
00.0000000292126759449118367229
00.0000000292126759449118367229
00.0000000292126759449118367229
00.0000000292126759449118367229
00.0000000292126759449118367229
00.0000000292126759449118367229
00.0000000292126759449118367229
00.0000000292126759449118367229
00.0000000292126759449118367229
00.0000000292126759449118367229
00.0000000292126759449118367229
00.0000000292126759449118367229
00.0000000292126759449118367229
00.0000000292126759449118367229
00.0000000292126759449118367229
00.0000000292126759449118367229
00.0000000292126759449118367229
00.0000000292126759449118367229
00.0000000292126759449118367229
00.0000000292126759449118367229
00.0000000292126759449118367229
00.0000000292126759449118367229
00.0000000292126759449118367229
00.0000000292126759449118367229
00.0000000292126759449118367229
00.0000000292126759449118367229
00.0000000292126759449118367229
00.0000000292126759449118367229
00.0000000292126759449118367229
00.0000000292126759449118367229
00.0000000292126759449118367229
00.0000000292126759449118367229
00.0000000292126759449118367229
00.0000000292126759449118367229
00.0000000292126759449118367229
00.0000000292126759449118367229
00.0000000292126759449118367229
00.0000000292126759449118367229
00.0000000292126759449118367229
00.0000000292126759449118367229
00.0000000292126759449118367229
00.0000000292126759449118367229
00.0000000292126759449118367229
00.0000000292126759449118367229
00.0000000292126759449118367229
00.0000000292126759449118367229
00.0000000292126759449118367229
00.0000000292126759449118367229
00.0000000292126759449118367229
00.0000000292126759449118367229
00.0000000292126759449118367229
00.0000000292126759449118367229
00.0000000292126759449118367229
00.0000000292126759449118367229
00.0000000292126759449118367229
00.0000000292126759449118367229
00.0000000292126759449118367229
00.0000000292126759449118367229
00.0000000292126759449118367229
00.0000000292126759449118367229
00.0000000292126759449118367229
00.0000000292126759449118367229
00.0000000292126759449118367229
00.0000000292126759449118367229
00.0000000292126759449118367229
00.0000000292126759449118367229
00.0000000292126759449118367229
00.0000000292126759449118367229
00.0000000292126759449118367229
00.0000000292126759449118367229
00.0000000292126759449118367229
00.0000000292126759449118367229
00.0000000292126759449118367229
00.0000000292126759449118367229
00.0000000292126759449118367229
00.0000000292126759449118367229
00.0000000292126759449118367229
00.0000000292126759449118367229
00.0000000292126759449118367229
00.0000000292126759449118367229
00.0000000292126759449118367229
00.0000000292126759449118367229
00.0000000292126759449118367229
00.0000000292126759449118367229
00.0000000292126759449118367229
00.0000000292126759449118367229
00.0000000292126759449118367229
00.0000000292126759449118367229
00.0000000292126759449118367229
00.0000000292126759449118367229
00.0000000292126759449118367229
00.0000000292126759449118367229
00.0000000292126759449118367229
00.0000000292126759449118367229
00.0000000292126759449118367229
00.0000000292126759449118367229
00.0000000292126759449118367229
00.0000000292126759449118367229
00.0000000292126759449118367229
00.0000000292126759449118367229
00.0000000292126759449118367229
00.0000000292126759449118367229
00.0000000292126759449118367229
00.0000000292126759449118367229
00.0000000292126759449118367229
00.0000000292126759449118367229
00.0000000292126759449118367229
00.0000000292126759449118367229
00.0000000292126759449118367229
00.0000000292126759449118367229
00.0000000292126759449118367229
00.0000000292126759449118367229
00.0000000292126759449118367229
00.0000000292126759449118367229
00.0000000292126759449118367229
00.0000000292126759449118367229
00.0000000292126759449118367229
00.0000000292126759449118367229
00.0000000292126759449118367229
00.0000000292126759449118367229
00.0000000292126759449118367229
00.0000000292126759449118367229
00.0000000292126759449118367229
00.0000000292126759449118367229
00.0000000292126759449118367229
00.0000000292126759449118367229
00.0000000292126759449118367229
00.0000000292126759449118367229
00.0000000292126759449118367229
00.0000000292126759449118367229
00.0000000292126759449118367229
00.0000000292126759449118367229
00.0000000292126759449118367229
00.0000000292126759449118367229
00.0000000292126759449118367229
00.0000000292126759449118367229
00.0000000292126759449118367229
00.0000000292126759449118367229
00.0000000292126759449118367229
00.0000000292126759449118367229
00.0000000292126759449118367229
00.0000000292126759449118367229
00.0000000292126759449118367229
00.0000000292126759449118367229
00.0000000292126759449118367229
00.0000000292126759449118367229
00.0000000292126759449118367229
00.0000000292126759449118367229
00.0000000292126759449118367229
00.0000000292126759449118367229
00.0000000292126759449118367229
00.0000000292126759449118367229
00.0000000292126759449118367229
00.0000000292126759449118367229
00.0000000292126759449118367229
00.0000000292126759449118367229
00.0000000292126759449118367229
00.0000000292126759449118367229
00.0000000292126759449118367229
00.0000000292126759449118367229
00.0000000292126759449118367229
00.0000000292126759449118367229
00.0000000292126759449118367229
00.0000000292126759449118367229
00.0000000292126759449118367229
00.0000000292126759449118367229
00.0000000292126759449118367229
00.0000000292126759449118367229
00.0000000292126759449118367229
00.0000000292126759449118367229
00.0000000292126759449118367229
00.0000000292126759449118367229
00.0000000292126759449118367229
00.0000000292126759449118367229
00.0000000292126759449118367229
00.0000000292126759449118367229
00.0000000292126759449118367229
00.0000000292126759449118367229
00.0000000292126759449118367229
00.0000000292126759449118367229
00.0000000292126759449118367229
00.0000000292126759449118367229
00.0000000292126759449118367229
00.0000000292126759449118367229
00.0000000292126759449118367229
00.0000000292126759449118367229
00.0000000292126759449118367229
00.0000000292126759449118367229
00.0000000292126759449118367229
00.0000000292126759449118367229
00.0000000292126759449118367229
00.0000000292126759449118367229
00.0000000292126759449118367229
00.0000000292126759449118367229
00.0000000292126759449118367229
00.0000000292126759449118367229
00.0000000292126759449118367229
00.0000000292126759449118367229
00.0000000292126759449118367229
00.0000000292126759449118367229
00.0000000292126759449118367229
00.0000000292126759449118367229
00.0000000292126759449118367229
00.0000000292126759449118367229
00.0000000292126759449118367229
00.0000000292126759449118367229
00.0000000292126759449118367229
00.0000000292126759449118367229
00.0000000292126759449118367229
00.0000000292126759449118367229
00.0000000292126759449118367229
00.0000000292126759449118367229
00.0000000292126759449118367229
00.0000000292126759449118367229
00.0000000292126759449118367229
00.0000000292126759449118367229
00.0000000292126759449118367229
00.0000000292126759449118367229
00.0000000292126759449118367229
00.0000000292126759449118367229
00.0000000292126759449118367229
00.0000000292126759449118367229
00.0000000292126759449118367229
00.0000000292126759449118367229
00.0000000292126759449118367229
00.0000000292126759449118367229
00.0000000292126759449118367229
00.0000000292126759449118367229
00.0000000292126759449118367229
00.0000000292126759449118367229
00.0000000292126759449118367229
00.0000000292126759449118367229
00.0000000292126759449118367229
00.0000000292126759449118367229
00.0000000292126759449118367229
00.0000000292126759449118367229
00.0000000292126759449118367229
00.0000000292126759449118367229
00.0000000292126759449118367229
00.0000000292126759449118367229
00.0000000292126759449118367229
00.0000000292126759449118367229
00.0000000292126759449118367229
00.0000000292126759449118367229
00.0000000292126759449118367229
00.0000000292126759449118367229
00.0000000292126759449118367229
00.0000000292126759449118367229
00.0000000292126759449118367229
00.0000000292126759449118367229
00.0000000292126759449118367229
00.0000000292126759449118367229
00.0000000292126759449118367229
00.0000000292126759449118367229
00.0000000292126759449118367229
00.0000000292126759449118367229
00.0000000292126759449118367229
00.0000000292126759449118367229
00.0000000292126759449118367229
00.0000000292126759449118367229
00.0000000292126759449118367229
00.0000000292126759449118367229
00.0000000292126759449118367229
00.0000000292126759449118367229
00.0000000292126759449118367229
00.0000000292126759449118367229
00.0000000292126759449118367229
00.0000000292126759449118367229
00.0000000292126759449118367229
00.0000000292126759449118367229
00.0000000292126759449118367229
00.0000000292126759449118367229
00.0000000292126759449118367229
00.0000000292126759449118367229
00.0000000292126759449118367229
00.0000000292126759449118367229
00.0000000292126759449118367229
00.0000000292126759449118367229
00.0000000292126759449118367229
00.0000000292126759449118367229
00.0000000292126759449118367229
00.0000000292126759449118367229
00.0000000292126759449118367229
00.0000000292126759449118367229
00.0000000292126759449118367229
00.0000000292126759449118367229
00.0000000292126759449118367229
00.0000000292126759449118367229
00.0000000292126759449118367229
00.0000000292126759449118367229
00.0000000292126759449118367229
00.0000000292126759449118367229
00.0000000292126759449118367229
00.0000000292126759449118367229
00.0000000292126759449118367229
00.0000000292126759449118367229
00.0000000292126759449118367229
00.0000000292126759449118367229
00.0000000292126759449118367229
00.0000000292126759449118367229
00.0000000292126759449118367229
00.0000000292126759449118367229
00.0000000292126759449118367229
00.0000000292126759449118367229
00.0000000292126759449118367229
00.0000000292126759449118367229
00.0000000292126759449118367229
00.0000000292126759449118367229
00.0000000292126759449118367229
00.0000000292126759449118367229
00.0000000292126759449118367229
00.0000000292126759449118367229
00.0000000292126759449118367229
00.0000000292126759449118367229
00.0000000292126759449118367229
00.0000000292126759449118367229
00.0000000292126759449118367229
00.0000000292126759449118367229
00.0000000292126759449118367229
00.0000000292126759449118367229
00.0000000292126759449118367229
00.0000000292126759449118367229
00.0000000292126759449118367229
00.0000000292126759449118367229
00.0000000292126759449118367229
00.0000000292126759449118367229
00.0000000292126759449118367229
00.0000000292126759449118367229
00.0000000292126759449118367229
00.0000000292126759449118367229
00.0000000292126759449118367229
00.0000000292126759449118367229
00.0000000292126759449118367229
00.0000000292126759449118367229
00.0000000292126759449118367229
00.0000000292126759449118367229
00.0000000292126759449118367229
00.0000000292126759449118367229
00.0000000292126759449118367229
00.0000000292126759449118367229
00.0000000292126759449118367229
00.0000000292126759449118367229
00.0000000292126759449118367229
00.0000000292126759449118367229
00.0000000292126759449118367229
00.0000000292126759449118367229
00.0000000292126759449118367229
00.0000000292126759449118367229
00.0000000292126759449118367229
00.0000000292126759449118367229
00.0000000292126759449118367229
00.0000000292126759449118367229
00.0000000292126759449118367229
00.0000000292126759449118367229
00.0000000292126759449118367229
00.0000000292126759449118367229
00.0000000292126759449118367229
00.0000000292126759449118367229
00.0000000292126759449118367229
00.0000000292126759449118367229
00.0000000292126759449118367229
00.0000000292126759449118367229
00.0000000292126759449118367229
00.0000000292126759449118367229
00.0000000292126759449118367229
00.0000000292126759449118367229
00.0000000292126759449118367229
00.0000000292126759449118367229
00.0000000292126759449118367229
00.0000000292126759449118367229
00.0000000292126759449118367229
00.0000000292126759449118367229
00.0000000292126759449118367229
00.0000000292126759449118367229
00.0000000292126759449118367229
00.0000000292126759449118367229
00.0000000292126759449118367229
00.0000000292126759449118367229
00.0000000292126759449118367229
00.0000000292126759449118367229
00.0000000292126759449118367229
00.0000000292126759449118367229
00.0000000292126759449118367229
00.0000000292126759449118367229
00.0000000292126759449118367229
00.0000000292126759449118367229
00.0000000292126759449118367229
00.0000000292126759449118367229
00.0000000292126759449118367229
00.0000000292126759449118367229
00.0000000292126759449118367229
00.0000000292126759449118367229
00.0000000292126759449118367229
00.0000000292126759449118367229
00.0000000292126759449118367229
00.0000000292126759449118367229
00.0000000292126759449118367229
00.0000000292126759449118367229
00.0000000292126759449118367229
00.0000000292126759449118367229
00.0000000292126759449118367229
00.0000000292126759449118367229
00.0000000292126759449118367229
00.0000000292126759449118367229
00.0000000292126759449118367229
00.0000000292126759449118367229
00.0000000292126759449118367229
00.0000000292126759449118367229
00.0000000292126759449118367229
00.0000000292126759449118367229
00.0000000292126759449118367229
00.0000000292126759449118367229
00.0000000292126759449118367229
00.0000000292126759449118367229
00.0000000292126759449118367229
00.0000000292126759449118367229
00.0000000292126759449118367229
00.0000000292126759449118367229
00.0000000292126759449118367229
00.0000000292126759449118367229
00.0000000292126759449118367229
00.0000000292126759449118367229
00.0000000292126759449118367229
00.0000000292126759449118367229
00.0000000292126759449118367229
00.0000000292126759449118367229
00.0000000292126759449118367229
00.0000000292126759449118367229
00.0000000292126759449118367229
00.0000000292126759449118367229
00.0000000292126759449118367229
00.0000000292126759449118367229
00.0000000292126759449118367229
00.0000000292126759449118367229
00.0000000292126759449118367229
00.0000000292126759449118367229
00.0000000292126759449118367229
00.0000000292126759449118367229
00.0000000292126759449118367229
00.0000000292126759449118367229
00.0000000292126759449118367229
00.0000000292126759449118367229
00.0000000292126759449118367229
00.0000000292126759449118367229
00.0000000292126759449118367229
00.0000000292126759449118367229
00.0000000292126759449118367229
00.0000000292126759449118367229
00.0000000292126759449118367229
00.0000000292126759449118367229
00.0000000292126759449118367229
00.0000000292126759449118367229
00.0000000292126759449118367229
00.0000000292126759449118367229
00.0000000292126759449118367229
00.0000000292126759449118367229
00.0000000292126759449118367229
00.0000000292126759449118367229
00.0000000292126759449118367229
00.0000000292126759449118367229
00.0000000292126759449118367229
00.0000000292126759449118367229
00.0000000292126759449118367229
00.0000000292126759449118367229
00.0000000292126759449118367229
00.0000000292126759449118367229
00.0000000292126759449118367229
00.0000000292126759449118367229
00.0000000292126759449118367229
00.0000000292126759449118367229
00.0000000292126759449118367229
00.0000000292126759449118367229
00.0000000292126759449118367229
00.0000000292126759449118367229
00.0000000292126759449118367229
00.0000000292126759449118367229
00.0000000292126759449118367229
00.0000000292126759449118367229
00.0000000292126759449118367229
00.0000000292126759449118367229
00.0000000292126759449118367229
00.0000000292126759449118367229
00.0000000292126759449118367229
00.0000000292126759449118367229
00.0000000292126759449118367229
00.0000000292126759449118367229
00.0000000292126759449118367229
00.0000000292126759449118367229
00.0000000292126759449118367229
00.0000000292126759449118367229
00.0000000292126759449118367229
00.0000000292126759449118367229
00.0000000292126759449118367229
00.0000000292126759449118367229
00.0000000292126759449118367229
00.0000000292126759449118367229
00.0000000292126759449118367229
00.0000000292126759449118367229
00.0000000292126759449118367229
00.0000000292126759449118367229
00.0000000292126759449118367229
00.0000000292126759449118367229
00.0000000292126759449118367229
00.0000000292126759449118367229
00.0000000292126759449118367229
00.0000000292126759449118367229
00.0000000292126759449118367229
00.0000000292126759449118367229
00.0000000292126759449118367229
00.0000000292126759449118367229
00.0000000292126759449118367229
00.0000000292126759449118367229
00.0000000292126759449118367229
00.0000000292126759449118367229
00.0000000292126759449118367229
00.0000000292126759449118367229
00.0000000292126759449118367229
00.0000000292126759449118367229
00.0000000292126759449118367229
00.0000000292126759449118367229
00.0000000292126759449118367229
00.0000000292126759449118367229
00.0000000292126759449118367229
00.0000000292126759449118367229
00.0000000292126759449118367229
00.0000000292126759449118367229
00.0000000292126759449118367229
00.0000000292126759449118367229
00.0000000292126759449118367229
00.0000000292126759449118367229
00.0000000292126759449118367229
00.0000000292126759449118367229
00.0000000292126759449118367229
00.0000000292126759449118367229
00.0000000292126759449118367229
00.0000000292126759449118367229
00.0000000292126759449118367229
00.0000000292126759449118367229
00.0000000292126759449118367229
00.0000000292126759449118367229
00.0000000292126759449118367229
00.0000000292126759449118367229
00.0000000292126759449118367229
00.0000000292126759449118367229
00.0000000292126759449118367229
00.0000000292126759449118367229
00.0000000292126759449118367229
00.0000000292126759449118367229
00.0000000292126759449118367229
00.0000000292126759449118367229
00.0000000292126759449118367229
00.0000000292126759449118367229
00.0000000292126759449118367229
00.0000000292126759449118367229
00.0000000292126759449118367229
00.0000000292126759449118367229
00.0000000292126759449118367229
00.0000000292126759449118367229
00.0000000292126759449118367229
00.0000000292126759449118367229
00.0000000292126759449118367229
00.0000000292126759449118367229
00.0000000292126759449118367229
00.0000000292126759449118367229
00.0000000292126759449118367229
00.0000000292126759449118367229
00.0000000292126759449118367229
00.0000000292126759449118367229
00.0000000292126759449118367229
00.0000000292126759449118367229
00.0000000292126759449118367229
00.0000000292126759449118367229
00.0000000292126759449118367229
00.0000000292126759449118367229
00.0000000292126759449118367229
00.0000000292126759449118367229
00.0000000292126759449118367229
00.0000000292126759449118367229
00.0000000292126759449118367229
00.0000000292126759449118367229
00.0000000292126759449118367229
00.0000000292126759449118367229
00.0000000292126759449118367229
00.0000000292126759449118367229
00.0000000292126759449118367229
00.0000000292126759449118367229
00.0000000292126759449118367229
00.0000000292126759449118367229
00.0000000292126759449118367229
00.0000000292126759449118367229
00.0000000292126759449118367229
00.0000000292126759449118367229
00.0000000292126759449118367229
00.0000000292126759449118367229
00.0000000292126759449118367229
00.0000000292126759449118367229
00.0000000292126759449118367229
00.0000000292126759449118367229
00.0000000292126759449118367229
00.0000000292126759449118367229
00.0000000292126759449118367229
00.0000000292126759449118367229
00.0000000292126759449118367229
00.0000000292126759449118367229
00.0000000292126759449118367229
00.0000000292126759449118367229
00.0000000292126759449118367229
00.0000000292126759449118367229
00.0000000292126759449118367229
00.0000000292126759449118367229
00.0000000292126759449118367229
00.0000000292126759449118367229
00.0000000292126759449118367229
00.0000000292126759449118367229
00.0000000292126759449118367229
00.0000000292126759449118367229
00.0000000292126759449118367229
00.0000000292126759449118367229
00.0000000292126759449118367229
00.0000000292126759449118367229
00.0000000292126759449118367229
00.0000000292126759449118367229
00.0000000292126759449118367229
00.0000000292126759449118367229
00.0000000292126759449118367229
00.0000000292126759449118367229
00.0000000292126759449118367229
00.0000000292126759449118367229
00.0000000292126759449118367229
00.0000000292126759449118367229
00.0000000292126759449118367229
00.0000000292126759449118367229
00.0000000292126759449118367229
00.0000000292126759449118367229
00.0000000292126759449118367229
00.0000000292126759449118367229
00.0000000292126759449118367229
00.0000000292126759449118367229
00.0000000292126759449118367229
00.0000000292126759449118367229
00.0000000292126759449118367229
00.0000000292126759449118367229
00.0000000292126759449118367229
00.0000000292126759449118367229
00.0000000292126759449118367229
00.0000000292126759449118367229
00.0000000292126759449118367229
00.0000000292126759449118367229
00.0000000292126759449118367229
00.0000000292126759449118367229
00.0000000292126759449118367229
00.0000000292126759449118367229
00.0000000292126759449118367229
00.0000000292126759449118367229
00.0000000292126759449118367229
00.0000000292126759449118367229
00.0000000292126759449118367229
00.0000000292126759449118367229
00.0000000292126759449118367229
00.0000000292126759449118367229
00.0000000292126759449118367229
00.0000000292126759449118367229
00.0000000292126759449118367229
00.0000000292126759449118367229
00.0000000292126759449118367229
00.0000000292126759449118367229
00.0000000292126759449118367229
00.0000000292126759449118367229
00.0000000292126759449118367229
00.0000000292126759449118367229
00.0000000292126759449118367229
00.0000000292126759449118367229
00.0000000292126759449118367229
00.0000000292126759449118367229
00.0000000292126759449118367229
00.0000000292126759449118367229
00.0000000292126759449118367229
00.0000000292126759449118367229
00.0000000292126759449118367229
00.0000000292126759449118367229
00.0000000292126759449118367229
00.0000000292126759449118367229
00.0000000292126759449118367229
00.0000000292126759449118367229
00.0000000292126759449118367229
00.0000000292126759449118367229
00.0000000292126759449118367229
00.0000000292126759449118367229
00.0000000292126759449118367229
00.0000000292126759449118367229
00.0000000292126759449118367229
00.0000000292126759449118367229
00.0000000292126759449118367229
00.0000000292126759449118367229
00.0000000292126759449118367229
00.0000000292126759449118367229
00.0000000292126759449118367229
00.0000000292126759449118367229
00.0000000292126759449118367229
00.0000000292126759449118367229
00.0000000292126759449118367229
00.0000000292126759449118367229
00.0000000292126759449118367229
00.0000000292126759449118367229
00.0000000292126759449118367229
00.0000000292126759449118367229
00.0000000292126759449118367229
00.0000000292126759449118367229
00.0000000292126759449118367229
00.0000000292126759449118367229
00.0000000292126759449118367229
00.0000000292126759449118367229
00.0000000292126759449118367229
00.0000000292126759449118367229
00.0000000292126759449118367229
00.0000000292126759449118367229
00.0000000292126759449118367229
00.0000000292126759449118367229
00.0000000292126759449118367229
00.0000000292126759449118367229
00.0000000292126759449118367229
00.0000000292126759449118367229
00.0000000292126759449118367229
00.0000000292126759449118367229
00.0000000292126759449118367229
00.0000000292126759449118367229
00.0000000292126759449118367229
00.0000000292126759449118367229
00.0000000292126759449118367229
00.0000000292126759449118367229
00.0000000292126759449118367229
00.0000000292126759449118367229
00.0000000292126759449118367229
00.0000000292126759449118367229
00.0000000292126759449118367229
00.0000000292126759449118367229
00.0000000292126759449118367229
00.0000000292126759449118367229
00.0000000292126759449118367229
00.0000000292126759449118367229
00.0000000292126759449118367229
00.0000000292126759449118367229
00.0000000292126759449118367229
00.0000000292126759449118367229
00.0000000292126759449118367229
00.0000000292126759449118367229
00.0000000292126759449118367229
00.0000000292126759449118367229
00.0000000292126759449118367229
00.0000000292126759449118367229
00.0000000292126759449118367229
00.0000000292126759449118367229
00.0000000292126759449118367229
00.0000000292126759449118367229
00.0000000292126759449118367229
00.0000000292126759449118367229
00.0000000292126759449118367229
00.0000000292126759449118367229
00.0000000292126759449118367229
00.0000000292126759449118367229
00.0000000292126759449118367229
00.0000000292126759449118367229
00.0000000292126759449118367229
00.0000000292126759449118367229
00.0000000292126759449118367229
00.0000000292126759449118367229
00.0000000292126759449118367229
00.0000000292126759449118367229
00.0000000292126759449118367229
00.0000000292126759449118367229
00.0000000292126759449118367229
00.0000000292126759449118367229
00.0000000292126759449118367229
00.0000000292126759449118367229
00.0000000292126759449118367229
00.0000000292126759449118367229
00.0000000292126759449118367229
00.0000000292126759449118367229
00.0000000292126759449118367229
00.0000000292126759449118367229
00.0000000292126759449118367229
00.0000000292126759449118367229
00.0000000292126759449118367229
00.0000000292126759449118367229
00.0000000292126759449118367229
00.0000000292126759449118367229
00.0000000292126759449118367229
00.0000000292126759449118367229
00.0000000292126759449118367229
00.0000000292126759449118367229
00.0000000292126759449118367229
00.0000000292126759449118367229
00.0000000292126759449118367229
00.0000000292126759449118367229
00.0000000292126759449118367229
00.0000000292126759449118367229
00.0000000292126759449118367229
00.0000000292126759449118367229
00.0000000292126759449118367229
00.0000000292126759449118367229
00.0000000292126759449118367229
00.0000000292126759449118367229
00.0000000292126759449118367229
00.0000000292126759449118367229
00.0000000292126759449118367229
00.0000000292126759449118367229
00.0000000292126759449118367229
00.0000000292126759449118367229
00.0000000292126759449118367229
00.0000000292126759449118367229
00.0000000292126759449118367229
00.0000000292126759449118367229
00.0000000292126759449118367229
00.0000000292126759449118367229
00.0000000292126759449118367229
00.0000000292126759449118367229
00.0000000292126759449118367229
00.0000000292126759449118367229
00.0000000292126759449118367229
00.0000000292126759449118367229
00.0000000292126759449118367229
00.0000000292126759449118367229
00.0000000292126759449118367229
00.0000000292126759449118367229
00.0000000292126759449118367229
00.0000000292126759449118367229
00.0000000292126759449118367229
00.0000000292126759449118367229
00.0000000292126759449118367229
00.0000000292126759449118367229
00.0000000292126759449118367229
00.0000000292126759449118367229
00.0000000292126759449118367229
00.0000000292126759449118367229
00.0000000292126759449118367229
00.0000000292126759449118367229
00.0000000292126759449118367229
00.0000000292126759449118367229
00.0000000292126759449118367229
00.0000000292126759449118367229
00.0000000292126759449118367229
00.0000000292126759449118367229
00.0000000292126759449118367229
00.0000000292126759449118367229
00.0000000292126759449118367229
00.0000000292126759449118367229
00.0000000292126759449118367229
00.0000000292126759449118367229
00.0000000292126759449118367229
00.0000000292126759449118367229
00.0000000292126759449118367229
00.0000000292126759449118367229
00.0000000292126759449118367229
00.0000000292126759449118367229
00.0000000292126759449118367229
00.0000000292126759449118367229
00.0000000292126759449118367229
00.0000000292126759449118367229
00.0000000292126759449118367229
00.0000000292126759449118367229
00.0000000292126759449118367229
00.0000000292126759449118367229
00.0000000292126759449118367229
00.0000000292126759449118367229
00.0000000292126759449118367229
00.0000000292126759449118367229
00.0000000292126759449118367229
00.0000000292126759449118367229
00.0000000292126759449118367229
00.0000000292126759449118367229
00.0000000292126759449118367229
00.0000000292126759449118367229
00.0000000292126759449118367229
00.0000000292126759449118367229
00.0000000292126759449118367229
00.0000000292126759449118367229
00.0000000292126759449118367229
00.0000000292126759449118367229
00.0000000292126759449118367229
00.0000000292126759449118367229
00.0000000292126759449118367229
00.0000000292126759449118367229
00.0000000292126759449118367229
00.0000000292126759449118367229
00.0000000292126759449118367229
00.0000000292126759449118367229
00.0000000292126759449118367229
00.0000000292126759449118367229
00.0000000292126759449118367229
00.0000000292126759449118367229
00.0000000292126759449118367229
00.0000000292126759449118367229
00.0000000292126759449118367229
00.0000000292126759449118367229
00.0000000292126759449118367229
00.0000000292126759449118367229
00.0000000292126759449118367229
00.0000000292126759449118367229
00.0000000292126759449118367229
00.0000000292126759449118367229
00.0000000292126759449118367229
00.0000000292126759449118367229
00.0000000292126759449118367229
00.0000000292126759449118367229
00.0000000292126759449118367229
00.0000000292126759449118367229
00.0000000292126759449118367229
00.0000000292126759449118367229
00.0000000292126759449118367229
00.0000000292126759449118367229
00.0000000292126759449118367229
00.0000000292126759449118367229
00.0000000292126759449118367229
00.0000000292126759449118367229
00.0000000292126759449118367229
00.0000000292126759449118367229
00.0000000292126759449118367229
00.0000000292126759449118367229
00.0000000292126759449118367229
00.0000000292126759449118367229
00.0000000292126759449118367229
00.0000000292126759449118367229
00.0000000292126759449118367229
00.0000000292126759449118367229
00.0000000292126759449118367229
00.0000000292126759449118367229
00.0000000292126759449118367229
00.0000000292126759449118367229
00.0000000292126759449118367229
00.0000000292126759449118367229
00.0000000292126759449118367229
00.0000000292126759449118367229
00.0000000292126759449118367229
00.0000000292126759449118367229
00.0000000292126759449118367229
00.0000000292126759449118367229
00.0000000292126759449118367229
00.0000000292126759449118367229
00.0000000292126759449118367229
00.0000000292126759449118367229
00.0000000292126759449118367229
00.0000000292126759449118367229
00.0000000292126759449118367229
00.0000000292126759449118367229
00.0000000292126759449118367229
00.0000000292126759449118367229
00.0000000292126759449118367229
00.0000000292126759449118367229
00.0000000292126759449118367229
00.0000000292126759449118367229
00.0000000292126759449118367229
00.0000000292126759449118367229
00.0000000292126759449118367229
00.0000000292126759449118367229
00.0000000292126759449118367229
00.0000000292126759449118367229
00.0000000292126759449118367229
00.0000000292126759449118367229
00.0000000292126759449118367229
00.0000000292126759449118367229
00.0000000292126759449118367229
00.0000000292126759449118367229
00.0000000292126759449118367229
00.0000000292126759449118367229
00.0000000292126759449118367229
00.0000000292126759449118367229
00.0000000292126759449118367229
00.0000000292126759449118367229
00.0000000292126759449118367229
00.0000000292126759449118367229
00.0000000292126759449118367229
00.0000000292126759449118367229
00.0000000292126759449118367229
00.0000000292126759449118367229
00.0000000292126759449118367229
00.0000000292126759449118367229
00.0000000292126759449118367229
00.0000000292126759449118367229
00.0000000292126759449118367229
00.0000000292126759449118367229
00.0000000292126759449118367229
00.0000000292126759449118367229
00.0000000292126759449118367229
00.0000000292126759449118367229
00.0000000292126759449118367229
00.0000000292126759449118367229
00.0000000292126759449118367229
00.0000000292126759449118367229
00.0000000292126759449118367229
00.0000000292126759449118367229
00.0000000292126759449118367229
00.0000000292126759449118367229
00.0000000292126759449118367229
00.0000000292126759449118367229
00.0000000292126759449118367229
00.0000000292126759449118367229
00.0000000292126759449118367229
00.0000000292126759449118367229
00.0000000292126759449118367229
00.0000000292126759449118367229
00.0000000292126759449118367229
00.0000000292126759449118367229
00.0000000292126759449118367229
00.0000000292126759449118367229
00.0000000292126759449118367229
00.0000000292126759449118367229
00.0000000292126759449118367229
00.0000000292126759449118367229
00.0000000292126759449118367229
00.0000000292126759449118367229
00.0000000292126759449118367229
00.0000000292126759449118367229
00.0000000292126759449118367229
00.0000000292126759449118367229
00.0000000292126759449118367229
00.0000000292126759449118367229
00.0000000292126759449118367229
00.0000000292126759449118367229
00.0000000292126759449118367229
00.0000000292126759449118367229
00.0000000292126759449118367229
00.0000000292126759449118367229
00.0000000292126759449118367229
00.0000000292126759449118367229
00.0000000292126759449118367229
00.0000000292126759449118367229
00.0000000292126759449118367229
00.0000000292126759449118367229
00.0000000292126759449118367229
00.0000000292126759449118367229
00.0000000292126759449118367229
00.0000000292126759449118367229
00.0000000292126759449118367229
00.0000000292126759449118367229
00.0000000292126759449118367229
00.0000000292126759449118367229
00.0000000292126759449118367229
00.0000000292126759449118367229
00.0000000292126759449118367229
00.0000000292126759449118367229
00.0000000292126759449118367229
00.0000000292126759449118367229
00.0000000292126759449118367229
00.0000000292126759449118367229
00.0000000292126759449118367229
00.0000000292126759449118367229
00.0000000292126759449118367229
00.0000000292126759449118367229
00.0000000292126759449118367229
00.0000000292126759449118367229
00.0000000292126759449118367229
00.0000000292126759449118367229
00.0000000292126759449118367229
00.0000000292126759449118367229
00.0000000292126759449118367229
00.0000000292126759449118367229
00.0000000292126759449118367229
00.0000000292126759449118367229
00.0000000292126759449118367229
00.0000000292126759449118367229
00.0000000292126759449118367229
00.0000000292126759449118367229
00.0000000292126759449118367229
00.0000000292126759449118367229
00.0000000292126759449118367229
00.0000000292126759449118367229
00.0000000292126759449118367229
00.0000000292126759449118367229
00.0000000292126759449118367229
00.0000000292126759449118367229
00.0000000292126759449118367229
00.0000000292126759449118367229
00.0000000292126759449118367229
00.0000000292126759449118367229
00.0000000292126759449118367229
00.0000000292126759449118367229
00.0000000292126759449118367229
00.0000000292126759449118367229
00.0000000292126759449118367229
00.0000000292126759449118367229
00.0000000292126759449118367229
00.0000000292126759449118367229
00.0000000292126759449118367229
00.0000000292126759449118367229
00.0000000292126759449118367229
00.0000000292126759449118367229
00.0000000292126759449118367229
00.0000000292126759449118367229
00.0000000292126759449118367229
00.0000000292126759449118367229
00.0000000292126759449118367229
00.0000000292126759449118367229
00.0000000292126759449118367229
00.0000000292126759449118367229
00.0000000292126759449118367229
00.0000000292126759449118367229
00.0000000292126759449118367229
00.0000000292126759449118367229
00.0000000292126759449118367229
00.0000000292126759449118367229
00.0000000292126759449118367229
00.0000000292126759449118367229
00.0000000292126759449118367229
00.0000000292126759449118367229
00.0000000292126759449118367229
00.0000000292126759449118367229
00.0000000292126759449118367229
00.0000000292126759449118367229
00.0000000292126759449118367229
00.0000000292126759449118367229
00.0000000292126759449118367229
00.0000000292126759449118367229
00.0000000292126759449118367229
00.0000000292126759449118367229
00.0000000292126759449118367229
00.0000000292126759449118367229
00.0000000292126759449118367229
00.0000000292126759449118367229
00.0000000276503376861469973846
00.0000000276503376861469973846
00.0000000276503376861469973846
00.0000000276503376861469973846
00.0000000276503376861469973846
00.0000000276503376861469973846
00.0000000276503376861469973846
00.0000000276503376861469973846
00.0000000276503376861469973846
00.0000000276503376861469973846
00.0000000276503376861469973846
00.0000000276503376861469973846
00.0000000276503376861469973846
00.0000000276503376861469973846
00.0000000276503376861469973846
00.0000000276503376861469973846
00.0000000276503376861469973846
00.0000000276503376861469973846
00.0000000276503376861469973846
00.0000000276503376861469973846
00.0000000276503376861469973846
00.0000000276503376861469973846
00.0000000276503376861469973846
00.0000000276503376861469973846
00.0000000276503376861469973846
00.0000000276503376861469973846
00.0000000276503376861469973846
00.0000000276503376861469973846
00.0000000276503376861469973846
00.0000000276503376861469973846
00.0000000276503376861469973846
00.0000000276503376861469973846
00.0000000276503376861469973846
00.0000000276503376861469973846
00.0000000276503376861469973846
00.0000000276503376861469973846
00.0000000276503376861469973846
00.0000000276503376861469973846
00.0000000276503376861469973846
00.0000000276503376861469973846
00.0000000276503376861469973846
00.0000000276503376861469973846
00.0000000276503376861469973846
00.0000000276503376861469973846
00.0000000276503376861469973846
00.0000000276503376861469973846
00.0000000276503376861469973846
00.0000000276503376861469973846
00.0000000276503376861469973846
00.0000000276503376861469973846
00.0000000276503376861469973846
00.0000000276503376861469973846
00.0000000276503376861469973846
00.0000000276503376861469973846
00.0000000276503376861469973846
00.0000000276503376861469973846
00.0000000276503376861469973846
00.0000000276503376861469973846
00.0000000276503376861469973846
00.0000000276503376861469973846
00.0000000276503376861469973846
00.0000000276503376861469973846
00.0000000276503376861469973846
00.0000000276503376861469973846
00.0000000276503376861469973846
00.0000000276503376861469973846
00.0000000276503376861469973846
00.0000000276503376861469973846
00.0000000276503376861469973846
00.0000000276503376861469973846
00.0000000276503376861469973846
00.0000000276503376861469973846
00.0000000276503376861469973846
00.0000000276503376861469973846
00.0000000276503376861469973846
00.0000000276503376861469973846
00.0000000276503376861469973846
00.0000000276503376861469973846
00.0000000276503376861469973846
00.0000000276503376861469973846
00.0000000276503376861469973846
00.0000000276503376861469973846
00.0000000276503376861469973846
00.0000000276503376861469973846
00.0000000276503376861469973846
00.0000000276503376861469973846
00.0000000276503376861469973846
00.0000000276503376861469973846
00.0000000276503376861469973846
00.0000000276503376861469973846
00.0000000276503376861469973846
00.0000000276503376861469973846
00.0000000276503376861469973846
00.0000000276503376861469973846
00.0000000276503376861469973846
00.0000000276503376861469973846
00.0000000276503376861469973846
00.0000000276503376861469973846
00.0000000276503376861469973846
00.0000000276503376861469973846
00.0000000276503376861469973846
00.0000000276503376861469973846
00.0000000276503376861469973846
00.0000000276503376861469973846
00.0000000276503376861469973846
00.0000000276503376861469973846
00.0000000276503376861469973846
00.0000000276503376861469973846
00.0000000276503376861469973846
00.0000000276503376861469973846
00.0000000276503376861469973846
00.0000000276503376861469973846
00.0000000276503376861469973846
00.0000000276503376861469973846
00.0000000276503376861469973846
00.0000000276503376861469973846
00.0000000276503376861469973846
00.0000000276503376861469973846
00.0000000276503376861469973846
00.0000000276503376861469973846
00.0000000276503376861469973846
00.0000000276503376861469973846
00.0000000276503376861469973846
00.0000000276503376861469973846
00.0000000276503376861469973846
00.0000000276503376861469973846
00.0000000276503376861469973846
00.0000000276503376861469973846
00.0000000276503376861469973846
00.0000000276503376861469973846
00.0000000276503376861469973846
00.0000000276503376861469973846
00.0000000276503376861469973846
00.0000000276503376861469973846
00.0000000276503376861469973846
00.0000000276503376861469973846
00.0000000276503376861469973846
00.0000000276503376861469973846
00.0000000276503376861469973846
00.0000000276503376861469973846
00.0000000276503376861469973846
00.0000000276503376861469973846
00.0000000276503376861469973846
00.0000000276503376861469973846
00.0000000276503376861469973846
00.0000000276503376861469973846
00.0000000276503376861469973846
00.0000000276503376861469973846
00.0000000276503376861469973846
00.0000000276503376861469973846
00.0000000276503376861469973846
00.0000000276503376861469973846
00.0000000276503376861469973846
00.0000000276503376861469973846
00.0000000276503376861469973846
00.0000000276503376861469973846
00.0000000276503376861469973846
00.0000000276503376861469973846
00.0000000276503376861469973846
00.0000000276503376861469973846
00.0000000276503376861469973846
00.0000000276503376861469973846
00.0000000276503376861469973846
00.0000000276503376861469973846
00.0000000276503376861469973846
00.0000000276503376861469973846
00.0000000276503376861469973846
00.0000000276503376861469973846
00.0000000276503376861469973846
00.0000000276503376861469973846
00.0000000276503376861469973846
00.0000000276503376861469973846
00.0000000276503376861469973846
00.0000000276503376861469973846
00.0000000276503376861469973846
00.0000000276503376861469973846
00.0000000276503376861469973846
00.0000000276503376861469973846
00.0000000276503376861469973846
00.0000000276503376861469973846
00.0000000276503376861469973846
00.0000000276503376861469973846
00.0000000276503376861469973846
00.0000000276503376861469973846
00.0000000276503376861469973846
00.0000000276503376861469973846
00.0000000276503376861469973846
00.0000000276503376861469973846
00.0000000276503376861469973846
00.0000000276503376861469973846
00.0000000276503376861469973846
00.0000000276503376861469973846
00.0000000276503376861469973846
00.0000000276503376861469973846
00.0000000276503376861469973846
00.0000000276503376861469973846
00.0000000276503376861469973846
00.0000000276503376861469973846
00.0000000276503376861469973846
00.0000000276503376861469973846
00.0000000276503376861469973846
00.0000000276503376861469973846
00.0000000276503376861469973846
00.0000000276503376861469973846
00.0000000276503376861469973846
00.0000000276503376861469973846
00.0000000276503376861469973846
00.0000000276503376861469973846
00.0000000276503376861469973846
00.0000000276503376861469973846
00.0000000276503376861469973846
00.0000000276503376861469973846
00.0000000276503376861469973846
00.0000000276503376861469973846
00.0000000276503376861469973846
00.0000000276503376861469973846
00.0000000276503376861469973846
00.0000000276503376861469973846
00.0000000276503376861469973846
00.0000000276503376861469973846
00.0000000276503376861469973846
00.0000000276503376861469973846
00.0000000276503376861469973846
00.0000000276503376861469973846
00.0000000276503376861469973846
00.0000000276503376861469973846
00.0000000276503376861469973846
00.0000000276503376861469973846
00.0000000276503376861469973846
00.0000000276503376861469973846
00.0000000276503376861469973846
00.0000000276503376861469973846
00.0000000276503376861469973846
00.0000000276503376861469973846
00.0000000276503376861469973846
00.0000000276503376861469973846
00.0000000276503376861469973846
00.0000000276503376861469973846
00.0000000276503376861469973846
00.0000000276503376861469973846
00.0000000276503376861469973846
00.0000000276503376861469973846
00.0000000276503376861469973846
00.0000000276503376861469973846
00.0000000276503376861469973846
00.0000000276503376861469973846
00.0000000276503376861469973846
00.0000000276503376861469973846
00.0000000276503376861469973846
00.0000000276503376861469973846
00.0000000276503376861469973846
00.0000000276503376861469973846
00.0000000276503376861469973846
00.0000000276503376861469973846
00.0000000276503376861469973846
00.0000000276503376861469973846
00.0000000276503376861469973846
00.0000000276503376861469973846
00.0000000276503376861469973846
00.0000000276503376861469973846
00.0000000276503376861469973846
00.0000000276503376861469973846
00.0000000276503376861469973846
00.0000000276503376861469973846
00.0000000276503376861469973846
00.0000000276503376861469973846
00.0000000276503376861469973846
00.0000000276503376861469973846
00.0000000276503376861469973846
00.0000000276503376861469973846
00.0000000276503376861469973846
00.0000000276503376861469973846
00.0000000276503376861469973846
00.0000000276503376861469973846
00.0000000276503376861469973846
00.0000000276503376861469973846
00.0000000276503376861469973846
00.0000000276503376861469973846
00.0000000276503376861469973846
00.0000000276503376861469973846
00.0000000276503376861469973846
00.0000000276503376861469973846
00.0000000276503376861469973846
00.0000000276503376861469973846
00.0000000276503376861469973846
00.0000000276503376861469973846
00.0000000276503376861469973846
00.0000000276503376861469973846
00.0000000276503376861469973846
00.0000000276503376861469973846
00.0000000276503376861469973846
00.0000000276503376861469973846
00.0000000276503376861469973846
00.0000000276503376861469973846
00.0000000276503376861469973846
00.0000000276503376861469973846
00.0000000276503376861469973846
00.0000000276503376861469973846
00.0000000276503376861469973846
00.0000000276503376861469973846
00.0000000276503376861469973846
00.0000000276503376861469973846
00.0000000276503376861469973846
00.0000000276503376861469973846
00.0000000276503376861469973846
00.0000000276503376861469973846
00.0000000276503376861469973846
00.0000000276503376861469973846
00.0000000276503376861469973846
00.0000000276503376861469973846
00.0000000276503376861469973846
00.0000000276503376861469973846
00.0000000276503376861469973846
00.0000000276503376861469973846
00.0000000276503376861469973846
00.0000000276503376861469973846
00.0000000276503376861469973846
00.0000000276503376861469973846
00.0000000276503376861469973846
00.0000000276503376861469973846
00.0000000276503376861469973846
00.0000000276503376861469973846
00.0000000276503376861469973846
00.0000000276503376861469973846
00.0000000276503376861469973846
00.0000000276503376861469973846
00.0000000276503376861469973846
00.0000000276503376861469973846
00.0000000276503376861469973846
00.0000000276503376861469973846
00.0000000276503376861469973846
00.0000000276503376861469973846
00.0000000276503376861469973846
00.0000000276503376861469973846
00.0000000276503376861469973846
00.0000000276503376861469973846
00.0000000276503376861469973846
00.0000000276503376861469973846
00.0000000276503376861469973846
00.0000000276503376861469973846
00.0000000276503376861469973846
00.0000000276503376861469973846
00.0000000276503376861469973846
00.0000000276503376861469973846
00.0000000276503376861469973846
00.0000000276503376861469973846
00.0000000276503376861469973846
00.0000000276503376861469973846
00.0000000276503376861469973846
00.0000000276503376861469973846
00.0000000276503376861469973846
00.0000000276503376861469973846
00.0000000276503376861469973846
00.0000000276503376861469973846
00.0000000276503376861469973846
00.0000000276503376861469973846
00.0000000276503376861469973846
00.0000000276503376861469973846
00.0000000276503376861469973846
00.0000000276503376861469973846
00.0000000276503376861469973846
00.0000000276503376861469973846
00.0000000276503376861469973846
00.0000000276503376861469973846
00.0000000276503376861469973846
00.0000000276503376861469973846
00.0000000276503376861469973846
00.0000000276503376861469973846
00.0000000276503376861469973846
00.0000000276503376861469973846
00.0000000276503376861469973846
00.0000000276503376861469973846
00.0000000276503376861469973846
00.0000000276503376861469973846
00.0000000276503376861469973846
00.0000000276503376861469973846
00.0000000276503376861469973846
00.0000000276503376861469973846
00.0000000276503376861469973846
00.0000000276503376861469973846
00.0000000276503376861469973846
00.0000000276503376861469973846
00.0000000276503376861469973846
00.0000000276503376861469973846
00.0000000276503376861469973846
00.0000000276503376861469973846
00.0000000276503376861469973846
00.0000000276503376861469973846
00.0000000276503376861469973846
00.0000000276503376861469973846
00.0000000276503376861469973846
00.0000000276503376861469973846
00.0000000276503376861469973846
00.0000000276503376861469973846
00.0000000276503376861469973846
00.0000000276503376861469973846
00.0000000276503376861469973846
00.0000000276503376861469973846
00.0000000276503376861469973846
00.0000000276503376861469973846
00.0000000276503376861469973846
00.0000000276503376861469973846
00.0000000276503376861469973846
00.0000000276503376861469973846
00.0000000276503376861469973846
00.0000000276503376861469973846
00.0000000276503376861469973846
00.0000000276503376861469973846
00.0000000276503376861469973846
00.0000000276503376861469973846
00.0000000276503376861469973846
00.0000000276503376861469973846
00.0000000276503376861469973846
00.0000000276503376861469973846
00.0000000276503376861469973846
00.0000000276503376861469973846
00.0000000276503376861469973846
00.0000000276503376861469973846
00.0000000276503376861469973846
00.0000000276503376861469973846
00.0000000276503376861469973846
00.0000000276503376861469973846
00.0000000276503376861469973846
00.0000000276503376861469973846
00.0000000276503376861469973846
00.0000000276503376861469973846
00.0000000276503376861469973846
00.0000000276503376861469973846
00.0000000276503376861469973846
00.0000000276503376861469973846
00.0000000276503376861469973846
00.0000000276503376861469973846
00.0000000276503376861469973846
00.0000000276503376861469973846
00.0000000276503376861469973846
00.0000000276503376861469973846
00.0000000276503376861469973846
00.0000000276503376861469973846
00.0000000276503376861469973846
00.0000000276503376861469973846
00.0000000276503376861469973846
00.0000000276503376861469973846
00.0000000276503376861469973846
00.0000000276503376861469973846
00.0000000276503376861469973846
00.0000000276503376861469973846
00.0000000276503376861469973846
00.0000000276503376861469973846
00.0000000276503376861469973846
00.0000000276503376861469973846
00.0000000276503376861469973846
00.0000000276503376861469973846
00.0000000276503376861469973846
00.0000000276503376861469973846
00.0000000276503376861469973846
00.0000000276503376861469973846
00.0000000276503376861469973846
00.0000000276503376861469973846
00.0000000276503376861469973846
00.0000000276503376861469973846
00.0000000276503376861469973846
00.0000000276503376861469973846
00.0000000276503376861469973846
00.0000000276503376861469973846
00.0000000276503376861469973846
00.0000000276503376861469973846
00.0000000276503376861469973846
00.0000000276503376861469973846
00.0000000276503376861469973846
00.0000000276503376861469973846
00.0000000276503376861469973846
00.0000000276503376861469973846
00.0000000276503376861469973846
00.0000000276503376861469973846
00.0000000276503376861469973846
00.0000000276503376861469973846
00.0000000276503376861469973846
00.0000000276503376861469973846
00.0000000276503376861469973846
00.0000000276503376861469973846
00.0000000276503376861469973846
00.0000000276503376861469973846
00.0000000276503376861469973846
00.0000000276503376861469973846
00.0000000276503376861469973846
00.0000000276503376861469973846
00.0000000276503376861469973846
00.0000000276503376861469973846
00.0000000276503376861469973846
00.0000000276503376861469973846
00.0000000276503376861469973846
00.0000000276503376861469973846
00.0000000276503376861469973846
00.0000000276503376861469973846
00.0000000276503376861469973846
00.0000000276503376861469973846
00.0000000276503376861469973846
00.0000000276503376861469973846
00.0000000276503376861469973846
00.0000000276503376861469973846
00.0000000276503376861469973846
00.0000000276503376861469973846
00.0000000276503376861469973846
00.0000000276503376861469973846
00.0000000276503376861469973846
00.0000000276503376861469973846
00.0000000276503376861469973846
00.0000000276503376861469973846
00.0000000276503376861469973846
00.0000000276503376861469973846
00.0000000276503376861469973846
00.0000000276503376861469973846
00.0000000276503376861469973846
00.0000000276503376861469973846
00.0000000276503376861469973846
00.0000000276503376861469973846
00.0000000276503376861469973846
00.0000000276503376861469973846
00.0000000276503376861469973846
00.0000000276503376861469973846
00.0000000276503376861469973846
00.0000000276503376861469973846
00.0000000276503376861469973846
00.0000000276503376861469973846
00.0000000276503376861469973846
00.0000000276503376861469973846
00.0000000276503376861469973846
00.0000000276503376861469973846
00.0000000276503376861469973846
00.0000000276503376861469973846
00.0000000276503376861469973846
00.0000000276503376861469973846
00.0000000276503376861469973846
00.0000000276503376861469973846
00.0000000276503376861469973846
00.0000000276503376861469973846
00.0000000276503376861469973846
00.0000000276503376861469973846
00.0000000276503376861469973846
00.0000000276503376861469973846
00.0000000276503376861469973846
00.0000000276503376861469973846
00.0000000276503376861469973846
00.0000000276503376861469973846
00.0000000276503376861469973846
00.0000000276503376861469973846
00.0000000276503376861469973846
00.0000000276503376861469973846
00.0000000276503376861469973846
00.0000000276503376861469973846
00.0000000276503376861469973846
00.0000000276503376861469973846
00.0000000276503376861469973846
00.0000000276503376861469973846
00.0000000276503376861469973846
00.0000000276503376861469973846
00.0000000276503376861469973846
00.0000000276503376861469973846
00.0000000276503376861469973846
00.0000000276503376861469973846
00.0000000276503376861469973846
00.0000000276503376861469973846
00.0000000276503376861469973846
00.0000000276503376861469973846
00.0000000276503376861469973846
00.0000000276503376861469973846
00.0000000276503376861469973846
00.0000000276503376861469973846
00.0000000276503376861469973846
00.0000000276503376861469973846
00.0000000276503376861469973846
00.0000000276503376861469973846
00.0000000276503376861469973846
00.0000000276503376861469973846
00.0000000276503376861469973846
00.0000000276503376861469973846
00.0000000276503376861469973846
00.0000000276503376861469973846
00.0000000276503376861469973846
00.0000000276503376861469973846
00.0000000276503376861469973846
00.0000000276503376861469973846
00.0000000276503376861469973846
00.0000000276503376861469973846
00.0000000276503376861469973846
00.0000000276503376861469973846
00.0000000276503376861469973846
00.0000000276503376861469973846
00.0000000276503376861469973846
00.0000000276503376861469973846
00.0000000276503376861469973846
00.0000000276503376861469973846
00.0000000276503376861469973846
00.0000000276503376861469973846
00.0000000276503376861469973846
00.0000000276503376861469973846
00.0000000276503376861469973846
00.0000000276503376861469973846
00.0000000276503376861469973846
00.0000000276503376861469973846
00.0000000276503376861469973846
00.0000000276503376861469973846
00.0000000276503376861469973846
00.0000000276503376861469973846
00.0000000276503376861469973846
00.0000000276503376861469973846
00.0000000276503376861469973846
00.0000000276503376861469973846
00.0000000276503376861469973846
00.0000000276503376861469973846
00.0000000276503376861469973846
00.0000000276503376861469973846
00.0000000276503376861469973846
00.0000000276503376861469973846
00.0000000276503376861469973846
00.0000000276503376861469973846
00.0000000276503376861469973846
00.0000000276503376861469973846
00.0000000276503376861469973846
00.0000000276503376861469973846
00.0000000276503376861469973846
00.0000000276503376861469973846
00.0000000276503376861469973846
00.0000000276503376861469973846
00.0000000276503376861469973846
00.0000000276503376861469973846
00.0000000276503376861469973846
00.0000000276503376861469973846
00.0000000276503376861469973846
00.0000000276503376861469973846
00.0000000276503376861469973846
00.0000000276503376861469973846
00.0000000276503376861469973846
00.0000000276503376861469973846
00.0000000276503376861469973846
00.0000000276503376861469973846
00.0000000276503376861469973846
00.0000000276503376861469973846
00.0000000276503376861469973846
00.0000000276503376861469973846
00.0000000276503376861469973846
00.0000000276503376861469973846
00.0000000276503376861469973846
00.0000000276503376861469973846
00.0000000276503376861469973846
00.0000000276503376861469973846
00.0000000276503376861469973846
00.0000000276503376861469973846
00.0000000276503376861469973846
00.0000000276503376861469973846
00.0000000276503376861469973846
00.0000000276503376861469973846
00.0000000276503376861469973846
00.0000000276503376861469973846
00.0000000276503376861469973846
00.0000000276503376861469973846
00.0000000276503376861469973846
00.0000000276503376861469973846
00.0000000276503376861469973846
00.0000000276503376861469973846
00.0000000276503376861469973846
00.0000000276503376861469973846
00.0000000276503376861469973846
00.0000000276503376861469973846
00.0000000276503376861469973846
00.0000000276503376861469973846
00.0000000276503376861469973846
00.0000000276503376861469973846
00.0000000276503376861469973846
00.0000000276503376861469973846
00.0000000276503376861469973846
00.0000000276503376861469973846
00.0000000276503376861469973846
00.0000000276503376861469973846
00.0000000276503376861469973846
00.0000000276503376861469973846
00.0000000276503376861469973846
00.0000000276503376861469973846
00.0000000276503376861469973846
00.0000000276503376861469973846
00.0000000276503376861469973846
00.0000000276503376861469973846
00.0000000276503376861469973846
00.0000000276503376861469973846
00.0000000276503376861469973846
00.0000000276503376861469973846
00.0000000276503376861469973846
00.0000000276503376861469973846
00.0000000276503376861469973846
00.0000000276503376861469973846
00.0000000276503376861469973846
00.0000000276503376861469973846
00.0000000276503376861469973846
00.0000000276503376861469973846
00.0000000276503376861469973846
00.0000000276503376861469973846
00.0000000276503376861469973846
00.0000000276503376861469973846
00.0000000276503376861469973846
00.0000000276503376861469973846
00.0000000276503376861469973846
00.0000000276503376861469973846
00.0000000276503376861469973846
00.0000000276503376861469973846
00.0000000276503376861469973846
00.0000000276503376861469973846
00.0000000276503376861469973846
00.0000000276503376861469973846
00.0000000276503376861469973846
00.0000000276503376861469973846
00.0000000276503376861469973846
00.0000000276503376861469973846
00.0000000276503376861469973846
00.0000000276503376861469973846
00.0000000276503376861469973846
00.0000000276503376861469973846
00.0000000276503376861469973846
00.0000000276503376861469973846
00.0000000276503376861469973846
00.0000000276503376861469973846
00.0000000276503376861469973846
00.0000000276503376861469973846
00.0000000276503376861469973846
00.0000000276503376861469973846
00.0000000276503376861469973846
00.0000000276503376861469973846
00.0000000276503376861469973846
00.0000000276503376861469973846
00.0000000276503376861469973846
00.0000000276503376861469973846
00.0000000276503376861469973846
00.0000000276503376861469973846
00.0000000276503376861469973846
00.0000000276503376861469973846
00.0000000276503376861469973846
00.0000000276503376861469973846
00.0000000276503376861469973846
00.0000000276503376861469973846
00.0000000276503376861469973846
00.0000000276503376861469973846
00.0000000276503376861469973846
00.0000000276503376861469973846
00.0000000276503376861469973846
00.0000000276503376861469973846
00.0000000276503376861469973846
00.0000000276503376861469973846
00.0000000276503376861469973846
00.0000000276503376861469973846
00.0000000276503376861469973846
00.0000000276503376861469973846
00.0000000276503376861469973846
00.0000000276503376861469973846
00.0000000276503376861469973846
00.0000000276503376861469973846
00.0000000276503376861469973846
00.0000000276503376861469973846
00.0000000276503376861469973846
00.0000000276503376861469973846
00.0000000276503376861469973846
00.0000000276503376861469973846
00.0000000276503376861469973846
00.0000000276503376861469973846
00.0000000276503376861469973846
00.0000000276503376861469973846
00.0000000276503376861469973846
00.0000000276503376861469973846
00.0000000276503376861469973846
00.0000000276503376861469973846
00.0000000276503376861469973846
00.0000000276503376861469973846
00.0000000276503376861469973846
00.0000000276503376861469973846
00.0000000276503376861469973846
00.0000000276503376861469973846
00.0000000276503376861469973846
00.0000000276503376861469973846
00.0000000276503376861469973846
00.0000000276503376861469973846
00.0000000276503376861469973846
00.0000000276503376861469973846
00.0000000276503376861469973846
00.0000000276503376861469973846
00.0000000276503376861469973846
00.0000000276503376861469973846
00.0000000276503376861469973846
00.0000000276503376861469973846
00.0000000276503376861469973846
00.0000000276503376861469973846
00.0000000276503376861469973846
00.0000000276503376861469973846
00.0000000276503376861469973846
00.0000000276503376861469973846
00.0000000276503376861469973846
00.0000000276503376861469973846
00.0000000276503376861469973846
00.0000000276503376861469973846
00.0000000276503376861469973846
00.0000000276503376861469973846
00.0000000276503376861469973846
00.0000000276503376861469973846
00.0000000276503376861469973846
00.0000000276503376861469973846
00.0000000276503376861469973846
00.0000000276503376861469973846
00.0000000276503376861469973846
00.0000000276503376861469973846
00.0000000276503376861469973846
00.0000000276503376861469973846
00.0000000276503376861469973846
00.0000000276503376861469973846
00.0000000276503376861469973846
00.0000000276503376861469973846
00.0000000276503376861469973846
00.0000000276503376861469973846
00.0000000276503376861469973846
00.0000000276503376861469973846
00.0000000276503376861469973846
00.0000000276503376861469973846
00.0000000276503376861469973846
00.0000000276503376861469973846
00.0000000276503376861469973846
00.0000000276503376861469973846
00.0000000276503376861469973846
00.0000000276503376861469973846
00.0000000276503376861469973846
00.0000000276503376861469973846
00.0000000276503376861469973846
00.0000000276503376861469973846
00.0000000276503376861469973846
00.0000000276503376861469973846
00.0000000276503376861469973846
00.0000000276503376861469973846
00.0000000276503376861469973846
00.0000000276503376861469973846
00.0000000276503376861469973846
00.0000000276503376861469973846
00.0000000276503376861469973846
00.0000000276503376861469973846
00.0000000276503376861469973846
00.0000000276503376861469973846
00.0000000276503376861469973846
00.0000000276503376861469973846
00.0000000276503376861469973846
00.0000000276503376861469973846
00.0000000276503376861469973846
00.0000000276503376861469973846
00.0000000276503376861469973846
00.0000000276503376861469973846
00.0000000276503376861469973846
00.0000000276503376861469973846
00.0000000276503376861469973846
00.0000000276503376861469973846
00.0000000276503376861469973846
00.0000000276503376861469973846
00.0000000276503376861469973846
00.0000000276503376861469973846
00.0000000276503376861469973846
00.0000000276503376861469973846
00.0000000276503376861469973846
00.0000000276503376861469973846
00.0000000276503376861469973846
00.0000000276503376861469973846
00.0000000276503376861469973846
00.0000000276503376861469973846
00.0000000276503376861469973846
00.0000000276503376861469973846
00.0000000276503376861469973846
00.0000000276503376861469973846
00.0000000276503376861469973846
00.0000000276503376861469973846
00.0000000276503376861469973846
00.0000000276503376861469973846
00.0000000276503376861469973846
00.0000000276503376861469973846
00.0000000276503376861469973846
00.0000000276503376861469973846
00.0000000276503376861469973846
00.0000000276503376861469973846
00.0000000276503376861469973846
00.0000000276503376861469973846
00.0000000276503376861469973846
00.0000000276503376861469973846
00.0000000276503376861469973846
00.0000000276503376861469973846
00.0000000276503376861469973846
00.0000000276503376861469973846
00.0000000276503376861469973846
00.0000000276503376861469973846
00.0000000276503376861469973846
00.0000000276503376861469973846
00.0000000276503376861469973846
00.0000000276503376861469973846
00.0000000276503376861469973846
00.0000000276503376861469973846
00.0000000276503376861469973846
00.0000000276503376861469973846
00.0000000276503376861469973846
00.0000000276503376861469973846
00.0000000276503376861469973846
00.0000000276503376861469973846
00.0000000276503376861469973846
00.0000000276503376861469973846
00.0000000276503376861469973846
00.0000000276503376861469973846
00.0000000276503376861469973846
00.0000000276503376861469973846
00.0000000276503376861469973846
00.0000000276503376861469973846
00.0000000276503376861469973846
00.0000000276503376861469973846
00.0000000276503376861469973846
00.0000000276503376861469973846
00.0000000276503376861469973846
00.0000000276503376861469973846
00.0000000276503376861469973846
00.0000000276503376861469973846
00.0000000276503376861469973846
00.0000000276503376861469973846
00.0000000276503376861469973846
00.0000000276503376861469973846
00.0000000276503376861469973846
00.0000000276503376861469973846
00.0000000276503376861469973846
00.0000000276503376861469973846
00.0000000276503376861469973846
00.0000000276503376861469973846
00.0000000276503376861469973846
00.0000000276503376861469973846
00.0000000276503376861469973846
00.0000000276503376861469973846
00.0000000276503376861469973846
00.0000000276503376861469973846
00.0000000276503376861469973846
00.0000000276503376861469973846
00.0000000276503376861469973846
00.0000000276503376861469973846
00.0000000276503376861469973846
00.0000000276503376861469973846
00.0000000276503376861469973846
00.0000000276503376861469973846
00.0000000276503376861469973846
00.0000000276503376861469973846
00.0000000276503376861469973846
00.0000000276503376861469973846
00.0000000276503376861469973846
00.0000000276503376861469973846
00.0000000276503376861469973846
00.0000000276503376861469973846
00.0000000276503376861469973846
00.0000000276503376861469973846
00.0000000276503376861469973846
00.0000000276503376861469973846
00.0000000276503376861469973846
00.0000000276503376861469973846
00.0000000276503376861469973846
00.0000000276503376861469973846
00.0000000276503376861469973846
00.0000000276503376861469973846
00.0000000276503376861469973846
00.0000000276503376861469973846
00.0000000276503376861469973846
00.0000000276503376861469973846
00.0000000276503376861469973846
00.0000000276503376861469973846
00.0000000276503376861469973846
00.0000000276503376861469973846
00.0000000276503376861469973846
00.0000000276503376861469973846
00.0000000276503376861469973846
00.0000000276503376861469973846
00.0000000276503376861469973846
00.0000000276503376861469973846
00.0000000276503376861469973846
00.0000000276503376861469973846
00.0000000276503376861469973846
00.0000000276503376861469973846
00.0000000276503376861469973846
00.0000000276503376861469973846
00.0000000276503376861469973846
00.0000000276503376861469973846
00.0000000276503376861469973846
00.0000000276503376861469973846
00.0000000276503376861469973846
00.0000000276503376861469973846
00.0000000276503376861469973846
00.0000000276503376861469973846
00.0000000276503376861469973846
00.0000000276503376861469973846
00.0000000276503376861469973846
00.0000000276503376861469973846
00.0000000276503376861469973846
00.0000000276503376861469973846
00.0000000276503376861469973846
00.0000000276503376861469973846
00.0000000276503376861469973846
00.0000000276503376861469973846
00.0000000276503376861469973846
00.0000000276503376861469973846
00.0000000276503376861469973846
00.0000000276503376861469973846
00.0000000317194120968977699704
00.0000000317194120968977699704
00.0000000317194120968977699704
00.0000000317194120968977699704
00.0000000317194120968977699704
00.0000000317194120968977699704
00.0000000317194120968977699704
00.0000000317194120968977699704
00.0000000317194120968977699704
00.0000000317194120968977699704
00.0000000317194120968977699704
00.0000000317194120968977699704
00.0000000317194120968977699704
00.0000000317194120968977699704
00.0000000317194120968977699704
00.0000000317194120968977699704
00.0000000317194120968977699704
00.0000000317194120968977699704
00.0000000317194120968977699704
00.0000000317194120968977699704
00.0000000317194120968977699704
00.0000000317194120968977699704
00.0000000317194120968977699704
00.0000000317194120968977699704
00.0000000317194120968977699704
00.0000000317194120968977699704
00.0000000317194120968977699704
00.0000000317194120968977699704
00.0000000317194120968977699704
00.0000000317194120968977699704
00.0000000317194120968977699704
00.0000000317194120968977699704
00.0000000317194120968977699704
00.0000000317194120968977699704
00.0000000317194120968977699704
00.0000000317194120968977699704
00.0000000317194120968977699704
00.0000000317194120968977699704
00.0000000317194120968977699704
00.0000000317194120968977699704
00.0000000317194120968977699704
00.0000000317194120968977699704
00.0000000317194120968977699704
00.0000000317194120968977699704
00.0000000317194120968977699704
00.0000000317194120968977699704
00.0000000317194120968977699704
00.0000000317194120968977699704
00.0000000317194120968977699704
00.0000000317194120968977699704
00.0000000317194120968977699704
00.0000000317194120968977699704
00.0000000317194120968977699704
00.0000000317194120968977699704
00.0000000317194120968977699704
00.0000000317194120968977699704
00.0000000317194120968977699704
00.0000000317194120968977699704
00.0000000317194120968977699704
00.0000000317194120968977699704
00.0000000317194120968977699704
00.0000000317194120968977699704
00.0000000317194120968977699704
00.0000000317194120968977699704
00.0000000317194120968977699704
00.0000000317194120968977699704
00.0000000317194120968977699704
00.0000000317194120968977699704
00.0000000317194120968977699704
00.0000000317194120968977699704
00.0000000317194120968977699704
00.0000000317194120968977699704
00.0000000317194120968977699704
00.0000000317194120968977699704
00.0000000317194120968977699704
00.0000000317194120968977699704
00.0000000317194120968977699704
00.0000000317194120968977699704
00.0000000317194120968977699704
00.0000000317194120968977699704
00.0000000317194120968977699704
00.0000000317194120968977699704
00.0000000317194120968977699704
00.0000000317194120968977699704
00.0000000317194120968977699704
00.0000000317194120968977699704
00.0000000317194120968977699704
00.0000000317194120968977699704
00.0000000317194120968977699704
00.0000000317194120968977699704
00.0000000317194120968977699704
00.0000000317194120968977699704
00.0000000317194120968977699704
00.0000000317194120968977699704
00.0000000317194120968977699704
00.0000000317194120968977699704
00.0000000317194120968977699704
00.0000000317194120968977699704
00.0000000317194120968977699704
00.0000000317194120968977699704
00.0000000317194120968977699704
00.0000000317194120968977699704
00.0000000317194120968977699704
00.0000000317194120968977699704
00.0000000317194120968977699704
00.0000000317194120968977699704
00.0000000317194120968977699704
00.0000000317194120968977699704
00.0000000317194120968977699704
00.0000000317194120968977699704
00.0000000317194120968977699704
00.0000000317194120968977699704
00.0000000317194120968977699704
00.0000000317194120968977699704
00.0000000317194120968977699704
00.0000000317194120968977699704
00.0000000317194120968977699704
00.0000000317194120968977699704
00.0000000317194120968977699704
00.0000000317194120968977699704
00.0000000317194120968977699704
00.0000000317194120968977699704
00.0000000317194120968977699704
00.0000000317194120968977699704
00.0000000317194120968977699704
00.0000000317194120968977699704
00.0000000317194120968977699704
00.0000000317194120968977699704
00.0000000317194120968977699704
00.0000000317194120968977699704
00.0000000317194120968977699704
00.0000000317194120968977699704
00.0000000317194120968977699704
00.0000000317194120968977699704
00.0000000317194120968977699704
00.0000000317194120968977699704
00.0000000317194120968977699704
00.0000000317194120968977699704
00.0000000317194120968977699704
00.0000000317194120968977699704
00.0000000317194120968977699704
00.0000000317194120968977699704
00.0000000317194120968977699704
00.0000000317194120968977699704
00.0000000317194120968977699704
00.0000000317194120968977699704
00.0000000317194120968977699704
00.0000000317194120968977699704
00.0000000317194120968977699704
00.0000000317194120968977699704
00.0000000317194120968977699704
00.0000000317194120968977699704
00.0000000317194120968977699704
00.0000000317194120968977699704
00.0000000317194120968977699704
00.0000000317194120968977699704
00.0000000317194120968977699704
00.0000000317194120968977699704
00.0000000317194120968977699704
00.0000000317194120968977699704
00.0000000317194120968977699704
00.0000000317194120968977699704
00.0000000317194120968977699704
00.0000000317194120968977699704
00.0000000317194120968977699704
00.0000000317194120968977699704
00.0000000317194120968977699704
00.0000000317194120968977699704
00.0000000317194120968977699704
00.0000000317194120968977699704
00.0000000317194120968977699704
00.0000000317194120968977699704
00.0000000317194120968977699704
00.0000000317194120968977699704
00.0000000317194120968977699704
00.0000000317194120968977699704
00.0000000317194120968977699704
00.0000000317194120968977699704
00.0000000317194120968977699704
00.0000000317194120968977699704
00.0000000317194120968977699704
00.0000000317194120968977699704
00.0000000317194120968977699704
00.0000000317194120968977699704
00.0000000317194120968977699704
00.0000000317194120968977699704
00.0000000317194120968977699704
00.0000000317194120968977699704
00.0000000317194120968977699704
00.0000000317194120968977699704
00.0000000317194120968977699704
00.0000000317194120968977699704
00.0000000317194120968977699704
00.0000000317194120968977699704
00.0000000317194120968977699704
00.0000000317194120968977699704
00.0000000317194120968977699704
00.0000000317194120968977699704
00.0000000317194120968977699704
00.0000000317194120968977699704
00.0000000317194120968977699704
00.0000000317194120968977699704
00.0000000317194120968977699704
00.0000000317194120968977699704
00.0000000317194120968977699704
00.0000000317194120968977699704
00.0000000317194120968977699704
00.0000000317194120968977699704
00.0000000317194120968977699704
00.0000000317194120968977699704
00.0000000317194120968977699704
00.0000000317194120968977699704
00.0000000317194120968977699704
00.0000000317194120968977699704
00.0000000317194120968977699704
00.0000000317194120968977699704
00.0000000317194120968977699704
00.0000000317194120968977699704
00.0000000317194120968977699704
00.0000000317194120968977699704
00.0000000317194120968977699704
00.0000000317194120968977699704
00.0000000317194120968977699704
00.0000000317194120968977699704
00.0000000317194120968977699704
00.0000000317194120968977699704
00.0000000317194120968977699704
00.0000000317194120968977699704
00.0000000317194120968977699704
00.0000000317194120968977699704
00.0000000317194120968977699704
00.0000000317194120968977699704
00.0000000317194120968977699704
00.0000000317194120968977699704
00.0000000317194120968977699704
00.0000000317194120968977699704
00.0000000317194120968977699704
00.0000000317194120968977699704
00.0000000317194120968977699704
00.0000000317194120968977699704
00.0000000317194120968977699704
00.0000000317194120968977699704
00.0000000317194120968977699704
00.0000000317194120968977699704
00.0000000317194120968977699704
00.0000000317194120968977699704
00.0000000317194120968977699704
00.0000000317194120968977699704
00.0000000317194120968977699704
00.0000000317194120968977699704
00.0000000317194120968977699704
00.0000000317194120968977699704
00.0000000317194120968977699704
00.0000000317194120968977699704
00.0000000317194120968977699704
00.0000000317194120968977699704
00.0000000317194120968977699704
00.0000000317194120968977699704
00.0000000317194120968977699704
00.0000000317194120968977699704
00.0000000317194120968977699704
00.0000000317194120968977699704
00.0000000317194120968977699704
00.0000000317194120968977699704
00.0000000317194120968977699704
00.0000000317194120968977699704
00.0000000317194120968977699704
00.0000000317194120968977699704
00.0000000317194120968977699704
00.0000000317194120968977699704
00.0000000317194120968977699704
00.0000000317194120968977699704
00.0000000317194120968977699704
00.0000000317194120968977699704
00.0000000317194120968977699704
00.0000000317194120968977699704
00.0000000317194120968977699704
00.0000000317194120968977699704
00.0000000317194120968977699704
00.0000000317194120968977699704
00.0000000317194120968977699704
00.0000000317194120968977699704
00.0000000317194120968977699704
00.0000000317194120968977699704
00.0000000317194120968977699704
00.0000000317194120968977699704
00.0000000317194120968977699704
00.0000000317194120968977699704
00.0000000317194120968977699704
00.0000000317194120968977699704
00.0000000317194120968977699704
00.0000000317194120968977699704
00.0000000317194120968977699704
00.0000000317194120968977699704
00.0000000317194120968977699704
00.0000000317194120968977699704
00.0000000317194120968977699704
00.0000000317194120968977699704
00.0000000317194120968977699704
00.0000000317194120968977699704
00.0000000317194120968977699704
00.0000000317194120968977699704
00.0000000317194120968977699704
00.0000000317194120968977699704
00.0000000317194120968977699704
00.0000000317194120968977699704
00.0000000317194120968977699704
00.0000000317194120968977699704
00.0000000317194120968977699704
00.0000000317194120968977699704
00.0000000317194120968977699704
00.0000000317194120968977699704
00.0000000317194120968977699704
00.0000000317194120968977699704
00.0000000317194120968977699704
00.0000000317194120968977699704
00.0000000317194120968977699704
00.0000000317194120968977699704
00.0000000317194120968977699704
00.0000000317194120968977699704
00.0000000317194120968977699704
00.0000000317194120968977699704
00.0000000317194120968977699704
00.0000000317194120968977699704
00.0000000317194120968977699704
00.0000000317194120968977699704
00.0000000317194120968977699704
00.0000000317194120968977699704
00.0000000317194120968977699704
00.0000000317194120968977699704
00.0000000317194120968977699704
00.0000000317194120968977699704
00.0000000317194120968977699704
00.0000000317194120968977699704
00.0000000317194120968977699704
00.0000000317194120968977699704
00.0000000317194120968977699704
00.0000000317194120968977699704
00.0000000317194120968977699704
00.0000000317194120968977699704
00.0000000317194120968977699704
00.0000000317194120968977699704
00.0000000317194120968977699704
00.0000000317194120968977699704
00.0000000317194120968977699704
00.0000000317194120968977699704
00.0000000317194120968977699704
00.0000000317194120968977699704
00.0000000317194120968977699704
00.0000000317194120968977699704
00.0000000317194120968977699704
00.0000000317194120968977699704
00.0000000317194120968977699704
00.0000000317194120968977699704
00.0000000317194120968977699704
00.0000000317194120968977699704
00.0000000317194120968977699704
00.0000000317194120968977699704
00.0000000317194120968977699704
00.0000000317194120968977699704
00.0000000317194120968977699704
00.0000000317194120968977699704
00.0000000317194120968977699704
00.0000000317194120968977699704
00.0000000317194120968977699704
00.0000000317194120968977699704
00.0000000317194120968977699704
00.0000000317194120968977699704
00.0000000317194120968977699704
00.0000000317194120968977699704
00.0000000317194120968977699704
00.0000000317194120968977699704
00.0000000317194120968977699704
00.0000000317194120968977699704
00.0000000317194120968977699704
00.0000000317194120968977699704
00.0000000317194120968977699704
00.0000000317194120968977699704
00.0000000317194120968977699704
00.0000000317194120968977699704
00.0000000317194120968977699704
00.0000000317194120968977699704
00.0000000317194120968977699704
00.0000000317194120968977699704
00.0000000317194120968977699704
00.0000000317194120968977699704
00.0000000317194120968977699704
00.0000000317194120968977699704
00.0000000317194120968977699704
00.0000000317194120968977699704
00.0000000317194120968977699704
00.0000000317194120968977699704
00.0000000317194120968977699704
00.0000000317194120968977699704
00.0000000317194120968977699704
00.0000000317194120968977699704
00.0000000317194120968977699704
00.0000000317194120968977699704
00.0000000317194120968977699704
00.0000000317194120968977699704
00.0000000317194120968977699704
00.0000000317194120968977699704
00.0000000317194120968977699704
00.0000000317194120968977699704
00.0000000317194120968977699704
00.0000000317194120968977699704
00.0000000317194120968977699704
00.0000000317194120968977699704
00.0000000317194120968977699704
00.0000000317194120968977699704
00.0000000317194120968977699704
00.0000000317194120968977699704
00.0000000317194120968977699704
00.0000000317194120968977699704
00.0000000317194120968977699704
00.0000000317194120968977699704
00.0000000317194120968977699704
00.0000000317194120968977699704
00.0000000317194120968977699704
00.0000000317194120968977699704
00.0000000317194120968977699704
00.0000000317194120968977699704
00.0000000317194120968977699704
00.0000000317194120968977699704
00.0000000317194120968977699704
00.0000000317194120968977699704
00.0000000317194120968977699704
00.0000000317194120968977699704
00.0000000317194120968977699704
00.0000000317194120968977699704
00.0000000317194120968977699704
00.0000000317194120968977699704
00.0000000317194120968977699704
00.0000000317194120968977699704
00.0000000317194120968977699704
00.0000000317194120968977699704
00.0000000317194120968977699704
00.0000000317194120968977699704
00.0000000317194120968977699704
00.0000000317194120968977699704
00.0000000317194120968977699704
00.0000000317194120968977699704
00.0000000317194120968977699704
00.0000000317194120968977699704
00.0000000317194120968977699704
00.0000000317194120968977699704
00.0000000317194120968977699704
00.0000000317194120968977699704
00.0000000317194120968977699704
00.0000000317194120968977699704
00.0000000317194120968977699704
00.0000000317194120968977699704
00.0000000317194120968977699704
00.0000000317194120968977699704
00.0000000317194120968977699704
00.0000000317194120968977699704
00.0000000317194120968977699704
00.0000000317194120968977699704
00.0000000317194120968977699704
00.0000000317194120968977699704
00.0000000317194120968977699704
00.0000000317194120968977699704
00.0000000317194120968977699704
00.0000000317194120968977699704
00.0000000317194120968977699704
00.0000000317194120968977699704
00.0000000317194120968977699704
00.0000000317194120968977699704
00.0000000317194120968977699704
00.0000000317194120968977699704
00.0000000317194120968977699704
00.0000000317194120968977699704
00.0000000317194120968977699704
00.0000000317194120968977699704
00.0000000317194120968977699704
00.0000000317194120968977699704
00.0000000317194120968977699704
00.0000000317194120968977699704
00.0000000317194120968977699704
00.0000000317194120968977699704
00.0000000317194120968977699704
00.0000000317194120968977699704
00.0000000317194120968977699704
00.0000000317194120968977699704
00.0000000317194120968977699704
00.0000000317194120968977699704
00.0000000317194120968977699704
00.0000000317194120968977699704
00.0000000317194120968977699704
00.0000000317194120968977699704
00.0000000317194120968977699704
00.0000000317194120968977699704
00.0000000317194120968977699704
00.0000000317194120968977699704
00.0000000317194120968977699704
00.0000000317194120968977699704
00.0000000317194120968977699704
00.0000000317194120968977699704
00.0000000317194120968977699704
00.0000000317194120968977699704
00.0000000317194120968977699704
00.0000000317194120968977699704
00.0000000317194120968977699704
00.0000000317194120968977699704
00.0000000317194120968977699704
00.0000000317194120968977699704
00.0000000317194120968977699704
00.0000000317194120968977699704
00.0000000317194120968977699704
00.0000000317194120968977699704
00.0000000317194120968977699704
00.0000000317194120968977699704
00.0000000317194120968977699704
00.0000000317194120968977699704
00.0000000317194120968977699704
00.0000000317194120968977699704
00.0000000317194120968977699704
00.0000000317194120968977699704
00.0000000317194120968977699704
00.0000000317194120968977699704
00.0000000317194120968977699704
00.0000000317194120968977699704
00.0000000317194120968977699704
00.0000000317194120968977699704
00.0000000317194120968977699704
00.0000000317194120968977699704
00.0000000317194120968977699704
00.0000000317194120968977699704
00.0000000317194120968977699704
00.0000000317194120968977699704
00.0000000317194120968977699704
00.0000000317194120968977699704
00.0000000317194120968977699704
00.0000000317194120968977699704
00.0000000317194120968977699704
00.0000000317194120968977699704
00.0000000317194120968977699704
00.0000000317194120968977699704
00.0000000317194120968977699704
00.0000000317194120968977699704
00.0000000317194120968977699704
00.0000000317194120968977699704
00.0000000317194120968977699704
00.0000000317194120968977699704
00.0000000317194120968977699704
00.0000000317194120968977699704
00.0000000317194120968977699704
00.0000000317194120968977699704
00.0000000317194120968977699704
00.0000000317194120968977699704
00.0000000317194120968977699704
00.0000000317194120968977699704
00.0000000317194120968977699704
00.0000000317194120968977699704
00.0000000317194120968977699704
00.0000000317194120968977699704
00.0000000317194120968977699704
00.0000000317194120968977699704
00.0000000317194120968977699704
00.0000000317194120968977699704
00.0000000317194120968977699704
00.0000000317194120968977699704
00.0000000317194120968977699704
00.0000000317194120968977699704
00.0000000317194120968977699704
00.0000000317194120968977699704
00.0000000317194120968977699704
00.0000000317194120968977699704
00.0000000317194120968977699704
00.0000000317194120968977699704
00.0000000317194120968977699704
00.0000000317194120968977699704
00.0000000317194120968977699704
00.0000000317194120968977699704
00.0000000317194120968977699704
00.0000000317194120968977699704
00.0000000317194120968977699704
00.0000000317194120968977699704
00.0000000317194120968977699704
00.0000000317194120968977699704
00.0000000317194120968977699704
00.0000000317194120968977699704
00.0000000317194120968977699704
00.0000000317194120968977699704
00.0000000317194120968977699704
00.0000000317194120968977699704
00.0000000317194120968977699704
00.0000000317194120968977699704
00.0000000317194120968977699704
00.0000000317194120968977699704
00.0000000317194120968977699704
00.0000000317194120968977699704
00.0000000317194120968977699704
00.0000000317194120968977699704
00.0000000317194120968977699704
00.0000000317194120968977699704
00.0000000317194120968977699704
00.0000000317194120968977699704
00.0000000317194120968977699704
00.0000000317194120968977699704
00.0000000317194120968977699704
00.0000000317194120968977699704
00.0000000317194120968977699704
00.0000000317194120968977699704
00.0000000317194120968977699704
00.0000000317194120968977699704
00.0000000317194120968977699704
00.0000000317194120968977699704
00.0000000317194120968977699704
00.0000000317194120968977699704
00.0000000317194120968977699704
00.0000000317194120968977699704
00.0000000317194120968977699704
00.0000000317194120968977699704
00.0000000317194120968977699704
00.0000000317194120968977699704
00.0000000317194120968977699704
00.0000000317194120968977699704
00.0000000317194120968977699704
00.0000000317194120968977699704
00.0000000317194120968977699704
00.0000000317194120968977699704
00.0000000317194120968977699704
00.0000000317194120968977699704
00.0000000317194120968977699704
00.0000000317194120968977699704
00.0000000317194120968977699704
00.0000000317194120968977699704
00.0000000317194120968977699704
00.0000000317194120968977699704
00.0000000317194120968977699704
00.0000000317194120968977699704
00.0000000317194120968977699704
00.0000000317194120968977699704
00.0000000317194120968977699704
00.0000000317194120968977699704
00.0000000317194120968977699704
00.0000000317194120968977699704
00.0000000317194120968977699704
00.0000000317194120968977699704
00.0000000317194120968977699704
00.0000000317194120968977699704
00.0000000317194120968977699704
00.0000000317194120968977699704
00.0000000317194120968977699704
00.0000000317194120968977699704
00.0000000317194120968977699704
00.0000000317194120968977699704
00.0000000317194120968977699704
00.0000000317194120968977699704
00.0000000317194120968977699704
00.0000000317194120968977699704
00.0000000317194120968977699704
00.0000000317194120968977699704
00.0000000317194120968977699704
00.0000000317194120968977699704
00.0000000317194120968977699704
00.0000000317194120968977699704
00.0000000317194120968977699704
00.0000000317194120968977699704
00.0000000317194120968977699704
00.0000000317194120968977699704
00.0000000317194120968977699704
00.0000000317194120968977699704
00.0000000317194120968977699704
00.0000000317194120968977699704
00.0000000317194120968977699704
00.0000000317194120968977699704
00.0000000317194120968977699704
00.0000000317194120968977699704
00.0000000317194120968977699704
00.0000000317194120968977699704
00.0000000317194120968977699704
00.0000000317194120968977699704
00.0000000317194120968977699704
00.0000000317194120968977699704
00.0000000317194120968977699704
00.0000000317194120968977699704
00.0000000317194120968977699704
00.0000000317194120968977699704
00.0000000317194120968977699704
00.0000000317194120968977699704
00.0000000317194120968977699704
00.0000000317194120968977699704
00.0000000317194120968977699704
00.0000000317194120968977699704
00.0000000317194120968977699704
00.0000000317194120968977699704
00.0000000317194120968977699704
00.0000000317194120968977699704
00.0000000317194120968977699704
00.0000000317194120968977699704
00.0000000317194120968977699704
00.0000000317194120968977699704
00.0000000317194120968977699704
00.0000000317194120968977699704
00.0000000317194120968977699704
00.0000000317194120968977699704
00.0000000317194120968977699704
00.0000000317194120968977699704
00.0000000317194120968977699704
00.0000000317194120968977699704
00.0000000317194120968977699704
00.0000000317194120968977699704
00.0000000317194120968977699704
00.0000000317194120968977699704
00.0000000317194120968977699704
00.0000000317194120968977699704
00.0000000317194120968977699704
00.0000000317194120968977699704
00.0000000317194120968977699704
00.0000000317194120968977699704
00.0000000317194120968977699704
00.0000000317194120968977699704
00.0000000317194120968977699704
00.0000000317194120968977699704
00.0000000317194120968977699704
00.0000000317194120968977699704
00.0000000317194120968977699704
00.0000000317194120968977699704
00.0000000317194120968977699704
00.0000000317194120968977699704
00.0000000317194120968977699704
00.0000000317194120968977699704
00.0000000317194120968977699704
00.0000000317194120968977699704
00.0000000317194120968977699704
00.0000000317194120968977699704
00.0000000317194120968977699704
00.0000000317194120968977699704
00.0000000317194120968977699704
00.0000000317194120968977699704
00.0000000317194120968977699704
00.0000000317194120968977699704
00.0000000317194120968977699704
00.0000000317194120968977699704
00.0000000317194120968977699704
00.0000000317194120968977699704
00.0000000317194120968977699704
00.0000000317194120968977699704
00.0000000317194120968977699704
00.0000000317194120968977699704
00.0000000317194120968977699704
00.0000000317194120968977699704
00.0000000317194120968977699704
00.0000000317194120968977699704
00.0000000317194120968977699704
00.0000000317194120968977699704
00.0000000317194120968977699704
00.0000000317194120968977699704
00.0000000317194120968977699704
00.0000000317194120968977699704
00.0000000317194120968977699704
00.0000000317194120968977699704
00.0000000317194120968977699704
00.0000000317194120968977699704
00.0000000317194120968977699704
00.0000000317194120968977699704
00.0000000317194120968977699704
00.0000000317194120968977699704
00.0000000317194120968977699704
00.0000000317194120968977699704
00.0000000317194120968977699704
00.0000000317194120968977699704
00.0000000317194120968977699704
00.0000000317194120968977699704
00.0000000317194120968977699704
00.0000000317194120968977699704
00.0000000317194120968977699704
00.0000000317194120968977699704
00.0000000317194120968977699704
00.0000000317194120968977699704
00.0000000317194120968977699704
00.0000000317194120968977699704
00.0000000317194120968977699704
00.0000000317194120968977699704
00.0000000317194120968977699704
00.0000000317194120968977699704
00.0000000317194120968977699704
00.0000000317194120968977699704
00.0000000317194120968977699704
00.0000000317194120968977699704
00.0000000317194120968977699704
00.0000000317194120968977699704
00.0000000317194120968977699704
00.0000000317194120968977699704
00.0000000317194120968977699704
00.0000000317194120968977699704
00.0000000317194120968977699704
00.0000000317194120968977699704
00.0000000317194120968977699704
00.0000000317194120968977699704
00.0000000317194120968977699704
00.0000000317194120968977699704
00.0000000317194120968977699704
00.0000000317194120968977699704
00.0000000317194120968977699704
00.0000000317194120968977699704
00.0000000317194120968977699704
00.0000000317194120968977699704
00.0000000317194120968977699704
00.0000000317194120968977699704
00.0000000317194120968977699704
00.0000000317194120968977699704
00.0000000317194120968977699704
00.0000000317194120968977699704
00.0000000317194120968977699704
00.0000000317194120968977699704
00.0000000317194120968977699704
00.0000000317194120968977699704
00.0000000317194120968977699704
00.0000000317194120968977699704
00.0000000317194120968977699704
00.0000000317194120968977699704
00.0000000317194120968977699704
00.0000000317194120968977699704
00.0000000317194120968977699704
00.0000000317194120968977699704
00.0000000317194120968977699704
00.0000000317194120968977699704
00.0000000317194120968977699704
00.0000000317194120968977699704
00.0000000317194120968977699704
00.0000000317194120968977699704
00.0000000317194120968977699704
00.0000000317194120968977699704
00.0000000317194120968977699704
00.0000000317194120968977699704
00.0000000317194120968977699704
00.0000000317194120968977699704
00.0000000317194120968977699704
00.0000000317194120968977699704
00.0000000317194120968977699704
00.0000000317194120968977699704
00.0000000317194120968977699704
00.0000000317194120968977699704
00.0000000317194120968977699704
00.0000000317194120968977699704
00.0000000317194120968977699704
00.0000000317194120968977699704
00.0000000317194120968977699704
00.0000000317194120968977699704
00.0000000317194120968977699704
00.0000000317194120968977699704
00.0000000317194120968977699704
00.0000000317194120968977699704
00.0000000317194120968977699704
00.0000000317194120968977699704
00.0000000317194120968977699704
00.0000000317194120968977699704
00.0000000317194120968977699704
00.0000000317194120968977699704
00.0000000317194120968977699704
00.0000000317194120968977699704
00.0000000317194120968977699704
00.0000000317194120968977699704
00.0000000317194120968977699704
00.0000000317194120968977699704
00.0000000317194120968977699704
00.0000000317194120968977699704
00.0000000317194120968977699704
00.0000000317194120968977699704
00.0000000317194120968977699704
00.0000000317194120968977699704
00.0000000317194120968977699704
00.0000000317194120968977699704
00.0000000317194120968977699704
00.0000000317194120968977699704
00.0000000317194120968977699704
00.0000000317194120968977699704
00.0000000317194120968977699704
00.0000000317194120968977699704
00.0000000317194120968977699704
00.0000000317194120968977699704
00.0000000317194120968977699704
00.0000000317194120968977699704
00.0000000317194120968977699704
00.0000000317194120968977699704
00.0000000317194120968977699704
00.0000000317194120968977699704
00.0000000317194120968977699704
00.0000000317194120968977699704
00.0000000317194120968977699704
00.0000000317194120968977699704
00.0000000317194120968977699704
00.0000000317194120968977699704
00.0000000317194120968977699704
00.0000000317194120968977699704
00.0000000317194120968977699704
00.0000000317194120968977699704
00.0000000317194120968977699704
00.0000000317194120968977699704
00.0000000317194120968977699704
00.0000000317194120968977699704
00.0000000317194120968977699704
00.0000000317194120968977699704
00.0000000317194120968977699704
00.0000000317194120968977699704
00.0000000317194120968977699704
00.0000000317194120968977699704
00.0000000317194120968977699704
00.0000000317194120968977699704
00.0000000317194120968977699704
00.0000000317194120968977699704
00.0000000317194120968977699704
00.0000000317194120968977699704
00.0000000317194120968977699704
00.0000000317194120968977699704
00.0000000317194120968977699704
00.0000000317194120968977699704
00.0000000317194120968977699704
00.0000000317194120968977699704
00.0000000317194120968977699704
00.0000000317194120968977699704
00.0000000317194120968977699704
00.0000000317194120968977699704
00.0000000317194120968977699704
00.0000000317194120968977699704
00.0000000317194120968977699704
00.0000000317194120968977699704
00.0000000317194120968977699704
00.0000000317194120968977699704
00.0000000317194120968977699704
00.0000000317194120968977699704
00.0000000317194120968977699704
00.0000000317194120968977699704
00.0000000317194120968977699704
00.0000000317194120968977699704
00.0000000317194120968977699704
00.0000000317194120968977699704
00.0000000317194120968977699704
00.0000000317194120968977699704
00.0000000317194120968977699704
00.0000000317194120968977699704
00.0000000317194120968977699704
00.0000000317194120968977699704
00.0000000317194120968977699704
00.0000000317194120968977699704
00.0000000317194120968977699704
00.0000000317194120968977699704
00.0000000317194120968977699704
00.0000000317194120968977699704
00.0000000317194120968977699704
00.0000000317194120968977699704
00.0000000317194120968977699704
00.0000000317194120968977699704
00.0000000317194120968977699704
00.0000000317194120968977699704
00.0000000317194120968977699704
00.0000000317194120968977699704
00.0000000317194120968977699704
00.0000000317194120968977699704
00.0000000317194120968977699704
00.0000000317194120968977699704
00.0000000317194120968977699704
00.0000000317194120968977699704
00.0000000317194120968977699704
00.0000000317194120968977699704
00.0000000317194120968977699704
00.0000000317194120968977699704
00.0000000317194120968977699704
00.0000000317194120968977699704
00.0000000317194120968977699704
00.0000000317194120968977699704
00.0000000317194120968977699704
00.0000000317194120968977699704
00.0000000317194120968977699704
00.0000000317194120968977699704
00.0000000317194120968977699704
00.0000000317194120968977699704
00.0000000317194120968977699704
00.0000000317194120968977699704
00.0000000317194120968977699704
00.0000000317194120968977699704
00.0000000317194120968977699704
00.0000000317194120968977699704
00.0000000317194120968977699704
00.0000000317194120968977699704
00.0000000317194120968977699704
00.0000000317194120968977699704
00.0000000317194120968977699704
00.0000000317194120968977699704
00.0000000317194120968977699704
00.0000000317194120968977699704
00.0000000317194120968977699704
00.0000000317194120968977699704
00.0000000317194120968977699704
00.0000000317194120968977699704
00.0000000317194120968977699704
00.0000000317194120968977699704
00.0000000317194120968977699704
00.0000000317194120968977699704
00.0000000317194120968977699704
00.0000000317194120968977699704
00.0000000317194120968977699704
00.0000000317194120968977699704
00.0000000317194120968977699704
00.0000000317194120968977699704
00.0000000317194120968977699704
00.0000000317194120968977699704
00.0000001910442934960343563944
00.0000001910442934960343563944
00.0000001910442934960343563944
00.0000001910442934960343563944
00.0000001910442934960343563944
00.0000001910442934960343563944
00.0000001910442934960343563944
00.0000001910442934960343563944
00.0000001910442934960343563944
00.0000001910442934960343563944
00.0000001910442934960343563944
00.0000001910442934960343563944
00.0000001910442934960343563944
00.0000001910442934960343563944
00.0000001910442934960343563944
00.0000001910442934960343563944
00.0000001910442934960343563944
00.0000001910442934960343563944
00.0000001910442934960343563944
00.0000001910442934960343563944
00.0000001910442934960343563944
00.0000001910442934960343563944
00.0000001910442934960343563944
00.0000001910442934960343563944
00.0000001910442934960343563944
00.0000001910442934960343563944
00.0000001910442934960343563944
00.0000001910442934960343563944
00.0000001910442934960343563944
00.0000001910442934960343563944
00.0000001910442934960343563944
00.0000001910442934960343563944
00.0000001910442934960343563944
00.0000001910442934960343563944
00.0000001910442934960343563944
00.0000001910442934960343563944
00.0000001910442934960343563944
00.0000001910442934960343563944
00.0000001910442934960343563944
00.0000001910442934960343563944
00.0000001910442934960343563944
00.0000001910442934960343563944
00.0000001910442934960343563944
00.0000001910442934960343563944
00.0000001910442934960343563944
00.0000001910442934960343563944
00.0000001910442934960343563944
00.0000001910442934960343563944
00.0000001910442934960343563944
00.0000001910442934960343563944
00.0000001910442934960343563944
00.0000001910442934960343563944
00.0000001910442934960343563944
00.0000001910442934960343563944
00.0000001910442934960343563944
00.0000001910442934960343563944
00.0000001910442934960343563944
00.0000001910442934960343563944
00.0000001910442934960343563944
00.0000001910442934960343563944
00.0000001910442934960343563944
00.0000001910442934960343563944
00.0000001910442934960343563944
00.0000001910442934960343563944
00.0000001910442934960343563944
00.0000001910442934960343563944
00.0000001910442934960343563944
00.0000001910442934960343563944
00.0000001910442934960343563944
00.0000001910442934960343563944
00.0000001910442934960343563944
00.0000001910442934960343563944
00.0000001910442934960343563944
00.0000001910442934960343563944
00.0000001910442934960343563944
00.0000001910442934960343563944
00.0000001910442934960343563944
00.0000001910442934960343563944
00.0000001910442934960343563944
00.0000001910442934960343563944
00.0000001910442934960343563944
00.0000001910442934960343563944
00.0000001910442934960343563944
00.0000001910442934960343563944
00.0000001910442934960343563944
00.0000001910442934960343563944
00.0000001910442934960343563944
00.0000001910442934960343563944
00.0000001910442934960343563944
00.0000001910442934960343563944
00.0000001910442934960343563944
00.0000001910442934960343563944
00.0000001910442934960343563944
00.0000001910442934960343563944
00.0000001910442934960343563944
00.0000001910442934960343563944
00.0000001910442934960343563944
00.0000001910442934960343563944
00.0000001910442934960343563944
00.0000001910442934960343563944
00.0000001910442934960343563944
00.0000001910442934960343563944
00.0000001910442934960343563944
00.0000001910442934960343563944
00.0000001910442934960343563944
00.0000001910442934960343563944
00.0000001910442934960343563944
00.0000001910442934960343563944
00.0000001910442934960343563944
00.0000001910442934960343563944
00.0000001910442934960343563944
00.0000001910442934960343563944
00.0000001910442934960343563944
00.0000001910442934960343563944
00.0000001910442934960343563944
00.0000001910442934960343563944
00.0000001910442934960343563944
00.0000001910442934960343563944
00.0000001910442934960343563944
00.0000001910442934960343563944
00.0000001910442934960343563944
00.0000001910442934960343563944
00.0000001910442934960343563944
00.0000001910442934960343563944
00.0000001910442934960343563944
00.0000001910442934960343563944
00.0000001910442934960343563944
00.0000001910442934960343563944
00.0000001910442934960343563944
00.0000001910442934960343563944
00.0000001910442934960343563944
00.0000001910442934960343563944
00.0000001910442934960343563944
00.0000001910442934960343563944
00.0000001910442934960343563944
00.0000001910442934960343563944
00.0000001910442934960343563944
00.0000001910442934960343563944
00.0000001910442934960343563944
00.0000001910442934960343563944
00.0000001910442934960343563944
00.0000001910442934960343563944
00.0000001910442934960343563944
00.0000001910442934960343563944
00.0000001910442934960343563944
00.0000001910442934960343563944
00.0000001910442934960343563944
00.0000001910442934960343563944
00.0000001910442934960343563944
00.0000001910442934960343563944
00.0000001910442934960343563944
00.0000001910442934960343563944
00.0000001910442934960343563944
00.0000001910442934960343563944
00.0000001910442934960343563944
00.0000001910442934960343563944
00.0000001910442934960343563944
00.0000001910442934960343563944
00.0000001910442934960343563944
00.0000001910442934960343563944
00.0000001910442934960343563944
00.0000001910442934960343563944
00.0000001910442934960343563944
00.0000001910442934960343563944
00.0000001910442934960343563944
00.0000001910442934960343563944
00.0000001910442934960343563944
00.0000001910442934960343563944
00.0000001910442934960343563944
00.0000001910442934960343563944
00.0000001910442934960343563944
00.0000001910442934960343563944
00.0000001910442934960343563944
00.0000001910442934960343563944
00.0000001910442934960343563944
00.0000001910442934960343563944
00.0000001910442934960343563944
00.0000001910442934960343563944
00.0000001910442934960343563944
00.0000001910442934960343563944
00.0000001910442934960343563944
00.0000001910442934960343563944
00.0000001910442934960343563944
00.0000001910442934960343563944
00.0000001910442934960343563944
00.0000001910442934960343563944
00.0000001910442934960343563944
00.0000001910442934960343563944
00.0000001910442934960343563944
00.0000001910442934960343563944
00.0000001910442934960343563944
00.0000001910442934960343563944
00.0000001910442934960343563944
00.0000001910442934960343563944
00.0000001910442934960343563944
00.0000001910442934960343563944
00.0000001910442934960343563944
00.0000001910442934960343563944
00.0000001910442934960343563944
00.0000001910442934960343563944
00.0000001910442934960343563944
00.0000001910442934960343563944
00.0000001910442934960343563944
00.0000001910442934960343563944
00.0000001910442934960343563944
00.0000001910442934960343563944
00.0000001910442934960343563944
00.0000001910442934960343563944
00.0000001910442934960343563944
00.0000001910442934960343563944
00.0000001910442934960343563944
00.0000001910442934960343563944
00.0000001910442934960343563944
00.0000001910442934960343563944
00.0000001910442934960343563944
00.0000001910442934960343563944
00.0000001910442934960343563944
00.0000001910442934960343563944
00.0000001910442934960343563944
00.0000001910442934960343563944
00.0000001910442934960343563944
00.0000001910442934960343563944
00.0000001910442934960343563944
00.0000001910442934960343563944
00.0000001910442934960343563944
00.0000001910442934960343563944
00.0000001910442934960343563944
00.0000001910442934960343563944
00.0000001910442934960343563944
00.0000001910442934960343563944
00.0000001910442934960343563944
00.0000001910442934960343563944
00.0000001910442934960343563944
00.0000001910442934960343563944
00.0000001910442934960343563944
00.0000001910442934960343563944
00.0000001910442934960343563944
00.0000001910442934960343563944
00.0000001910442934960343563944
00.0000001910442934960343563944
00.0000001910442934960343563944
00.0000001910442934960343563944
00.0000001910442934960343563944
00.0000001910442934960343563944
00.0000001910442934960343563944
00.0000001910442934960343563944
00.0000001910442934960343563944
00.0000001910442934960343563944
00.0000001910442934960343563944
00.0000001910442934960343563944
00.0000001910442934960343563944
00.0000001910442934960343563944
00.0000001910442934960343563944
00.0000001910442934960343563944
00.0000001910442934960343563944
00.0000001910442934960343563944
00.0000001910442934960343563944
00.0000001910442934960343563944
00.0000001910442934960343563944
00.0000001910442934960343563944
00.0000001910442934960343563944
00.0000001910442934960343563944
00.0000001910442934960343563944
00.0000001910442934960343563944
00.0000001910442934960343563944
00.0000001910442934960343563944
00.0000001910442934960343563944
00.0000001910442934960343563944
00.0000001910442934960343563944
00.0000001910442934960343563944
00.0000001910442934960343563944
00.0000001910442934960343563944
00.0000001910442934960343563944
00.0000001910442934960343563944
00.0000001910442934960343563944
00.0000001910442934960343563944
00.0000001910442934960343563944
00.0000001910442934960343563944
00.0000001910442934960343563944
00.0000001910442934960343563944
00.0000001910442934960343563944
00.0000001910442934960343563944
00.0000001910442934960343563944
00.0000001910442934960343563944
00.0000001910442934960343563944
00.0000001910442934960343563944
00.0000001910442934960343563944
00.0000001910442934960343563944
00.0000001910442934960343563944
00.0000001910442934960343563944
00.0000001910442934960343563944
00.0000001910442934960343563944
00.0000001910442934960343563944
00.0000001910442934960343563944
00.0000001910442934960343563944
00.0000001910442934960343563944
00.0000001910442934960343563944
00.0000001910442934960343563944
00.0000001910442934960343563944
00.0000001910442934960343563944
00.0000001910442934960343563944
00.0000001910442934960343563944
00.0000001910442934960343563944
00.0000001910442934960343563944
00.0000001910442934960343563944
00.0000001910442934960343563944
00.0000001910442934960343563944
00.0000001910442934960343563944
00.0000001910442934960343563944
00.0000001910442934960343563944
00.0000001910442934960343563944
00.0000001910442934960343563944
00.0000001910442934960343563944
00.0000001910442934960343563944
00.0000001910442934960343563944
00.0000001910442934960343563944
00.0000001910442934960343563944
00.0000001910442934960343563944
00.0000001910442934960343563944
00.0000001910442934960343563944
00.0000001910442934960343563944
00.0000001910442934960343563944
00.0000001910442934960343563944
00.0000001910442934960343563944
00.0000001910442934960343563944
00.0000001910442934960343563944
00.0000001910442934960343563944
00.0000001910442934960343563944
00.0000001910442934960343563944
00.0000001910442934960343563944
00.0000001910442934960343563944
00.0000001910442934960343563944
00.0000001910442934960343563944
00.0000001910442934960343563944
00.0000001910442934960343563944
00.0000001910442934960343563944
00.0000001910442934960343563944
00.0000001910442934960343563944
00.0000001910442934960343563944
00.0000001910442934960343563944
00.0000001910442934960343563944
00.0000001910442934960343563944
00.0000001910442934960343563944
00.0000001910442934960343563944
00.0000001910442934960343563944
00.0000001910442934960343563944
00.0000001910442934960343563944
00.0000001910442934960343563944
00.0000001910442934960343563944
00.0000001910442934960343563944
00.0000001910442934960343563944
00.0000001910442934960343563944
00.0000001910442934960343563944
00.0000001910442934960343563944
00.0000001910442934960343563944
00.0000001910442934960343563944
00.0000001910442934960343563944
00.0000001910442934960343563944
00.0000001910442934960343563944
00.0000001910442934960343563944
00.0000001910442934960343563944
00.0000001910442934960343563944
00.0000001910442934960343563944
00.0000001910442934960343563944
00.0000001910442934960343563944
00.0000001910442934960343563944
00.0000001910442934960343563944
00.0000001910442934960343563944
00.0000001910442934960343563944
00.0000001910442934960343563944
00.0000001910442934960343563944
00.0000001910442934960343563944
00.0000001910442934960343563944
00.0000001910442934960343563944
00.0000001910442934960343563944
00.0000001910442934960343563944
00.0000001910442934960343563944
00.0000001910442934960343563944
00.0000001910442934960343563944
00.0000001910442934960343563944
00.0000001910442934960343563944
00.0000001910442934960343563944
00.0000001910442934960343563944
00.0000001910442934960343563944
00.0000001910442934960343563944
00.0000001910442934960343563944
00.0000001910442934960343563944
00.0000001910442934960343563944
00.0000001910442934960343563944
00.0000001910442934960343563944
00.0000001910442934960343563944
00.0000001910442934960343563944
00.0000001910442934960343563944
00.0000001910442934960343563944
00.0000001910442934960343563944
00.0000001910442934960343563944
00.0000001910442934960343563944
00.0000001910442934960343563944
00.0000001910442934960343563944
00.0000001910442934960343563944
00.0000001910442934960343563944
00.0000001910442934960343563944
00.0000001910442934960343563944
00.0000001910442934960343563944
00.0000001910442934960343563944
00.0000001910442934960343563944
00.0000001910442934960343563944
00.0000001910442934960343563944
00.0000001910442934960343563944
00.0000001910442934960343563944
00.0000001910442934960343563944
00.0000001910442934960343563944
00.0000001910442934960343563944
00.0000001910442934960343563944
00.0000001910442934960343563944
00.0000001910442934960343563944
00.0000001910442934960343563944
00.0000001910442934960343563944
00.0000001910442934960343563944
00.0000001910442934960343563944
00.0000001910442934960343563944
00.0000001910442934960343563944
00.0000001910442934960343563944
00.0000001910442934960343563944
00.0000001910442934960343563944
00.0000001910442934960343563944
00.0000001910442934960343563944
00.0000001910442934960343563944
00.0000001910442934960343563944
00.0000001910442934960343563944
00.0000001910442934960343563944
00.0000001910442934960343563944
00.0000001910442934960343563944
00.0000001910442934960343563944
00.0000001910442934960343563944
00.0000001910442934960343563944
00.0000001910442934960343563944
00.0000001910442934960343563944
00.0000001910442934960343563944
00.0000001910442934960343563944
00.0000001910442934960343563944
00.0000001910442934960343563944
00.0000001910442934960343563944
00.0000001910442934960343563944
00.0000001910442934960343563944
00.0000001910442934960343563944
00.0000001910442934960343563944
00.0000001910442934960343563944
00.0000001910442934960343563944
00.0000001910442934960343563944
00.0000001910442934960343563944
00.0000001910442934960343563944
00.0000001910442934960343563944
00.0000001910442934960343563944
00.0000001910442934960343563944
00.0000001910442934960343563944
00.0000001910442934960343563944
00.0000001910442934960343563944
00.0000001910442934960343563944
00.0000001910442934960343563944
00.0000001910442934960343563944
00.0000001910442934960343563944
00.0000001910442934960343563944
00.0000001910442934960343563944
00.0000001910442934960343563944
00.0000001910442934960343563944
00.0000001910442934960343563944
00.0000001910442934960343563944
00.0000001910442934960343563944
00.0000001910442934960343563944
00.0000001910442934960343563944
00.0000001910442934960343563944
00.0000001910442934960343563944
00.0000001910442934960343563944
00.0000001910442934960343563944
00.0000001910442934960343563944
00.0000001910442934960343563944
00.0000001910442934960343563944
00.0000001910442934960343563944
00.0000001910442934960343563944
00.0000001910442934960343563944
00.0000001910442934960343563944
00.0000001910442934960343563944
00.0000001910442934960343563944
00.0000001910442934960343563944
00.0000001910442934960343563944
00.0000001910442934960343563944
00.0000001910442934960343563944
00.0000001910442934960343563944
00.0000001910442934960343563944
00.0000001910442934960343563944
00.0000001910442934960343563944
00.0000001910442934960343563944
00.0000001910442934960343563944
00.0000001910442934960343563944
00.0000001910442934960343563944
00.0000001910442934960343563944
00.0000001910442934960343563944
00.0000001910442934960343563944
00.0000001910442934960343563944
00.0000001910442934960343563944
00.0000001910442934960343563944
00.0000001910442934960343563944
00.0000001910442934960343563944
00.0000001910442934960343563944
00.0000001910442934960343563944
00.0000001910442934960343563944
00.0000001910442934960343563944
00.0000001910442934960343563944
00.0000001910442934960343563944
00.0000001910442934960343563944
00.0000001910442934960343563944
00.0000001910442934960343563944
00.0000001910442934960343563944
00.0000001910442934960343563944
00.0000001910442934960343563944
00.0000001910442934960343563944
00.0000001910442934960343563944
00.0000001910442934960343563944
00.0000001910442934960343563944
00.0000001910442934960343563944
00.0000001910442934960343563944
00.0000001910442934960343563944
00.0000001910442934960343563944
00.0000001910442934960343563944
00.0000001910442934960343563944
00.0000001910442934960343563944
00.0000001910442934960343563944
00.0000001910442934960343563944
00.0000001910442934960343563944
00.0000001910442934960343563944
00.0000001910442934960343563944
00.0000001910442934960343563944
00.0000001910442934960343563944
00.0000001910442934960343563944
00.0000001910442934960343563944
00.0000001910442934960343563944
00.0000001910442934960343563944
00.0000001910442934960343563944
00.0000001910442934960343563944
00.0000001910442934960343563944
00.0000001910442934960343563944
00.0000001910442934960343563944
00.0000001910442934960343563944
00.0000001910442934960343563944
00.0000001910442934960343563944
00.0000001910442934960343563944
00.0000001910442934960343563944
00.0000001910442934960343563944
00.0000001910442934960343563944
00.0000001910442934960343563944
00.0000001910442934960343563944
00.0000001910442934960343563944
00.0000001910442934960343563944
00.0000001910442934960343563944
00.0000001910442934960343563944
00.0000001910442934960343563944
00.0000001910442934960343563944
00.0000001910442934960343563944
00.0000001910442934960343563944
00.0000001910442934960343563944
00.0000001910442934960343563944
00.0000001910442934960343563944
00.0000001910442934960343563944
00.0000001910442934960343563944
00.0000001910442934960343563944
00.0000001910442934960343563944
00.0000001910442934960343563944
00.0000001910442934960343563944
00.0000001910442934960343563944
00.0000001910442934960343563944
00.0000001910442934960343563944
00.0000001910442934960343563944
00.0000001910442934960343563944
00.0000001910442934960343563944
00.0000001910442934960343563944
00.0000001910442934960343563944
00.0000001910442934960343563944
00.0000001910442934960343563944
00.0000001910442934960343563944
00.0000001910442934960343563944
00.0000001910442934960343563944
00.0000001910442934960343563944
00.0000001910442934960343563944
00.0000001910442934960343563944
00.0000001910442934960343563944
00.0000001910442934960343563944
00.0000001910442934960343563944
00.0000001910442934960343563944
00.0000001910442934960343563944
00.0000001910442934960343563944
00.0000001910442934960343563944
00.0000001910442934960343563944
00.0000001910442934960343563944
00.0000001910442934960343563944
00.0000001910442934960343563944
00.0000001910442934960343563944
00.0000001910442934960343563944
00.0000001910442934960343563944
00.0000001910442934960343563944
00.0000001910442934960343563944
00.0000001910442934960343563944
00.0000001910442934960343563944
00.0000001910442934960343563944
00.0000001910442934960343563944
00.0000001910442934960343563944
00.0000001910442934960343563944
00.0000001910442934960343563944
00.0000001910442934960343563944
00.0000001910442934960343563944
00.0000001910442934960343563944
00.0000001910442934960343563944
00.0000001910442934960343563944
00.0000001910442934960343563944
00.0000001910442934960343563944
00.0000001910442934960343563944
00.0000001910442934960343563944
00.0000001910442934960343563944
00.0000001910442934960343563944
00.0000001910442934960343563944
00.0000001910442934960343563944
00.0000001910442934960343563944
00.0000001910442934960343563944
00.0000001910442934960343563944
00.0000001910442934960343563944
00.0000001910442934960343563944
00.0000001910442934960343563944
00.0000001910442934960343563944
00.0000001910442934960343563944
00.0000001910442934960343563944
00.0000001910442934960343563944
00.0000001910442934960343563944
00.0000001910442934960343563944
00.0000001910442934960343563944
00.0000001910442934960343563944
00.0000001910442934960343563944
00.0000001910442934960343563944
00.0000001910442934960343563944
00.0000001910442934960343563944
00.0000001910442934960343563944
00.0000001910442934960343563944
00.0000001910442934960343563944
00.0000001910442934960343563944
00.0000001910442934960343563944
00.0000001910442934960343563944
00.0000001910442934960343563944
00.0000001910442934960343563944
00.0000001910442934960343563944
00.0000001910442934960343563944
00.0000001910442934960343563944
00.0000001910442934960343563944
00.0000001910442934960343563944
00.0000001910442934960343563944
00.0000001910442934960343563944
00.0000001910442934960343563944
00.0000001910442934960343563944
00.0000001910442934960343563944
00.0000001910442934960343563944
00.0000001910442934960343563944
00.0000001910442934960343563944
00.0000001910442934960343563944
00.0000001910442934960343563944
00.0000001910442934960343563944
00.0000001910442934960343563944
00.0000001910442934960343563944
00.0000001910442934960343563944
00.0000001910442934960343563944
00.0000001910442934960343563944
00.0000001910442934960343563944
00.0000001910442934960343563944
00.0000001910442934960343563944
00.0000001910442934960343563944
00.0000001910442934960343563944
00.0000001910442934960343563944
00.0000001910442934960343563944
00.0000001910442934960343563944
00.0000001910442934960343563944
00.0000001910442934960343563944
00.0000001910442934960343563944
00.0000001910442934960343563944
00.0000001910442934960343563944
00.0000001910442934960343563944
00.0000001910442934960343563944
00.0000001910442934960343563944
00.0000001910442934960343563944
00.0000001910442934960343563944
00.0000001910442934960343563944
00.0000001910442934960343563944
00.0000001910442934960343563944
00.0000001910442934960343563944
00.0000001910442934960343563944
00.0000001910442934960343563944
00.0000001910442934960343563944
00.0000001910442934960343563944
00.0000001910442934960343563944
00.0000001910442934960343563944
00.0000001910442934960343563944
00.0000001910442934960343563944
00.0000001910442934960343563944
00.0000001910442934960343563944
00.0000001910442934960343563944
00.0000001910442934960343563944
00.0000001910442934960343563944
00.0000001910442934960343563944
00.0000001910442934960343563944
00.0000001910442934960343563944
00.0000001910442934960343563944
00.0000001910442934960343563944
00.0000001910442934960343563944
00.0000001910442934960343563944
00.0000001910442934960343563944
00.0000001910442934960343563944
00.0000001910442934960343563944
00.0000001910442934960343563944
00.0000001910442934960343563944
00.0000001910442934960343563944
00.0000001910442934960343563944
00.0000001910442934960343563944
00.0000001910442934960343563944
00.0000001910442934960343563944
00.0000001910442934960343563944
00.0000001910442934960343563944
00.0000001910442934960343563944
00.0000001910442934960343563944
00.0000001910442934960343563944
00.0000001910442934960343563944
00.0000001910442934960343563944
00.0000001910442934960343563944
00.0000001910442934960343563944
00.0000001910442934960343563944
00.0000001910442934960343563944
00.0000001910442934960343563944
00.0000001910442934960343563944
00.0000001910442934960343563944
00.0000001910442934960343563944
00.0000001910442934960343563944
00.0000001910442934960343563944
00.0000001910442934960343563944
00.0000001910442934960343563944
00.0000001910442934960343563944
00.0000001910442934960343563944
00.0000001910442934960343563944
00.0000001910442934960343563944
00.0000001910442934960343563944
00.0000001910442934960343563944
00.0000001910442934960343563944
00.0000001910442934960343563944
00.0000001910442934960343563944
00.0000001910442934960343563944
00.0000001910442934960343563944
00.0000001910442934960343563944
00.0000001910442934960343563944
00.0000001910442934960343563944
00.0000001910442934960343563944
00.0000001910442934960343563944
00.0000001910442934960343563944
00.0000001910442934960343563944
00.0000001910442934960343563944
00.0000001910442934960343563944
00.0000001910442934960343563944
00.0000001910442934960343563944
00.0000001910442934960343563944
00.0000001910442934960343563944
00.0000001910442934960343563944
00.0000001910442934960343563944
00.0000001910442934960343563944
00.0000001910442934960343563944
00.0000001910442934960343563944
00.0000001910442934960343563944
00.0000001910442934960343563944
00.0000001910442934960343563944
00.0000001910442934960343563944
00.0000001910442934960343563944
00.0000001910442934960343563944
00.0000001910442934960343563944
00.0000001910442934960343563944
00.0000001910442934960343563944
00.0000001910442934960343563944
00.0000001910442934960343563944
00.0000001910442934960343563944
00.0000001910442934960343563944
00.0000001910442934960343563944
00.0000001910442934960343563944
00.0000001910442934960343563944
00.0000001910442934960343563944
00.0000001910442934960343563944
00.0000001910442934960343563944
00.0000001910442934960343563944
00.0000001910442934960343563944
00.0000001910442934960343563944
00.0000001910442934960343563944
00.0000001910442934960343563944
00.0000001910442934960343563944
00.0000001910442934960343563944
00.0000001910442934960343563944
00.0000001910442934960343563944
00.0000001910442934960343563944
00.0000001910442934960343563944
00.0000001910442934960343563944
00.0000001910442934960343563944
00.0000001910442934960343563944
00.0000001910442934960343563944
00.0000001910442934960343563944
00.0000001910442934960343563944
00.0000001910442934960343563944
00.0000001910442934960343563944
00.0000001910442934960343563944
00.0000001910442934960343563944
00.0000001910442934960343563944
00.0000001910442934960343563944
00.0000001910442934960343563944
00.0000001910442934960343563944
00.0000001910442934960343563944
00.0000001910442934960343563944
00.0000001910442934960343563944
00.0000001910442934960343563944
00.0000001910442934960343563944
00.0000001910442934960343563944
00.0000001910442934960343563944
00.0000001910442934960343563944
00.0000001910442934960343563944
00.0000001910442934960343563944
00.0000001910442934960343563944
00.0000001910442934960343563944
00.0000001910442934960343563944
00.0000001910442934960343563944
00.0000001910442934960343563944
00.0000001910442934960343563944
00.0000001910442934960343563944
00.0000001910442934960343563944
00.0000001910442934960343563944
00.0000001910442934960343563944
00.0000001910442934960343563944
00.0000001910442934960343563944
00.0000001910442934960343563944
00.0000001910442934960343563944
00.0000001910442934960343563944
00.0000001910442934960343563944
00.0000001910442934960343563944
00.0000001910442934960343563944
00.0000001910442934960343563944
00.0000001910442934960343563944
00.0000001910442934960343563944
00.0000001910442934960343563944
00.0000001910442934960343563944
00.0000001910442934960343563944
00.0000001910442934960343563944
00.0000001910442934960343563944
00.0000001910442934960343563944
00.0000001910442934960343563944
00.0000001910442934960343563944
00.0000001910442934960343563944
00.0000001910442934960343563944
00.0000001910442934960343563944
00.0000001910442934960343563944
00.0000001910442934960343563944
00.0000001910442934960343563944
00.0000001910442934960343563944
00.0000001910442934960343563944
00.0000001910442934960343563944
00.0000001910442934960343563944
00.0000001910442934960343563944
00.0000001910442934960343563944
00.0000001910442934960343563944
00.0000001910442934960343563944
00.0000001910442934960343563944
00.0000001910442934960343563944
00.0000001910442934960343563944
00.0000001910442934960343563944
00.0000001910442934960343563944
00.0000001910442934960343563944
00.0000001910442934960343563944
00.0000001910442934960343563944
00.0000001910442934960343563944
00.0000001910442934960343563944
00.0000001910442934960343563944
00.0000001910442934960343563944
00.0000001910442934960343563944
00.0000001910442934960343563944
00.0000001910442934960343563944
00.0000001910442934960343563944
00.0000001910442934960343563944
00.0000001910442934960343563944
00.0000001910442934960343563944
00.0000001910442934960343563944
00.0000001910442934960343563944
00.0000001910442934960343563944
00.0000001910442934960343563944
00.0000001910442934960343563944
00.0000001910442934960343563944
00.0000001910442934960343563944
00.0000001910442934960343563944
00.0000001910442934960343563944
00.0000001910442934960343563944
00.0000001910442934960343563944
00.0000001910442934960343563944
00.0000001910442934960343563944
00.0000001910442934960343563944
00.0000001910442934960343563944
00.0000001910442934960343563944
00.0000001910442934960343563944
00.0000001910442934960343563944
00.0000001910442934960343563944
00.0000001910442934960343563944
00.0000001910442934960343563944
00.0000001910442934960343563944
00.0000001910442934960343563944
00.0000001910442934960343563944
00.0000001910442934960343563944
00.0000001910442934960343563944
00.0000001910442934960343563944
00.0000001910442934960343563944
00.0000001910442934960343563944
00.0000001910442934960343563944
00.0000001910442934960343563944
00.0000001910442934960343563944
00.0000001910442934960343563944
00.0000001910442934960343563944
00.0000001910442934960343563944
00.0000001910442934960343563944
00.0000001910442934960343563944
00.0000001910442934960343563944
00.0000001910442934960343563944
00.0000001910442934960343563944
00.0000001910442934960343563944
00.0000001910442934960343563944
00.0000001910442934960343563944
00.0000001910442934960343563944
00.0000001910442934960343563944
00.0000001910442934960343563944
00.0000001910442934960343563944
00.0000001910442934960343563944
00.0000001910442934960343563944
00.0000001910442934960343563944
00.0000001910442934960343563944
00.0000001910442934960343563944
00.0000001910442934960343563944
00.0000001910442934960343563944
00.0000001910442934960343563944
00.0000001910442934960343563944
00.0000001910442934960343563944
00.0000001910442934960343563944
00.0000001910442934960343563944
00.0000001910442934960343563944
00.0000001910442934960343563944
00.0000001910442934960343563944
00.0000001910442934960343563944
00.0000001910442934960343563944
00.0000001910442934960343563944
00.0000001910442934960343563944
00.0000001910442934960343563944
00.0000001910442934960343563944
00.0000001910442934960343563944
00.0000001910442934960343563944
00.0000001910442934960343563944
00.0000001910442934960343563944
00.0000001910442934960343563944
00.0000001910442934960343563944
00.0000001910442934960343563944
00.0000001910442934960343563944
00.0000001910442934960343563944
00.0000001910442934960343563944
00.0000001910442934960343563944
00.0000001910442934960343563944
00.0000001910442934960343563944
00.0000001910442934960343563944
00.0000001910442934960343563944
00.0000001910442934960343563944
00.0000001910442934960343563944
00.0000001910442934960343563944
00.0000001910442934960343563944
00.0000001910442934960343563944
00.0000001910442934960343563944
00.0000001910442934960343563944
00.0000001910442934960343563944
00.0000001910442934960343563944
00.0000001910442934960343563944
00.0000001910442934960343563944
00.0000001910442934960343563944
00.0000001910442934960343563944
00.0000001910442934960343563944
00.0000001910442934960343563944
00.0000001910442934960343563944
00.0000001910442934960343563944
00.0000001910442934960343563944
00.0000001910442934960343563944
00.0000001910442934960343563944
00.0000001910442934960343563944
00.0000001910442934960343563944
00.0000001910442934960343563944
00.0000001910442934960343563944
00.0000001910442934960343563944
00.0000001910442934960343563944
00.0000001910442934960343563944
00.0000001910442934960343563944
00.0000001910442934960343563944
00.0000001910442934960343563944
00.0000001910442934960343563944
00.0000001910442934960343563944
00.0000001910442934960343563944
00.0000001861599261410162853281
00.0000001861599261410162853281
00.0000001861599261410162853281
00.0000001861599261410162853281
00.0000001861599261410162853281
00.0000001861599261410162853281
00.0000001861599261410162853281
00.0000001861599261410162853281
00.0000001861599261410162853281
00.0000001861599261410162853281
00.0000001861599261410162853281
00.0000001861599261410162853281
00.0000001861599261410162853281
00.0000001861599261410162853281
00.0000001861599261410162853281
00.0000001861599261410162853281
00.0000001861599261410162853281
00.0000001861599261410162853281
00.0000001861599261410162853281
00.0000001861599261410162853281
00.0000001861599261410162853281
00.0000001861599261410162853281
00.0000001861599261410162853281
00.0000001861599261410162853281
00.0000001861599261410162853281
00.0000001861599261410162853281
00.0000001861599261410162853281
00.0000001861599261410162853281
00.0000001861599261410162853281
00.0000001861599261410162853281
00.0000001861599261410162853281
00.0000001861599261410162853281
00.0000001861599261410162853281
00.0000001861599261410162853281
00.0000001861599261410162853281
00.0000001861599261410162853281
00.0000001861599261410162853281
00.0000001861599261410162853281
00.0000001861599261410162853281
00.0000001861599261410162853281
00.0000001861599261410162853281
00.0000001861599261410162853281
00.0000001861599261410162853281
00.0000001861599261410162853281
00.0000001861599261410162853281
00.0000001861599261410162853281
00.0000001861599261410162853281
00.0000001861599261410162853281
00.0000001861599261410162853281
00.0000001861599261410162853281
00.0000001861599261410162853281
00.0000001861599261410162853281
00.0000001861599261410162853281
00.0000001861599261410162853281
00.0000001861599261410162853281
00.0000001861599261410162853281
00.0000001861599261410162853281
00.0000001861599261410162853281
00.0000001861599261410162853281
00.0000001861599261410162853281
00.0000001861599261410162853281
00.0000001861599261410162853281
00.0000001861599261410162853281
00.0000001861599261410162853281
00.0000001861599261410162853281
00.0000001861599261410162853281
00.0000001861599261410162853281
00.0000001861599261410162853281
00.0000001861599261410162853281
00.0000001861599261410162853281
00.0000001861599261410162853281
00.0000001861599261410162853281
00.0000001861599261410162853281
00.0000001861599261410162853281
00.0000001861599261410162853281
00.0000001861599261410162853281
00.0000001861599261410162853281
00.0000001861599261410162853281
00.0000001861599261410162853281
00.0000001861599261410162853281
00.0000001861599261410162853281
00.0000001861599261410162853281
00.0000001861599261410162853281
00.0000001861599261410162853281
00.0000001861599261410162853281
00.0000001861599261410162853281
00.0000001861599261410162853281
00.0000001861599261410162853281
00.0000001861599261410162853281
00.0000001861599261410162853281
00.0000001861599261410162853281
00.0000001861599261410162853281
00.0000001861599261410162853281
00.0000001861599261410162853281
00.0000001861599261410162853281
00.0000001861599261410162853281
00.0000001861599261410162853281
00.0000001861599261410162853281
00.0000001861599261410162853281
00.0000001861599261410162853281
00.0000001861599261410162853281
00.0000001861599261410162853281
00.0000001861599261410162853281
00.0000001861599261410162853281
00.0000001861599261410162853281
00.0000001861599261410162853281
00.0000001861599261410162853281
00.0000001861599261410162853281
00.0000001861599261410162853281
00.0000001861599261410162853281
00.0000001861599261410162853281
00.0000001861599261410162853281
00.0000001861599261410162853281
00.0000001861599261410162853281
00.0000001861599261410162853281
00.0000001861599261410162853281
00.0000001861599261410162853281
00.0000001861599261410162853281
00.0000001861599261410162853281
00.0000001861599261410162853281
00.0000001861599261410162853281
00.0000001861599261410162853281
00.0000001861599261410162853281
00.0000001861599261410162853281
00.0000001861599261410162853281
00.0000001861599261410162853281
00.0000001861599261410162853281
00.0000001861599261410162853281
00.0000001861599261410162853281
00.0000001861599261410162853281
00.0000001861599261410162853281
00.0000001861599261410162853281
00.0000001861599261410162853281
00.0000001861599261410162853281
00.0000001861599261410162853281
00.0000001861599261410162853281
00.0000001861599261410162853281
00.0000001861599261410162853281
00.0000001861599261410162853281
00.0000001861599261410162853281
00.0000001861599261410162853281
00.0000001861599261410162853281
00.0000001861599261410162853281
00.0000001861599261410162853281
00.0000001861599261410162853281
00.0000001861599261410162853281
00.0000001861599261410162853281
00.0000001861599261410162853281
00.0000001861599261410162853281
00.0000001861599261410162853281
00.0000001861599261410162853281
00.0000001861599261410162853281
00.0000001861599261410162853281
00.0000001861599261410162853281
00.0000001861599261410162853281
00.0000001861599261410162853281
00.0000001861599261410162853281
00.0000001861599261410162853281
00.0000001861599261410162853281
00.0000001861599261410162853281
00.0000001861599261410162853281
00.0000001861599261410162853281
00.0000001861599261410162853281
00.0000001861599261410162853281
00.0000001861599261410162853281
00.0000001861599261410162853281
00.0000001861599261410162853281
00.0000001861599261410162853281
00.0000001861599261410162853281
00.0000001861599261410162853281
00.0000001861599261410162853281
00.0000001861599261410162853281
00.0000001861599261410162853281
00.0000001861599261410162853281
00.0000001861599261410162853281
00.0000001861599261410162853281
00.0000001861599261410162853281
00.0000001861599261410162853281
00.0000001861599261410162853281
00.0000001861599261410162853281
00.0000001861599261410162853281
00.0000001861599261410162853281
00.0000001861599261410162853281
00.0000001861599261410162853281
00.0000001861599261410162853281
00.0000001861599261410162853281
00.0000001861599261410162853281
00.0000001861599261410162853281
00.0000001861599261410162853281
00.0000001861599261410162853281
00.0000001861599261410162853281
00.0000001861599261410162853281
00.0000001861599261410162853281
00.0000001861599261410162853281
00.0000001861599261410162853281
00.0000001861599261410162853281
00.0000001861599261410162853281
00.0000001861599261410162853281
00.0000001861599261410162853281
00.0000001861599261410162853281
00.0000001861599261410162853281
00.0000001861599261410162853281
00.0000001861599261410162853281
00.0000001861599261410162853281
00.0000001861599261410162853281
00.0000001861599261410162853281
00.0000001861599261410162853281
00.0000001861599261410162853281
00.0000001861599261410162853281
00.0000001861599261410162853281
00.0000001861599261410162853281
00.0000001861599261410162853281
00.0000001861599261410162853281
00.0000001861599261410162853281
00.0000001861599261410162853281
00.0000001861599261410162853281
00.0000001861599261410162853281
00.0000001861599261410162853281
00.0000001861599261410162853281
00.0000001861599261410162853281
00.0000001861599261410162853281
00.0000001861599261410162853281
00.0000001861599261410162853281
00.0000001861599261410162853281
00.0000001861599261410162853281
00.0000001861599261410162853281
00.0000001861599261410162853281
00.0000001861599261410162853281
00.0000001861599261410162853281
00.0000001861599261410162853281
00.0000001861599261410162853281
00.0000001861599261410162853281
00.0000001861599261410162853281
00.0000001861599261410162853281
00.0000001861599261410162853281
00.0000001861599261410162853281
00.0000001861599261410162853281
00.0000001861599261410162853281
00.0000001861599261410162853281
00.0000001861599261410162853281
00.0000001861599261410162853281
00.0000001861599261410162853281
00.0000001861599261410162853281
00.0000001861599261410162853281
00.0000001861599261410162853281
00.0000001861599261410162853281
00.0000001861599261410162853281
00.0000001861599261410162853281
00.0000001861599261410162853281
00.0000001861599261410162853281
00.0000001861599261410162853281
00.0000001861599261410162853281
00.0000001861599261410162853281
00.0000001861599261410162853281
00.0000001861599261410162853281
00.0000001861599261410162853281
00.0000001861599261410162853281
00.0000001861599261410162853281
00.0000001861599261410162853281
00.0000001861599261410162853281
00.0000001861599261410162853281
00.0000001861599261410162853281
00.0000001861599261410162853281
00.0000001861599261410162853281
00.0000001861599261410162853281
00.0000001861599261410162853281
00.0000001861599261410162853281
00.0000001861599261410162853281
00.0000001861599261410162853281
00.0000001861599261410162853281
00.0000001861599261410162853281
00.0000001861599261410162853281
00.0000001861599261410162853281
00.0000001861599261410162853281
00.0000001861599261410162853281
00.0000001861599261410162853281
00.0000001861599261410162853281
00.0000001861599261410162853281
00.0000001861599261410162853281
00.0000001861599261410162853281
00.0000001861599261410162853281
00.0000001861599261410162853281
00.0000001861599261410162853281
00.0000001861599261410162853281
00.0000001861599261410162853281
00.0000001861599261410162853281
00.0000001861599261410162853281
00.0000001861599261410162853281
00.0000001861599261410162853281
00.0000001861599261410162853281
00.0000001861599261410162853281
00.0000001861599261410162853281
00.0000001861599261410162853281
00.0000001861599261410162853281
00.0000001861599261410162853281
00.0000001861599261410162853281
00.0000001861599261410162853281
00.0000001861599261410162853281
00.0000001861599261410162853281
00.0000001861599261410162853281
00.0000001861599261410162853281
00.0000001861599261410162853281
00.0000001861599261410162853281
00.0000001861599261410162853281
00.0000001861599261410162853281
00.0000001861599261410162853281
00.0000001861599261410162853281
00.0000001861599261410162853281
00.0000001861599261410162853281
00.0000001861599261410162853281
00.0000001861599261410162853281
00.0000001861599261410162853281
00.0000001861599261410162853281
00.0000001861599261410162853281
00.0000001861599261410162853281
00.0000001861599261410162853281
00.0000001861599261410162853281
00.0000001861599261410162853281
00.0000001861599261410162853281
00.0000001861599261410162853281
00.0000001861599261410162853281
00.0000001861599261410162853281
00.0000001861599261410162853281
00.0000001861599261410162853281
00.0000001861599261410162853281
00.0000001861599261410162853281
00.0000001861599261410162853281
00.0000001861599261410162853281
00.0000001861599261410162853281
00.0000001861599261410162853281
00.0000001861599261410162853281
00.0000001861599261410162853281
00.0000001861599261410162853281
00.0000001861599261410162853281
00.0000001861599261410162853281
00.0000001861599261410162853281
00.0000001861599261410162853281
00.0000001861599261410162853281
00.0000001861599261410162853281
00.0000001861599261410162853281
00.0000001861599261410162853281
00.0000001861599261410162853281
00.0000001861599261410162853281
00.0000001861599261410162853281
00.0000001861599261410162853281
00.0000001861599261410162853281
00.0000001861599261410162853281
00.0000001861599261410162853281
00.0000001861599261410162853281
00.0000001861599261410162853281
00.0000001861599261410162853281
00.0000001861599261410162853281
00.0000001861599261410162853281
00.0000001861599261410162853281
00.0000001861599261410162853281
00.0000001861599261410162853281
00.0000001861599261410162853281
00.0000001861599261410162853281
00.0000001861599261410162853281
00.0000001861599261410162853281
00.0000001861599261410162853281
00.0000001861599261410162853281
00.0000001861599261410162853281
00.0000001861599261410162853281
00.0000001861599261410162853281
00.0000001861599261410162853281
00.0000001861599261410162853281
00.0000001861599261410162853281
00.0000001861599261410162853281
00.0000001861599261410162853281
00.0000001861599261410162853281
00.0000001861599261410162853281
00.0000001861599261410162853281
00.0000001861599261410162853281
00.0000001861599261410162853281
00.0000001861599261410162853281
00.0000001861599261410162853281
00.0000001861599261410162853281
00.0000001861599261410162853281
00.0000001861599261410162853281
00.0000001861599261410162853281
00.0000001861599261410162853281
00.0000001861599261410162853281
00.0000001861599261410162853281
00.0000001861599261410162853281
00.0000001861599261410162853281
00.0000001861599261410162853281
00.0000001861599261410162853281
00.0000001861599261410162853281
00.0000001861599261410162853281
00.0000001861599261410162853281
00.0000001861599261410162853281
00.0000001861599261410162853281
00.0000001861599261410162853281
00.0000001861599261410162853281
00.0000001861599261410162853281
00.0000001861599261410162853281
00.0000001861599261410162853281
00.0000001861599261410162853281
00.0000001861599261410162853281
00.0000001861599261410162853281
00.0000001861599261410162853281
00.0000001861599261410162853281
00.0000001861599261410162853281
00.0000001861599261410162853281
00.0000001861599261410162853281
00.0000001861599261410162853281
00.0000001861599261410162853281
00.0000001861599261410162853281
00.0000001861599261410162853281
00.0000001861599261410162853281
00.0000001861599261410162853281
00.0000001861599261410162853281
00.0000001861599261410162853281
00.0000001861599261410162853281
00.0000001861599261410162853281
00.0000001861599261410162853281
00.0000001861599261410162853281
00.0000001861599261410162853281
00.0000001861599261410162853281
00.0000001861599261410162853281
00.0000001861599261410162853281
00.0000001861599261410162853281
00.0000001861599261410162853281
00.0000001861599261410162853281
00.0000001861599261410162853281
00.0000001861599261410162853281
00.0000001861599261410162853281
00.0000001861599261410162853281
00.0000001861599261410162853281
00.0000001861599261410162853281
00.0000001861599261410162853281
00.0000001861599261410162853281
00.0000001861599261410162853281
00.0000001861599261410162853281
00.0000001861599261410162853281
00.0000001861599261410162853281
00.0000001861599261410162853281
00.0000001861599261410162853281
00.0000001861599261410162853281
00.0000001861599261410162853281
00.0000001861599261410162853281
00.0000001861599261410162853281
00.0000001861599261410162853281
00.0000001861599261410162853281
00.0000001861599261410162853281
00.0000001861599261410162853281
00.0000001861599261410162853281
00.0000001861599261410162853281
00.0000001861599261410162853281
00.0000001861599261410162853281
00.0000001861599261410162853281
00.0000001861599261410162853281
00.0000001861599261410162853281
00.0000001861599261410162853281
00.0000001861599261410162853281
00.0000001861599261410162853281
00.0000001861599261410162853281
00.0000001861599261410162853281
00.0000001861599261410162853281
00.0000001861599261410162853281
00.0000001861599261410162853281
00.0000001861599261410162853281
00.0000001861599261410162853281
00.0000001861599261410162853281
00.0000001861599261410162853281
00.0000001861599261410162853281
00.0000001861599261410162853281
00.0000001861599261410162853281
00.0000001861599261410162853281
00.0000001861599261410162853281
00.0000001861599261410162853281
00.0000001861599261410162853281
00.0000001861599261410162853281
00.0000001861599261410162853281
00.0000001861599261410162853281
00.0000001861599261410162853281
00.0000001861599261410162853281
00.0000001861599261410162853281
00.0000001861599261410162853281
00.0000001861599261410162853281
00.0000001861599261410162853281
00.0000001861599261410162853281
00.0000001861599261410162853281
00.0000001861599261410162853281
00.0000001861599261410162853281
00.0000001861599261410162853281
00.0000001861599261410162853281
00.0000001861599261410162853281
00.0000001861599261410162853281
00.0000001861599261410162853281
00.0000001861599261410162853281
00.0000001861599261410162853281
00.0000001861599261410162853281
00.0000001861599261410162853281
00.0000001861599261410162853281
00.0000001861599261410162853281
00.0000001861599261410162853281
00.0000001861599261410162853281
00.0000001861599261410162853281
00.0000001861599261410162853281
00.0000001861599261410162853281
00.0000001861599261410162853281
00.0000001861599261410162853281
00.0000001861599261410162853281
00.0000001861599261410162853281
00.0000001861599261410162853281
00.0000001861599261410162853281
00.0000001861599261410162853281
00.0000001861599261410162853281
00.0000001861599261410162853281
00.0000001861599261410162853281
00.0000001861599261410162853281
00.0000001861599261410162853281
00.0000001861599261410162853281
00.0000001861599261410162853281
00.0000001861599261410162853281
00.0000001861599261410162853281
00.0000001861599261410162853281
00.0000001861599261410162853281
00.0000001861599261410162853281
00.0000001861599261410162853281
00.0000001861599261410162853281
00.0000001861599261410162853281
00.0000001861599261410162853281
00.0000001861599261410162853281
00.0000001861599261410162853281
00.0000001861599261410162853281
00.0000001861599261410162853281
00.0000001861599261410162853281
00.0000001861599261410162853281
00.0000001861599261410162853281
00.0000001861599261410162853281
00.0000001861599261410162853281
00.0000001861599261410162853281
00.0000001861599261410162853281
00.0000001861599261410162853281
00.0000001861599261410162853281
00.0000001861599261410162853281
00.0000001861599261410162853281
00.0000001861599261410162853281
00.0000001861599261410162853281
00.0000001861599261410162853281
00.0000001861599261410162853281
00.0000001861599261410162853281
00.0000001861599261410162853281
00.0000001861599261410162853281
00.0000001861599261410162853281
00.0000001861599261410162853281
00.0000001861599261410162853281
00.0000001861599261410162853281
00.0000001861599261410162853281
00.0000001861599261410162853281
00.0000001861599261410162853281
00.0000001861599261410162853281
00.0000001861599261410162853281
00.0000001861599261410162853281
00.0000001861599261410162853281
00.0000001861599261410162853281
00.0000001861599261410162853281
00.0000001861599261410162853281
00.0000001861599261410162853281
00.0000001861599261410162853281
00.0000001861599261410162853281
00.0000001861599261410162853281
00.0000001861599261410162853281
00.0000001861599261410162853281
00.0000001861599261410162853281
00.0000001861599261410162853281
00.0000001861599261410162853281
00.0000001861599261410162853281
00.0000001861599261410162853281
00.0000001861599261410162853281
00.0000001861599261410162853281
00.0000001861599261410162853281
00.0000001861599261410162853281
00.0000001861599261410162853281
00.0000001861599261410162853281
00.0000001861599261410162853281
00.0000001861599261410162853281
00.0000001861599261410162853281
00.0000001861599261410162853281
00.0000001861599261410162853281
00.0000001861599261410162853281
00.0000001861599261410162853281
00.0000001861599261410162853281
00.0000001861599261410162853281
00.0000001861599261410162853281
00.0000001861599261410162853281
00.0000001861599261410162853281
00.0000001861599261410162853281
00.0000001861599261410162853281
00.0000001861599261410162853281
00.0000001861599261410162853281
00.0000001861599261410162853281
00.0000001861599261410162853281
00.0000001861599261410162853281
00.0000001861599261410162853281
00.0000001861599261410162853281
00.0000001861599261410162853281
00.0000001861599261410162853281
00.0000001861599261410162853281
00.0000001861599261410162853281
00.0000001861599261410162853281
00.0000001861599261410162853281
00.0000001861599261410162853281
00.0000001861599261410162853281
00.0000001861599261410162853281
00.0000001861599261410162853281
00.0000001861599261410162853281
00.0000001861599261410162853281
00.0000001861599261410162853281
00.0000001861599261410162853281
00.0000001861599261410162853281
00.0000001861599261410162853281
00.0000001861599261410162853281
00.0000001861599261410162853281
00.0000001861599261410162853281
00.0000001861599261410162853281
00.0000001861599261410162853281
00.0000001861599261410162853281
00.0000001861599261410162853281
00.0000001861599261410162853281
00.0000001861599261410162853281
00.0000001861599261410162853281
00.0000001861599261410162853281
00.0000001861599261410162853281
00.0000001861599261410162853281
00.0000001861599261410162853281
00.0000001861599261410162853281
00.0000001861599261410162853281
00.0000001861599261410162853281
00.0000001861599261410162853281
00.0000001861599261410162853281
00.0000001861599261410162853281
00.0000001861599261410162853281
00.0000001861599261410162853281
00.0000001861599261410162853281
00.0000001861599261410162853281
00.0000001861599261410162853281
00.0000001861599261410162853281
00.0000001861599261410162853281
00.0000001861599261410162853281
00.0000001861599261410162853281
00.0000001861599261410162853281
00.0000001861599261410162853281
00.0000001861599261410162853281
00.0000001861599261410162853281
00.0000001861599261410162853281
00.0000001861599261410162853281
00.0000001861599261410162853281
00.0000001861599261410162853281
00.0000001861599261410162853281
00.0000001861599261410162853281
00.0000001861599261410162853281
00.0000001861599261410162853281
00.0000001861599261410162853281
00.0000001861599261410162853281
00.0000001861599261410162853281
00.0000001861599261410162853281
00.0000001861599261410162853281
00.0000001861599261410162853281
00.0000001861599261410162853281
00.0000001861599261410162853281
00.0000001861599261410162853281
00.0000001861599261410162853281
00.0000001861599261410162853281
00.0000001861599261410162853281
00.0000001861599261410162853281
00.0000001861599261410162853281
00.0000001861599261410162853281
00.0000001861599261410162853281
00.0000001861599261410162853281
00.0000001861599261410162853281
00.0000001861599261410162853281
00.0000001861599261410162853281
00.0000001861599261410162853281
00.0000001861599261410162853281
00.0000001861599261410162853281
00.0000001861599261410162853281
00.0000001861599261410162853281
00.0000001861599261410162853281
00.0000001861599261410162853281
00.0000001861599261410162853281
00.0000001861599261410162853281
00.0000001861599261410162853281
00.0000001861599261410162853281
00.0000001861599261410162853281
00.0000001861599261410162853281
00.0000001861599261410162853281
00.0000001861599261410162853281
00.0000001861599261410162853281
00.0000001861599261410162853281
00.0000001861599261410162853281
00.0000001861599261410162853281
00.0000001861599261410162853281
00.0000001861599261410162853281
00.0000001861599261410162853281
00.0000001861599261410162853281
00.0000001861599261410162853281
00.0000001861599261410162853281
00.0000001861599261410162853281
00.0000001861599261410162853281
00.0000001861599261410162853281
00.0000001861599261410162853281
00.0000001861599261410162853281
00.0000001861599261410162853281
00.0000001861599261410162853281
00.0000001861599261410162853281
00.0000001861599261410162853281
00.0000001861599261410162853281
00.0000001861599261410162853281
00.0000001861599261410162853281
00.0000001861599261410162853281
00.0000001861599261410162853281
00.0000001861599261410162853281
00.0000001861599261410162853281
00.0000001861599261410162853281
00.0000001861599261410162853281
00.0000001861599261410162853281
00.0000001861599261410162853281
00.0000001861599261410162853281
00.0000001861599261410162853281
00.0000001861599261410162853281
00.0000001861599261410162853281
00.0000001861599261410162853281
00.0000001861599261410162853281
00.0000001861599261410162853281
00.0000001861599261410162853281
00.0000001861599261410162853281
00.0000001861599261410162853281
00.0000001861599261410162853281
00.0000001861599261410162853281
00.0000001861599261410162853281
00.0000001861599261410162853281
00.0000001861599261410162853281
00.0000001861599261410162853281
00.0000001861599261410162853281
00.0000001861599261410162853281
00.0000001861599261410162853281
00.0000001861599261410162853281
00.0000001861599261410162853281
00.0000001861599261410162853281
00.0000001861599261410162853281
00.0000001861599261410162853281
00.0000001861599261410162853281
00.0000001861599261410162853281
00.0000001861599261410162853281
00.0000001861599261410162853281
00.0000001861599261410162853281
00.0000001861599261410162853281
00.0000001861599261410162853281
00.0000001861599261410162853281
00.0000001861599261410162853281
00.0000001861599261410162853281
00.0000001861599261410162853281
00.0000001861599261410162853281
00.0000001861599261410162853281
00.0000001861599261410162853281
00.0000001861599261410162853281
00.0000001861599261410162853281
00.0000001861599261410162853281
00.0000001861599261410162853281
00.0000001861599261410162853281
00.0000001861599261410162853281
00.0000001861599261410162853281
00.0000001861599261410162853281
00.0000001861599261410162853281
00.0000001861599261410162853281
00.0000001861599261410162853281
00.0000001861599261410162853281
00.0000001861599261410162853281
00.0000001861599261410162853281
00.0000001861599261410162853281
00.0000001861599261410162853281
00.0000001861599261410162853281
00.0000001861599261410162853281
00.0000001861599261410162853281
00.0000001861599261410162853281
00.0000001861599261410162853281
00.0000001861599261410162853281
00.0000001861599261410162853281
00.0000001861599261410162853281
00.0000001861599261410162853281
00.0000001861599261410162853281
00.0000001861599261410162853281
00.0000001861599261410162853281
00.0000001861599261410162853281
00.0000001861599261410162853281
00.0000001861599261410162853281
00.0000001861599261410162853281
00.0000001861599261410162853281
00.0000001861599261410162853281
00.0000001861599261410162853281
00.0000001861599261410162853281
00.0000001861599261410162853281
00.0000001861599261410162853281
00.0000001861599261410162853281
00.0000001861599261410162853281
00.0000001861599261410162853281
00.0000001861599261410162853281
00.0000001861599261410162853281
00.0000001861599261410162853281
00.0000001861599261410162853281
00.0000001861599261410162853281
00.0000001861599261410162853281
00.0000001861599261410162853281
00.0000001861599261410162853281
00.0000001861599261410162853281
00.0000001861599261410162853281
00.0000001861599261410162853281
00.0000001861599261410162853281
00.0000001861599261410162853281
00.0000001861599261410162853281
00.0000001861599261410162853281
00.0000001861599261410162853281
00.0000001861599261410162853281
00.0000001861599261410162853281
00.0000001861599261410162853281
00.0000001861599261410162853281
00.0000001861599261410162853281
00.0000001861599261410162853281
00.0000001861599261410162853281
00.0000001861599261410162853281
00.0000001861599261410162853281
00.0000001861599261410162853281
00.0000001861599261410162853281
00.0000001861599261410162853281
00.0000001861599261410162853281
00.0000001861599261410162853281
00.0000001861599261410162853281
00.0000001861599261410162853281
00.0000001861599261410162853281
00.0000001861599261410162853281
00.0000001861599261410162853281
00.0000001861599261410162853281
00.0000001861599261410162853281
00.0000001861599261410162853281
00.0000001861599261410162853281
00.0000001861599261410162853281
00.0000001861599261410162853281
00.0000001861599261410162853281
00.0000001861599261410162853281
00.0000001861599261410162853281
00.0000001861599261410162853281
00.0000001861599261410162853281
00.0000001861599261410162853281
00.0000001861599261410162853281
00.0000001861599261410162853281
00.0000001861599261410162853281
00.0000001861599261410162853281
00.0000001861599261410162853281
00.0000001861599261410162853281
00.0000001861599261410162853281
00.0000001861599261410162853281
00.0000001861599261410162853281
00.0000001861599261410162853281
00.0000001861599261410162853281
00.0000001861599261410162853281
00.0000001861599261410162853281
00.0000001861599261410162853281
00.0000001861599261410162853281
00.0000001861599261410162853281
00.0000001861599261410162853281
00.0000001861599261410162853281
00.0000001861599261410162853281
00.0000001861599261410162853281
00.0000001861599261410162853281
00.0000001861599261410162853281
00.0000001861599261410162853281
00.0000001861599261410162853281
00.0000001861599261410162853281
00.0000001861599261410162853281
00.0000001861599261410162853281
00.0000001861599261410162853281
00.0000001861599261410162853281
00.0000001861599261410162853281
00.0000001861599261410162853281
00.0000001861599261410162853281
00.0000001861599261410162853281
00.0000001861599261410162853281
00.0000001861599261410162853281
00.0000001861599261410162853281
00.0000001861599261410162853281
00.0000001861599261410162853281
00.0000001861599261410162853281
00.0000001861599261410162853281
00.0000001861599261410162853281
00.0000001861599261410162853281
00.0000001861599261410162853281
00.0000001861599261410162853281
00.0000001861599261410162853281
00.0000001861599261410162853281
00.0000001861599261410162853281
00.0000001861599261410162853281
00.0000001861599261410162853281
00.0000001861599261410162853281
00.0000001861599261410162853281
00.0000001861599261410162853281
00.0000001861599261410162853281
00.0000001861599261410162853281
00.0000001861599261410162853281
00.0000001861599261410162853281
00.0000001861599261410162853281
00.0000001861599261410162853281
00.0000001861599261410162853281
00.0000001861599261410162853281
00.0000001861599261410162853281
00.0000001861599261410162853281
00.0000001861599261410162853281
00.0000001861599261410162853281
00.0000001861599261410162853281
00.0000001861599261410162853281
00.0000001861599261410162853281
00.0000001861599261410162853281
00.0000001861599261410162853281
00.0000001861599261410162853281
00.0000001861599261410162853281
00.0000001861599261410162853281
00.0000001861599261410162853281
00.0000001861599261410162853281
00.0000001861599261410162853281
00.0000001861599261410162853281
00.0000001861599261410162853281
00.0000001861599261410162853281
00.0000001861599261410162853281
00.0000001861599261410162853281
00.0000001861599261410162853281
00.0000001861599261410162853281
00.0000001861599261410162853281
00.0000001861599261410162853281
00.0000001861599261410162853281
00.0000001861599261410162853281
00.0000001861599261410162853281
00.0000001861599261410162853281
00.0000001861599261410162853281
00.0000001861599261410162853281
00.0000001861599261410162853281
00.0000001861599261410162853281
00.0000001861599261410162853281
00.0000001861599261410162853281
00.0000001861599261410162853281
00.0000001861599261410162853281
00.0000001861599261410162853281
00.0000001861599261410162853281
00.0000001861599261410162853281
00.0000001861599261410162853281
00.0000001861599261410162853281
00.0000001861599261410162853281
00.0000001861599261410162853281
00.0000001861599261410162853281
00.0000001861599261410162853281
00.0000001861599261410162853281
00.0000001861599261410162853281
00.0000001861599261410162853281
00.0000001861599261410162853281
00.0000001861599261410162853281
00.0000001861599261410162853281
00.0000001861599261410162853281
00.0000001861599261410162853281
00.0000001861599261410162853281
00.0000001861599261410162853281
00.0000001861599261410162853281
00.0000001861599261410162853281
00.0000001861599261410162853281
00.0000001861599261410162853281
00.0000001861599261410162853281
00.0000001861599261410162853281
00.0000001861599261410162853281
00.0000001861599261410162853281
00.0000001861599261410162853281
00.0000001861599261410162853281
00.0000001861599261410162853281
00.0000001861599261410162853281
00.0000001861599261410162853281
00.0000001861599261410162853281
00.0000001861599261410162853281
00.0000001861599261410162853281
00.0000001861599261410162853281
00.0000001861599261410162853281
00.0000001861599261410162853281
00.0000001861599261410162853281
00.0000001861599261410162853281
00.0000001861599261410162853281
00.0000001861599261410162853281
00.0000001861599261410162853281
00.0000001861599261410162853281
00.0000001861599261410162853281
00.0000001861599261410162853281
00.0000001861599261410162853281
00.0000001861599261410162853281
00.0000001861599261410162853281
00.0000001861599261410162853281
00.0000001861599261410162853281
00.0000001861599261410162853281
00.0000001861599261410162853281
00.0000001861599261410162853281
00.0000001861599261410162853281
00.0000001861599261410162853281
00.0000001861599261410162853281
00.0000000300259164198735106766
00.0000000300259164198735106766
00.0000000300259164198735106766
00.0000000300259164198735106766
00.0000000300259164198735106766
00.0000000300259164198735106766
00.0000000300259164198735106766
00.0000000300259164198735106766
00.0000000300259164198735106766
00.0000000300259164198735106766
00.0000000300259164198735106766
00.0000000300259164198735106766
00.0000000300259164198735106766
00.0000000300259164198735106766
00.0000000300259164198735106766
00.0000000300259164198735106766
00.0000000300259164198735106766
00.0000000300259164198735106766
00.0000000300259164198735106766
00.0000000300259164198735106766
00.0000000300259164198735106766
00.0000000300259164198735106766
00.0000000300259164198735106766
00.0000000300259164198735106766
00.0000000300259164198735106766
00.0000000300259164198735106766
00.0000000300259164198735106766
00.0000000300259164198735106766
00.0000000300259164198735106766
00.0000000300259164198735106766
00.0000000300259164198735106766
00.0000000300259164198735106766
00.0000000300259164198735106766
00.0000000300259164198735106766
00.0000000300259164198735106766
00.0000000300259164198735106766
00.0000000300259164198735106766
00.0000000300259164198735106766
00.0000000300259164198735106766
00.0000000300259164198735106766
00.0000000300259164198735106766
00.0000000300259164198735106766
00.0000000300259164198735106766
00.0000000300259164198735106766
00.0000000300259164198735106766
00.0000000300259164198735106766
00.0000000300259164198735106766
00.0000000300259164198735106766
00.0000000300259164198735106766
00.0000000300259164198735106766
00.0000000300259164198735106766
00.0000000300259164198735106766
00.0000000300259164198735106766
00.0000000300259164198735106766
00.0000000300259164198735106766
00.0000000300259164198735106766
00.0000000300259164198735106766
00.0000000300259164198735106766
00.0000000300259164198735106766
00.0000000300259164198735106766
00.0000000300259164198735106766
00.0000000300259164198735106766
00.0000000300259164198735106766
00.0000000300259164198735106766
00.0000000300259164198735106766
00.0000000300259164198735106766
00.0000000300259164198735106766
00.0000000300259164198735106766
00.0000000300259164198735106766
00.0000000300259164198735106766
00.0000000300259164198735106766
00.0000000300259164198735106766
00.0000000300259164198735106766
00.0000000300259164198735106766
00.0000000300259164198735106766
00.0000000300259164198735106766
00.0000000300259164198735106766
00.0000000300259164198735106766
00.0000000300259164198735106766
00.0000000300259164198735106766
00.0000000300259164198735106766
00.0000000300259164198735106766
00.0000000300259164198735106766
00.0000000300259164198735106766
00.0000000300259164198735106766
00.0000000300259164198735106766
00.0000000300259164198735106766
00.0000000300259164198735106766
00.0000000300259164198735106766
00.0000000300259164198735106766
00.0000000300259164198735106766
00.0000000300259164198735106766
00.0000000300259164198735106766
00.0000000300259164198735106766
00.0000000300259164198735106766
00.0000000300259164198735106766
00.0000000300259164198735106766
00.0000000300259164198735106766
00.0000000300259164198735106766
00.0000000300259164198735106766
00.0000000300259164198735106766
00.0000000300259164198735106766
00.0000000300259164198735106766
00.0000000300259164198735106766
00.0000000300259164198735106766
00.0000000300259164198735106766
00.0000000300259164198735106766
00.0000000300259164198735106766
00.0000000300259164198735106766
00.0000000300259164198735106766
00.0000000300259164198735106766
00.0000000300259164198735106766
00.0000000300259164198735106766
00.0000000300259164198735106766
00.0000000300259164198735106766
00.0000000300259164198735106766
00.0000000300259164198735106766
00.0000000300259164198735106766
00.0000000300259164198735106766
00.0000000300259164198735106766
00.0000000300259164198735106766
00.0000000300259164198735106766
00.0000000300259164198735106766
00.0000000300259164198735106766
00.0000000300259164198735106766
00.0000000300259164198735106766
00.0000000300259164198735106766
00.0000000300259164198735106766
00.0000000300259164198735106766
00.0000000300259164198735106766
00.0000000300259164198735106766
00.0000000300259164198735106766
00.0000000300259164198735106766
00.0000000300259164198735106766
00.0000000300259164198735106766
00.0000000300259164198735106766
00.0000000300259164198735106766
00.0000000300259164198735106766
00.0000000300259164198735106766
00.0000000300259164198735106766
00.0000000300259164198735106766
00.0000000300259164198735106766
00.0000000300259164198735106766
00.0000000300259164198735106766
00.0000000300259164198735106766
00.0000000300259164198735106766
00.0000000300259164198735106766
00.0000000300259164198735106766
00.0000000300259164198735106766
00.0000000300259164198735106766
00.0000000300259164198735106766
00.0000000300259164198735106766
00.0000000300259164198735106766
00.0000000300259164198735106766
00.0000000300259164198735106766
00.0000000300259164198735106766
00.0000000300259164198735106766
00.0000000300259164198735106766
00.0000000300259164198735106766
00.0000000300259164198735106766
00.0000000300259164198735106766
00.0000000300259164198735106766
00.0000000300259164198735106766
00.0000000300259164198735106766
00.0000000300259164198735106766
00.0000000300259164198735106766
00.0000000300259164198735106766
00.0000000300259164198735106766
00.0000000300259164198735106766
00.0000000300259164198735106766
00.0000000300259164198735106766
00.0000000300259164198735106766
00.0000000300259164198735106766
00.0000000300259164198735106766
00.0000000300259164198735106766
00.0000000300259164198735106766
00.0000000300259164198735106766
00.0000000300259164198735106766
00.0000000300259164198735106766
00.0000000300259164198735106766
00.0000000300259164198735106766
00.0000000300259164198735106766
00.0000000300259164198735106766
00.0000000300259164198735106766
00.0000000300259164198735106766
00.0000000300259164198735106766
00.0000000300259164198735106766
00.0000000300259164198735106766
00.0000000300259164198735106766
00.0000000300259164198735106766
00.0000000300259164198735106766
00.0000000300259164198735106766
00.0000000300259164198735106766
00.0000000300259164198735106766
00.0000000300259164198735106766
00.0000000300259164198735106766
00.0000000300259164198735106766
00.0000000300259164198735106766
00.0000000300259164198735106766
00.0000000300259164198735106766
00.0000000300259164198735106766
00.0000000300259164198735106766
00.0000000300259164198735106766
00.0000000300259164198735106766
00.0000000300259164198735106766
00.0000000300259164198735106766
00.0000000300259164198735106766
00.0000000300259164198735106766
00.0000000300259164198735106766
00.0000000300259164198735106766
00.0000000300259164198735106766
00.0000000300259164198735106766
00.0000000300259164198735106766
00.0000000300259164198735106766
00.0000000300259164198735106766
00.0000000300259164198735106766
00.0000000300259164198735106766
00.0000000300259164198735106766
00.0000000300259164198735106766
00.0000000300259164198735106766
00.0000000300259164198735106766
00.0000000300259164198735106766
00.0000000300259164198735106766
00.0000000300259164198735106766
00.0000000300259164198735106766
00.0000000300259164198735106766
00.0000000300259164198735106766
00.0000000300259164198735106766
00.0000000300259164198735106766
00.0000000300259164198735106766
00.0000000300259164198735106766
00.0000000300259164198735106766
00.0000000300259164198735106766
00.0000000300259164198735106766
00.0000000300259164198735106766
00.0000000300259164198735106766
00.0000000300259164198735106766
00.0000000300259164198735106766
00.0000000300259164198735106766
00.0000000300259164198735106766
00.0000000300259164198735106766
00.0000000300259164198735106766
00.0000000300259164198735106766
00.0000000300259164198735106766
00.0000000300259164198735106766
00.0000000300259164198735106766
00.0000000300259164198735106766
00.0000000300259164198735106766
00.0000000300259164198735106766
00.0000000300259164198735106766
00.0000000300259164198735106766
00.0000000300259164198735106766
00.0000000300259164198735106766
00.0000000300259164198735106766
00.0000000300259164198735106766
00.0000000300259164198735106766
00.0000000300259164198735106766
00.0000000300259164198735106766
00.0000000300259164198735106766
00.0000000300259164198735106766
00.0000000300259164198735106766
00.0000000300259164198735106766
00.0000000300259164198735106766
00.0000000300259164198735106766
00.0000000300259164198735106766
00.0000000300259164198735106766
00.0000000300259164198735106766
00.0000000300259164198735106766
00.0000000300259164198735106766
00.0000000300259164198735106766
00.0000000300259164198735106766
00.0000000300259164198735106766
00.0000000300259164198735106766
00.0000000300259164198735106766
00.0000000300259164198735106766
00.0000000300259164198735106766
00.0000000300259164198735106766
00.0000000300259164198735106766
00.0000000300259164198735106766
00.0000000300259164198735106766
00.0000000300259164198735106766
00.0000000300259164198735106766
00.0000000300259164198735106766
00.0000000300259164198735106766
00.0000000300259164198735106766
00.0000000300259164198735106766
00.0000000300259164198735106766
00.0000000300259164198735106766
00.0000000300259164198735106766
00.0000000300259164198735106766
00.0000000300259164198735106766
00.0000000300259164198735106766
00.0000000300259164198735106766
00.0000000300259164198735106766
00.0000000300259164198735106766
00.0000000300259164198735106766
00.0000000300259164198735106766
00.0000000300259164198735106766
00.0000000300259164198735106766
00.0000000300259164198735106766
00.0000000300259164198735106766
00.0000000300259164198735106766
00.0000000300259164198735106766
00.0000000300259164198735106766
00.0000000300259164198735106766
00.0000000300259164198735106766
00.0000000300259164198735106766
00.0000000300259164198735106766
00.0000000300259164198735106766
00.0000000300259164198735106766
00.0000000300259164198735106766
00.0000000300259164198735106766
00.0000000300259164198735106766
00.0000000300259164198735106766
00.0000000300259164198735106766
00.0000000300259164198735106766
00.0000000300259164198735106766
00.0000000300259164198735106766
00.0000000300259164198735106766
00.0000000300259164198735106766
00.0000000300259164198735106766
00.0000000300259164198735106766
00.0000000300259164198735106766
00.0000000300259164198735106766
00.0000000300259164198735106766
00.0000000300259164198735106766
00.0000000300259164198735106766
00.0000000300259164198735106766
00.0000000300259164198735106766
00.0000000300259164198735106766
00.0000000300259164198735106766
00.0000000300259164198735106766
00.0000000300259164198735106766
00.0000000300259164198735106766
00.0000000300259164198735106766
00.0000000300259164198735106766
00.0000000300259164198735106766
00.0000000300259164198735106766
00.0000000300259164198735106766
00.0000000300259164198735106766
00.0000000300259164198735106766
00.0000000300259164198735106766
00.0000000300259164198735106766
00.0000000300259164198735106766
00.0000000300259164198735106766
00.0000000300259164198735106766
00.0000000300259164198735106766
00.0000000300259164198735106766
00.0000000300259164198735106766
00.0000000300259164198735106766
00.0000000300259164198735106766
00.0000000300259164198735106766
00.0000000300259164198735106766
00.0000000300259164198735106766
00.0000000300259164198735106766
00.0000000300259164198735106766
00.0000000300259164198735106766
00.0000000300259164198735106766
00.0000000300259164198735106766
00.0000000300259164198735106766
00.0000000300259164198735106766
00.0000000300259164198735106766
00.0000000300259164198735106766
00.0000000300259164198735106766
00.0000000300259164198735106766
00.0000000300259164198735106766
00.0000000300259164198735106766
00.0000000300259164198735106766
00.0000000300259164198735106766
00.0000000300259164198735106766
00.0000000300259164198735106766
00.0000000300259164198735106766
00.0000000300259164198735106766
00.0000000300259164198735106766
00.0000000300259164198735106766
00.0000000300259164198735106766
00.0000000300259164198735106766
00.0000000300259164198735106766
00.0000000300259164198735106766
00.0000000300259164198735106766
00.0000000300259164198735106766
00.0000000300259164198735106766
00.0000000300259164198735106766
00.0000000300259164198735106766
00.0000000300259164198735106766
00.0000000300259164198735106766
00.0000000300259164198735106766
00.0000000300259164198735106766
00.0000000300259164198735106766
00.0000000300259164198735106766
00.0000000300259164198735106766
00.0000000300259164198735106766
00.0000000300259164198735106766
00.0000000300259164198735106766
00.0000000300259164198735106766
00.0000000300259164198735106766
00.0000000300259164198735106766
00.0000000300259164198735106766
00.0000000300259164198735106766
00.0000000300259164198735106766
00.0000000300259164198735106766
00.0000000300259164198735106766
00.0000000300259164198735106766
00.0000000300259164198735106766
00.0000000300259164198735106766
00.0000000300259164198735106766
00.0000000300259164198735106766
00.0000000300259164198735106766
00.0000000300259164198735106766
00.0000000300259164198735106766
00.0000000300259164198735106766
00.0000000300259164198735106766
00.0000000300259164198735106766
00.0000000300259164198735106766
00.0000000300259164198735106766
00.0000000300259164198735106766
00.0000000300259164198735106766
00.0000000300259164198735106766
00.0000000300259164198735106766
00.0000000300259164198735106766
00.0000000300259164198735106766
00.0000000300259164198735106766
00.0000000300259164198735106766
00.0000000300259164198735106766
00.0000000300259164198735106766
00.0000000300259164198735106766
00.0000000300259164198735106766
00.0000000300259164198735106766
00.0000000300259164198735106766
00.0000000300259164198735106766
00.0000000300259164198735106766
00.0000000300259164198735106766
00.0000000300259164198735106766
00.0000000300259164198735106766
00.0000000300259164198735106766
00.0000000300259164198735106766
00.0000000300259164198735106766
00.0000000300259164198735106766
00.0000000300259164198735106766
00.0000000300259164198735106766
00.0000000300259164198735106766
00.0000000300259164198735106766
00.0000000300259164198735106766
00.0000000300259164198735106766
00.0000000300259164198735106766
00.0000000300259164198735106766
00.0000000300259164198735106766
00.0000000300259164198735106766
00.0000000300259164198735106766
00.0000000300259164198735106766
00.0000000300259164198735106766
00.0000000300259164198735106766
00.0000000300259164198735106766
00.0000000300259164198735106766
00.0000000300259164198735106766
00.0000000300259164198735106766
00.0000000300259164198735106766
00.0000000300259164198735106766
00.0000000300259164198735106766
00.0000000300259164198735106766
00.0000000300259164198735106766
00.0000000300259164198735106766
00.0000000300259164198735106766
00.0000000300259164198735106766
00.0000000300259164198735106766
00.0000000300259164198735106766
00.0000000300259164198735106766
00.0000000300259164198735106766
00.0000000300259164198735106766
00.0000000300259164198735106766
00.0000000300259164198735106766
00.0000000300259164198735106766
00.0000000300259164198735106766
00.0000000300259164198735106766
00.0000000300259164198735106766
00.0000000300259164198735106766
00.0000000300259164198735106766
00.0000000300259164198735106766
00.0000000300259164198735106766
00.0000000300259164198735106766
00.0000000300259164198735106766
00.0000000300259164198735106766
00.0000000300259164198735106766
00.0000000300259164198735106766
00.0000000300259164198735106766
00.0000000300259164198735106766
00.0000000300259164198735106766
00.0000000300259164198735106766
00.0000000300259164198735106766
00.0000000300259164198735106766
00.0000000300259164198735106766
00.0000000300259164198735106766
00.0000000300259164198735106766
00.0000000300259164198735106766
00.0000000300259164198735106766
00.0000000300259164198735106766
00.0000000300259164198735106766
00.0000000300259164198735106766
00.0000000300259164198735106766
00.0000000300259164198735106766
00.0000000300259164198735106766
00.0000000300259164198735106766
00.0000000300259164198735106766
00.0000000300259164198735106766
00.0000000300259164198735106766
00.0000000300259164198735106766
00.0000000300259164198735106766
00.0000000300259164198735106766
00.0000000300259164198735106766
00.0000000300259164198735106766
00.0000000300259164198735106766
00.0000000300259164198735106766
00.0000000300259164198735106766
00.0000000300259164198735106766
00.0000000300259164198735106766
00.0000000300259164198735106766
00.0000000300259164198735106766
00.0000000300259164198735106766
00.0000000300259164198735106766
00.0000000300259164198735106766
00.0000000300259164198735106766
00.0000000300259164198735106766
00.0000000300259164198735106766
00.0000000300259164198735106766
00.0000000300259164198735106766
00.0000000300259164198735106766
00.0000000300259164198735106766
00.0000000300259164198735106766
00.0000000300259164198735106766
00.0000000300259164198735106766
00.0000000300259164198735106766
00.0000000300259164198735106766
00.0000000300259164198735106766
00.0000000300259164198735106766
00.0000000300259164198735106766
00.0000000300259164198735106766
00.0000000300259164198735106766
00.0000000300259164198735106766
00.0000000300259164198735106766
00.0000000300259164198735106766
00.0000000300259164198735106766
00.0000000300259164198735106766
00.0000000300259164198735106766
00.0000000300259164198735106766
00.0000000300259164198735106766
00.0000000300259164198735106766
00.0000000300259164198735106766
00.0000000300259164198735106766
00.0000000300259164198735106766
00.0000000300259164198735106766
00.0000000300259164198735106766
00.0000000300259164198735106766
00.0000000300259164198735106766
00.0000000300259164198735106766
00.0000000300259164198735106766
00.0000000300259164198735106766
00.0000000300259164198735106766
00.0000000300259164198735106766
00.0000000300259164198735106766
00.0000000300259164198735106766
00.0000000300259164198735106766
00.0000000300259164198735106766
00.0000000300259164198735106766
00.0000000300259164198735106766
00.0000000300259164198735106766
00.0000000300259164198735106766
00.0000000300259164198735106766
00.0000000300259164198735106766
00.0000000300259164198735106766
00.0000000300259164198735106766
00.0000000300259164198735106766
00.0000000300259164198735106766
00.0000000300259164198735106766
00.0000000300259164198735106766
00.0000000300259164198735106766
00.0000000300259164198735106766
00.0000000300259164198735106766
00.0000000300259164198735106766
00.0000000300259164198735106766
00.0000000300259164198735106766
00.0000000300259164198735106766
00.0000000300259164198735106766
00.0000000300259164198735106766
00.0000000300259164198735106766
00.0000000300259164198735106766
00.0000000300259164198735106766
00.0000000300259164198735106766
00.0000000300259164198735106766
00.0000000300259164198735106766
00.0000000300259164198735106766
00.0000000300259164198735106766
00.0000000300259164198735106766
00.0000000300259164198735106766
00.0000000300259164198735106766
00.0000000300259164198735106766
00.0000000300259164198735106766
00.0000000300259164198735106766
00.0000000300259164198735106766
00.0000000300259164198735106766
00.0000000300259164198735106766
00.0000000300259164198735106766
00.0000000300259164198735106766
00.0000000300259164198735106766
00.0000000300259164198735106766
00.0000000300259164198735106766
00.0000000300259164198735106766
00.0000000300259164198735106766
00.0000000300259164198735106766
00.0000000300259164198735106766
00.0000000300259164198735106766
00.0000000300259164198735106766
00.0000000300259164198735106766
00.0000000300259164198735106766
00.0000000300259164198735106766
00.0000000300259164198735106766
00.0000000300259164198735106766
00.0000000300259164198735106766
00.0000000300259164198735106766
00.0000000300259164198735106766
00.0000000300259164198735106766
00.0000000300259164198735106766
00.0000000300259164198735106766
00.0000000300259164198735106766
00.0000000300259164198735106766
00.0000000300259164198735106766
00.0000000300259164198735106766
00.0000000300259164198735106766
00.0000000300259164198735106766
00.0000000300259164198735106766
00.0000000300259164198735106766
00.0000000300259164198735106766
00.0000000300259164198735106766
00.0000000300259164198735106766
00.0000000300259164198735106766
00.0000000300259164198735106766
00.0000000300259164198735106766
00.0000000300259164198735106766
00.0000000300259164198735106766
00.0000000300259164198735106766
00.0000000300259164198735106766
00.0000000300259164198735106766
00.0000000300259164198735106766
00.0000000300259164198735106766
00.0000000300259164198735106766
00.0000000300259164198735106766
00.0000000300259164198735106766
00.0000000300259164198735106766
00.0000000300259164198735106766
00.0000000300259164198735106766
00.0000000300259164198735106766
00.0000000300259164198735106766
00.0000000300259164198735106766
00.0000000300259164198735106766
00.0000000300259164198735106766
00.0000000300259164198735106766
00.0000000300259164198735106766
00.0000000300259164198735106766
00.0000000300259164198735106766
00.0000000300259164198735106766
00.0000000300259164198735106766
00.0000000300259164198735106766
00.0000000300259164198735106766
00.0000000300259164198735106766
00.0000000300259164198735106766
00.0000000300259164198735106766
00.0000000300259164198735106766
00.0000000300259164198735106766
00.0000000300259164198735106766
00.0000000300259164198735106766
00.0000000300259164198735106766
00.0000000300259164198735106766
00.0000000300259164198735106766
00.0000000300259164198735106766
00.0000000300259164198735106766
00.0000000300259164198735106766
00.0000000300259164198735106766
00.0000000300259164198735106766
00.0000000300259164198735106766
00.0000000300259164198735106766
00.0000000300259164198735106766
00.0000000300259164198735106766
00.0000000300259164198735106766
00.0000000300259164198735106766
00.0000000300259164198735106766
00.0000000300259164198735106766
00.0000000300259164198735106766
00.0000000300259164198735106766
00.0000000300259164198735106766
00.0000000300259164198735106766
00.0000000300259164198735106766
00.0000000300259164198735106766
00.0000000300259164198735106766
00.0000000300259164198735106766
00.0000000300259164198735106766
00.0000000300259164198735106766
00.0000000300259164198735106766
00.0000000300259164198735106766
00.0000000300259164198735106766
00.0000000300259164198735106766
00.0000000300259164198735106766
00.0000000300259164198735106766
00.0000000300259164198735106766
00.0000000300259164198735106766
00.0000000300259164198735106766
00.0000000300259164198735106766
00.0000000300259164198735106766
00.0000000300259164198735106766
00.0000000300259164198735106766
00.0000000300259164198735106766
00.0000000300259164198735106766
00.0000000300259164198735106766
00.0000000300259164198735106766
00.0000000300259164198735106766
00.0000000300259164198735106766
00.0000000300259164198735106766
00.0000000300259164198735106766
00.0000000300259164198735106766
00.0000000300259164198735106766
00.0000000300259164198735106766
00.0000000300259164198735106766
00.0000000300259164198735106766
00.0000000300259164198735106766
00.0000000300259164198735106766
00.0000000300259164198735106766
00.0000000300259164198735106766
00.0000000300259164198735106766
00.0000000300259164198735106766
00.0000000300259164198735106766
00.0000000300259164198735106766
00.0000000300259164198735106766
00.0000000300259164198735106766
00.0000000300259164198735106766
00.0000000300259164198735106766
00.0000000300259164198735106766
00.0000000300259164198735106766
00.0000000300259164198735106766
00.0000000300259164198735106766
00.0000000300259164198735106766
00.0000000300259164198735106766
00.0000000300259164198735106766
00.0000000300259164198735106766
00.0000000300259164198735106766
00.0000000300259164198735106766
00.0000000300259164198735106766
00.0000000300259164198735106766
00.0000000300259164198735106766
00.0000000300259164198735106766
00.0000000300259164198735106766
00.0000000300259164198735106766
00.0000000300259164198735106766
00.0000000300259164198735106766
00.0000000300259164198735106766
00.0000000300259164198735106766
00.0000000300259164198735106766
00.0000000300259164198735106766
00.0000000300259164198735106766
00.0000000300259164198735106766
00.0000000300259164198735106766
00.0000000300259164198735106766
00.0000000300259164198735106766
00.0000000300259164198735106766
00.0000000300259164198735106766
00.0000000300259164198735106766
00.0000000300259164198735106766
00.0000000300259164198735106766
00.0000000300259164198735106766
00.0000000300259164198735106766
00.0000000300259164198735106766
00.0000000300259164198735106766
00.0000000300259164198735106766
00.0000000300259164198735106766
00.0000000300259164198735106766
00.0000000300259164198735106766
00.0000000300259164198735106766
00.0000000300259164198735106766
00.0000000300259164198735106766
00.0000000300259164198735106766
00.0000000300259164198735106766
00.0000000300259164198735106766
00.0000000300259164198735106766
00.0000000300259164198735106766
00.0000000300259164198735106766
00.0000000300259164198735106766
00.0000000300259164198735106766
00.0000000300259164198735106766
00.0000000300259164198735106766
00.0000000300259164198735106766
00.0000000300259164198735106766
00.0000000300259164198735106766
00.0000000300259164198735106766
00.0000000300259164198735106766
00.0000000300259164198735106766
00.0000000300259164198735106766
00.0000000300259164198735106766
00.0000000300259164198735106766
00.0000000300259164198735106766
00.0000000300259164198735106766
00.0000000300259164198735106766
00.0000000300259164198735106766
00.0000000300259164198735106766
00.0000000300259164198735106766
00.0000000300259164198735106766
00.0000000300259164198735106766
00.0000000300259164198735106766
00.0000000300259164198735106766
00.0000000300259164198735106766
00.0000000300259164198735106766
00.0000000300259164198735106766
00.0000000300259164198735106766
00.0000000300259164198735106766
00.0000000300259164198735106766
00.0000000300259164198735106766
00.0000000300259164198735106766
00.0000000300259164198735106766
00.0000000300259164198735106766
00.0000000300259164198735106766
00.0000000300259164198735106766
00.0000000300259164198735106766
00.0000000300259164198735106766
00.0000000300259164198735106766
00.0000000300259164198735106766
00.0000000300259164198735106766
00.0000000300259164198735106766
00.0000000300259164198735106766
00.0000000300259164198735106766
00.0000000300259164198735106766
00.0000000300259164198735106766
00.0000000300259164198735106766
00.0000000300259164198735106766
00.0000000300259164198735106766
00.0000000300259164198735106766
00.0000000300259164198735106766
00.0000000300259164198735106766
00.0000000300259164198735106766
00.0000000300259164198735106766
00.0000000300259164198735106766
00.0000000300259164198735106766
00.0000000300259164198735106766
00.0000000300259164198735106766
00.0000000300259164198735106766
00.0000000300259164198735106766
00.0000000300259164198735106766
00.0000000300259164198735106766
00.0000000300259164198735106766
00.0000000300259164198735106766
00.0000000300259164198735106766
00.0000000300259164198735106766
00.0000000300259164198735106766
00.0000000300259164198735106766
00.0000000300259164198735106766
00.0000000300259164198735106766
00.0000000300259164198735106766
00.0000000300259164198735106766
00.0000000300259164198735106766
00.0000000300259164198735106766
00.0000000300259164198735106766
00.0000000300259164198735106766
00.0000000300259164198735106766
00.0000000300259164198735106766
00.0000000300259164198735106766
00.0000000300259164198735106766
00.0000000300259164198735106766
00.0000000300259164198735106766
00.0000000300259164198735106766
00.0000000300259164198735106766
00.0000000300259164198735106766
00.0000000300259164198735106766
00.0000000300259164198735106766
00.0000000300259164198735106766
00.0000000300259164198735106766
00.0000000300259164198735106766
00.0000000300259164198735106766
00.0000000300259164198735106766
00.0000000300259164198735106766
00.0000000300259164198735106766
00.0000000300259164198735106766
00.0000000300259164198735106766
00.0000000300259164198735106766
00.0000000300259164198735106766
00.0000000300259164198735106766
00.0000000300259164198735106766
00.0000000300259164198735106766
00.0000000300259164198735106766
00.0000000300259164198735106766
00.0000000300259164198735106766
00.0000000300259164198735106766
00.0000000300259164198735106766
00.0000000300259164198735106766
00.0000000300259164198735106766
00.0000000300259164198735106766
00.0000000300259164198735106766
00.0000000300259164198735106766
00.0000000300259164198735106766
00.0000000300259164198735106766
00.0000000300259164198735106766
00.0000000300259164198735106766
00.0000000300259164198735106766
00.0000000300259164198735106766
00.0000000300259164198735106766
00.0000000300259164198735106766
00.0000000300259164198735106766
00.0000000300259164198735106766
00.0000000300259164198735106766
00.0000000300259164198735106766
00.0000000300259164198735106766
00.0000000300259164198735106766
00.0000000300259164198735106766
00.0000000300259164198735106766
00.0000000300259164198735106766
00.0000000300259164198735106766
00.0000000300259164198735106766
00.0000000300259164198735106766
00.0000000300259164198735106766
00.0000000300259164198735106766
00.0000000300259164198735106766
00.0000000300259164198735106766
00.0000000300259164198735106766
00.0000000300259164198735106766
00.0000000300259164198735106766
00.0000000300259164198735106766
00.0000000300259164198735106766
00.0000000300259164198735106766
00.0000000300259164198735106766
00.0000000300259164198735106766
00.0000000300259164198735106766
00.0000000300259164198735106766
00.0000000300259164198735106766
00.0000000300259164198735106766
00.0000000300259164198735106766
00.0000000300259164198735106766
00.0000000300259164198735106766
00.0000000300259164198735106766
00.0000000300259164198735106766
00.0000000300259164198735106766
00.0000000300259164198735106766
00.0000000300259164198735106766
00.0000000300259164198735106766
00.0000000300259164198735106766
00.0000000300259164198735106766
00.0000000300259164198735106766
00.0000000300259164198735106766
00.0000000300259164198735106766
00.0000000300259164198735106766
00.0000000300259164198735106766
00.0000000300259164198735106766
00.0000000300259164198735106766
00.0000000300259164198735106766
00.0000000300259164198735106766
00.0000000300259164198735106766
00.0000000300259164198735106766
00.0000000300259164198735106766
00.0000000300259164198735106766
00.0000000300259164198735106766
00.0000000300259164198735106766
00.0000000300259164198735106766
00.0000000300259164198735106766
00.0000000300259164198735106766
00.0000000300259164198735106766
00.0000000300259164198735106766
00.0000000300259164198735106766
00.0000000300259164198735106766
00.0000000300259164198735106766
00.0000000300259164198735106766
00.0000000300259164198735106766
00.0000000300259164198735106766
00.0000000300259164198735106766
00.0000000300259164198735106766
00.0000000300259164198735106766
00.0000000300259164198735106766
00.0000000300259164198735106766
00.0000000300259164198735106766
00.0000000300259164198735106766
00.0000000300259164198735106766
00.0000000300259164198735106766
00.0000000300259164198735106766
00.0000000300259164198735106766
00.0000000300259164198735106766
00.0000000300259164198735106766
00.0000000300259164198735106766
00.0000000300259164198735106766
00.0000000300259164198735106766
00.0000000300259164198735106766
00.0000000300259164198735106766
00.0000000300259164198735106766
00.0000000300259164198735106766
00.0000000300259164198735106766
00.0000000300259164198735106766
00.0000000300259164198735106766
00.0000000300259164198735106766
00.0000000300259164198735106766
00.0000000300259164198735106766
00.0000000300259164198735106766
00.0000000300259164198735106766
00.0000000300259164198735106766
00.0000000300259164198735106766
00.0000000300259164198735106766
00.0000000300259164198735106766
00.0000000300259164198735106766
00.0000000300259164198735106766
00.0000000300259164198735106766
00.0000000326008613438233396664
00.0000000326008613438233396664
00.0000000326008613438233396664
00.0000000326008613438233396664
00.0000000326008613438233396664
00.0000000326008613438233396664
00.0000000326008613438233396664
00.0000000326008613438233396664
00.0000000326008613438233396664
00.0000000326008613438233396664
00.0000000326008613438233396664
00.0000000326008613438233396664
00.0000000326008613438233396664
00.0000000326008613438233396664
00.0000000326008613438233396664
00.0000000326008613438233396664
00.0000000326008613438233396664
00.0000000326008613438233396664
00.0000000326008613438233396664
00.0000000326008613438233396664
00.0000000326008613438233396664
00.0000000326008613438233396664
00.0000000326008613438233396664
00.0000000326008613438233396664
00.0000000326008613438233396664
00.0000000326008613438233396664
00.0000000326008613438233396664
00.0000000326008613438233396664
00.0000000326008613438233396664
00.0000000326008613438233396664
00.0000000326008613438233396664
00.0000000326008613438233396664
00.0000000326008613438233396664
00.0000000326008613438233396664
00.0000000326008613438233396664
00.0000000326008613438233396664
00.0000000326008613438233396664
00.0000000326008613438233396664
00.0000000326008613438233396664
00.0000000326008613438233396664
00.0000000326008613438233396664
00.0000000326008613438233396664
00.0000000326008613438233396664
00.0000000326008613438233396664
00.0000000326008613438233396664
00.0000000326008613438233396664
00.0000000326008613438233396664
00.0000000326008613438233396664
00.0000000326008613438233396664
00.0000000326008613438233396664
00.0000000326008613438233396664
00.0000000326008613438233396664
00.0000000326008613438233396664
00.0000000326008613438233396664
00.0000000326008613438233396664
00.0000000326008613438233396664
00.0000000326008613438233396664
00.0000000326008613438233396664
00.0000000326008613438233396664
00.0000000326008613438233396664
00.0000000326008613438233396664
00.0000000326008613438233396664
00.0000000326008613438233396664
00.0000000326008613438233396664
00.0000000326008613438233396664
00.0000000326008613438233396664
00.0000000326008613438233396664
00.0000000326008613438233396664
00.0000000326008613438233396664
00.0000000326008613438233396664
00.0000000326008613438233396664
00.0000000326008613438233396664
00.0000000326008613438233396664
00.0000000326008613438233396664
00.0000000326008613438233396664
00.0000000326008613438233396664
00.0000000326008613438233396664
00.0000000326008613438233396664
00.0000000326008613438233396664
00.0000000326008613438233396664
00.0000000326008613438233396664
00.0000000326008613438233396664
00.0000000326008613438233396664
00.0000000326008613438233396664
00.0000000326008613438233396664
00.0000000326008613438233396664
00.0000000326008613438233396664
00.0000000326008613438233396664
00.0000000326008613438233396664
00.0000000326008613438233396664
00.0000000326008613438233396664
00.0000000326008613438233396664
00.0000000326008613438233396664
00.0000000326008613438233396664
00.0000000326008613438233396664
00.0000000326008613438233396664
00.0000000326008613438233396664
00.0000000326008613438233396664
00.0000000326008613438233396664
00.0000000326008613438233396664
00.0000000326008613438233396664
00.0000000326008613438233396664
00.0000000326008613438233396664
00.0000000326008613438233396664
00.0000000326008613438233396664
00.0000000326008613438233396664
00.0000000326008613438233396664
00.0000000326008613438233396664
00.0000000326008613438233396664
00.0000000326008613438233396664
00.0000000326008613438233396664
00.0000000326008613438233396664
00.0000000326008613438233396664
00.0000000326008613438233396664
00.0000000326008613438233396664
00.0000000326008613438233396664
00.0000000326008613438233396664
00.0000000326008613438233396664
00.0000000326008613438233396664
00.0000000326008613438233396664
00.0000000326008613438233396664
00.0000000326008613438233396664
00.0000000326008613438233396664
00.0000000326008613438233396664
00.0000000326008613438233396664
00.0000000326008613438233396664
00.0000000326008613438233396664
00.0000000326008613438233396664
00.0000000326008613438233396664
00.0000000326008613438233396664
00.0000000326008613438233396664
00.0000000326008613438233396664
00.0000000326008613438233396664
00.0000000326008613438233396664
00.0000000326008613438233396664
00.0000000326008613438233396664
00.0000000326008613438233396664
00.0000000326008613438233396664
00.0000000326008613438233396664
00.0000000326008613438233396664
00.0000000326008613438233396664
00.0000000326008613438233396664
00.0000000326008613438233396664
00.0000000326008613438233396664
00.0000000326008613438233396664
00.0000000326008613438233396664
00.0000000326008613438233396664
00.0000000326008613438233396664
00.0000000326008613438233396664
00.0000000326008613438233396664
00.0000000326008613438233396664
00.0000000326008613438233396664
00.0000000326008613438233396664
00.0000000326008613438233396664
00.0000000326008613438233396664
00.0000000326008613438233396664
00.0000000326008613438233396664
00.0000000326008613438233396664
00.0000000326008613438233396664
00.0000000326008613438233396664
00.0000000326008613438233396664
00.0000000326008613438233396664
00.0000000326008613438233396664
00.0000000326008613438233396664
00.0000000326008613438233396664
00.0000000326008613438233396664
00.0000000326008613438233396664
00.0000000326008613438233396664
00.0000000326008613438233396664
00.0000000326008613438233396664
00.0000000326008613438233396664
00.0000000326008613438233396664
00.0000000326008613438233396664
00.0000000326008613438233396664
00.0000000326008613438233396664
00.0000000326008613438233396664
00.0000000326008613438233396664
00.0000000326008613438233396664
00.0000000326008613438233396664
00.0000000326008613438233396664
00.0000000326008613438233396664
00.0000000326008613438233396664
00.0000000326008613438233396664
00.0000000326008613438233396664
00.0000000326008613438233396664
00.0000000326008613438233396664
00.0000000326008613438233396664
00.0000000326008613438233396664
00.0000000326008613438233396664
00.0000000326008613438233396664
00.0000000326008613438233396664
00.0000000326008613438233396664
00.0000000326008613438233396664
00.0000000326008613438233396664
00.0000000326008613438233396664
00.0000000326008613438233396664
00.0000000326008613438233396664
00.0000000326008613438233396664
00.0000000326008613438233396664
00.0000000326008613438233396664
00.0000000326008613438233396664
00.0000000326008613438233396664
00.0000000326008613438233396664
00.0000000326008613438233396664
00.0000000326008613438233396664
00.0000000326008613438233396664
00.0000000326008613438233396664
00.0000000326008613438233396664
00.0000000326008613438233396664
00.0000000326008613438233396664
00.0000000326008613438233396664
00.0000000326008613438233396664
00.0000000326008613438233396664
00.0000000326008613438233396664
00.0000000326008613438233396664
00.0000000326008613438233396664
00.0000000326008613438233396664
00.0000000326008613438233396664
00.0000000326008613438233396664
00.0000000326008613438233396664
00.0000000326008613438233396664
00.0000000326008613438233396664
00.0000000326008613438233396664
00.0000000326008613438233396664
00.0000000326008613438233396664
00.0000000326008613438233396664
00.0000000326008613438233396664
00.0000000326008613438233396664
00.0000000326008613438233396664
00.0000000326008613438233396664
00.0000000326008613438233396664
00.0000000326008613438233396664
00.0000000326008613438233396664
00.0000000326008613438233396664
00.0000000326008613438233396664
00.0000000326008613438233396664
00.0000000326008613438233396664
00.0000000326008613438233396664
00.0000000326008613438233396664
00.0000000326008613438233396664
00.0000000326008613438233396664
00.0000000326008613438233396664
00.0000000326008613438233396664
00.0000000326008613438233396664
00.0000000326008613438233396664
00.0000000326008613438233396664
00.0000000326008613438233396664
00.0000000326008613438233396664
00.0000000326008613438233396664
00.0000000326008613438233396664
00.0000000326008613438233396664
00.0000000326008613438233396664
00.0000000326008613438233396664
00.0000000326008613438233396664
00.0000000326008613438233396664
00.0000000326008613438233396664
00.0000000326008613438233396664
00.0000000326008613438233396664
00.0000000326008613438233396664
00.0000000326008613438233396664
00.0000000326008613438233396664
00.0000000326008613438233396664
00.0000000326008613438233396664
00.0000000326008613438233396664
00.0000000326008613438233396664
00.0000000326008613438233396664
00.0000000326008613438233396664
00.0000000326008613438233396664
00.0000000326008613438233396664
00.0000000326008613438233396664
00.0000000326008613438233396664
00.0000000326008613438233396664
00.0000000326008613438233396664
00.0000000326008613438233396664
00.0000000326008613438233396664
00.0000000326008613438233396664
00.0000000326008613438233396664
00.0000000326008613438233396664
00.0000000326008613438233396664
00.0000000326008613438233396664
00.0000000326008613438233396664
00.0000000326008613438233396664
00.0000000326008613438233396664
00.0000000326008613438233396664
00.0000000326008613438233396664
00.0000000326008613438233396664
00.0000000326008613438233396664
00.0000000326008613438233396664
00.0000000326008613438233396664
00.0000000326008613438233396664
00.0000000326008613438233396664
00.0000000326008613438233396664
00.0000000326008613438233396664
00.0000000326008613438233396664
00.0000000326008613438233396664
00.0000000326008613438233396664
00.0000000326008613438233396664
00.0000000326008613438233396664
00.0000000326008613438233396664
00.0000000326008613438233396664
00.0000000326008613438233396664
00.0000000326008613438233396664
00.0000000326008613438233396664
00.0000000326008613438233396664
00.0000000326008613438233396664
00.0000000326008613438233396664
00.0000000326008613438233396664
00.0000000326008613438233396664
00.0000000326008613438233396664
00.0000000326008613438233396664
00.0000000326008613438233396664
00.0000000326008613438233396664
00.0000000326008613438233396664
00.0000000326008613438233396664
00.0000000326008613438233396664
00.0000000326008613438233396664
00.0000000326008613438233396664
00.0000000326008613438233396664
00.0000000326008613438233396664
00.0000000326008613438233396664
00.0000000326008613438233396664
00.0000000326008613438233396664
00.0000000326008613438233396664
00.0000000326008613438233396664
00.0000000326008613438233396664
00.0000000326008613438233396664
00.0000000326008613438233396664
00.0000000326008613438233396664
00.0000000326008613438233396664
00.0000000326008613438233396664
00.0000000326008613438233396664
00.0000000326008613438233396664
00.0000000326008613438233396664
00.0000000326008613438233396664
00.0000000326008613438233396664
00.0000000326008613438233396664
00.0000000326008613438233396664
00.0000000326008613438233396664
00.0000000326008613438233396664
00.0000000326008613438233396664
00.0000000326008613438233396664
00.0000000326008613438233396664
00.0000000326008613438233396664
00.0000000326008613438233396664
00.0000000326008613438233396664
00.0000000326008613438233396664
00.0000000326008613438233396664
00.0000000326008613438233396664
00.0000000326008613438233396664
00.0000000326008613438233396664
00.0000000326008613438233396664
00.0000000326008613438233396664
00.0000000326008613438233396664
00.0000000326008613438233396664
00.0000000326008613438233396664
00.0000000326008613438233396664
00.0000000326008613438233396664
00.0000000326008613438233396664
00.0000000326008613438233396664
00.0000000326008613438233396664
00.0000000326008613438233396664
00.0000000326008613438233396664
00.0000000326008613438233396664
00.0000000326008613438233396664
00.0000000326008613438233396664
00.0000000326008613438233396664
00.0000000326008613438233396664
00.0000000326008613438233396664
00.0000000326008613438233396664
00.0000000326008613438233396664
00.0000000326008613438233396664
00.0000000326008613438233396664
00.0000000326008613438233396664
00.0000000326008613438233396664
00.0000000326008613438233396664
00.0000000326008613438233396664
00.0000000326008613438233396664
00.0000000326008613438233396664
00.0000000326008613438233396664
00.0000000326008613438233396664
00.0000000326008613438233396664
00.0000000326008613438233396664
00.0000000326008613438233396664
00.0000000326008613438233396664
00.0000000326008613438233396664
00.0000000326008613438233396664
00.0000000326008613438233396664
00.0000000326008613438233396664
00.0000000326008613438233396664
00.0000000326008613438233396664
00.0000000326008613438233396664
00.0000000326008613438233396664
00.0000000326008613438233396664
00.0000000326008613438233396664
00.0000000326008613438233396664
00.0000000326008613438233396664
00.0000000326008613438233396664
00.0000000326008613438233396664
00.0000000326008613438233396664
00.0000000326008613438233396664
00.0000000326008613438233396664
00.0000000326008613438233396664
00.0000000326008613438233396664
00.0000000326008613438233396664
00.0000000326008613438233396664
00.0000000326008613438233396664
00.0000000326008613438233396664
00.0000000326008613438233396664
00.0000000326008613438233396664
00.0000000326008613438233396664
00.0000000326008613438233396664
00.0000000326008613438233396664
00.0000000326008613438233396664
00.0000000326008613438233396664
00.0000000326008613438233396664
00.0000000326008613438233396664
00.0000000326008613438233396664
00.0000000326008613438233396664
00.0000000326008613438233396664
00.0000000326008613438233396664
00.0000000326008613438233396664
00.0000000326008613438233396664
00.0000000326008613438233396664
00.0000000326008613438233396664
00.0000000326008613438233396664
00.0000000326008613438233396664
00.0000000326008613438233396664
00.0000000326008613438233396664
00.0000000326008613438233396664
00.0000000326008613438233396664
00.0000000326008613438233396664
00.0000000326008613438233396664
00.0000000326008613438233396664
00.0000000326008613438233396664
00.0000000326008613438233396664
00.0000000326008613438233396664
00.0000000326008613438233396664
00.0000000326008613438233396664
00.0000000326008613438233396664
00.0000000326008613438233396664
00.0000000326008613438233396664
00.0000000326008613438233396664
00.0000000326008613438233396664
00.0000000326008613438233396664
00.0000000326008613438233396664
00.0000000326008613438233396664
00.0000000326008613438233396664
00.0000000326008613438233396664
00.0000000326008613438233396664
00.0000000326008613438233396664
00.0000000326008613438233396664
00.0000000326008613438233396664
00.0000000326008613438233396664
00.0000000326008613438233396664
00.0000000326008613438233396664
00.0000000326008613438233396664
00.0000000326008613438233396664
00.0000000326008613438233396664
00.0000000326008613438233396664
00.0000000326008613438233396664
00.0000000326008613438233396664
00.0000000326008613438233396664
00.0000000326008613438233396664
00.0000000326008613438233396664
00.0000000326008613438233396664
00.0000000326008613438233396664
00.0000000326008613438233396664
00.0000000326008613438233396664
00.0000000326008613438233396664
00.0000000326008613438233396664
00.0000000326008613438233396664
00.0000000326008613438233396664
00.0000000326008613438233396664
00.0000000326008613438233396664
00.0000000326008613438233396664
00.0000000326008613438233396664
00.0000000326008613438233396664
00.0000000326008613438233396664
00.0000000326008613438233396664
00.0000000326008613438233396664
00.0000000326008613438233396664
00.0000000326008613438233396664
00.0000000326008613438233396664
00.0000000326008613438233396664
00.0000000326008613438233396664
00.0000000326008613438233396664
00.0000000326008613438233396664
00.0000000326008613438233396664
00.0000000326008613438233396664
00.0000000326008613438233396664
00.0000000326008613438233396664
00.0000000326008613438233396664
00.0000000326008613438233396664
00.0000000326008613438233396664
00.0000000326008613438233396664
00.0000000326008613438233396664
00.0000000326008613438233396664
00.0000000326008613438233396664
00.0000000326008613438233396664
00.0000000326008613438233396664
00.0000000326008613438233396664
00.0000000326008613438233396664
00.0000000326008613438233396664
00.0000000326008613438233396664
00.0000000326008613438233396664
00.0000000326008613438233396664
00.0000000326008613438233396664
00.0000000326008613438233396664
00.0000000326008613438233396664
00.0000000326008613438233396664
00.0000000326008613438233396664
00.0000000326008613438233396664
00.0000000326008613438233396664
00.0000000326008613438233396664
00.0000000326008613438233396664
00.0000000326008613438233396664
00.0000000326008613438233396664
00.0000000326008613438233396664
00.0000000326008613438233396664
00.0000000326008613438233396664
00.0000000326008613438233396664
00.0000000326008613438233396664
00.0000000326008613438233396664
00.0000000326008613438233396664
00.0000000326008613438233396664
00.0000000326008613438233396664
00.0000000326008613438233396664
00.0000000326008613438233396664
00.0000000326008613438233396664
00.0000000326008613438233396664
00.0000000326008613438233396664
00.0000000326008613438233396664
00.0000000326008613438233396664
00.0000000326008613438233396664
00.0000000326008613438233396664
00.0000000326008613438233396664
00.0000000326008613438233396664
00.0000000326008613438233396664
00.0000000326008613438233396664
00.0000000326008613438233396664
00.0000000326008613438233396664
00.0000000326008613438233396664
00.0000000326008613438233396664
00.0000000326008613438233396664
00.0000000326008613438233396664
00.0000000326008613438233396664
00.0000000326008613438233396664
00.0000000326008613438233396664
00.0000000326008613438233396664
00.0000000326008613438233396664
00.0000000326008613438233396664
00.0000000326008613438233396664
00.0000000326008613438233396664
00.0000000326008613438233396664
00.0000000326008613438233396664
00.0000000326008613438233396664
00.0000000326008613438233396664
00.0000000326008613438233396664
00.0000000326008613438233396664
00.0000000326008613438233396664
00.0000000326008613438233396664
00.0000000326008613438233396664
00.0000000326008613438233396664
00.0000000326008613438233396664
00.0000000326008613438233396664
00.0000000326008613438233396664
00.0000000326008613438233396664
00.0000000326008613438233396664
00.0000000326008613438233396664
00.0000000326008613438233396664
00.0000000326008613438233396664
00.0000000326008613438233396664
00.0000000326008613438233396664
00.0000000326008613438233396664
00.0000000326008613438233396664
00.0000000326008613438233396664
00.0000000326008613438233396664
00.0000000326008613438233396664
00.0000000326008613438233396664
00.0000000326008613438233396664
00.0000000326008613438233396664
00.0000000326008613438233396664
00.0000000326008613438233396664
00.0000000326008613438233396664
00.0000000326008613438233396664
00.0000000326008613438233396664
00.0000000326008613438233396664
00.0000000326008613438233396664
00.0000000326008613438233396664
00.0000000326008613438233396664
00.0000000326008613438233396664
00.0000000326008613438233396664
00.0000000326008613438233396664
00.0000000326008613438233396664
00.0000000326008613438233396664
00.0000000326008613438233396664
00.0000000326008613438233396664
00.0000000326008613438233396664
00.0000000326008613438233396664
00.0000000326008613438233396664
00.0000000326008613438233396664
00.0000000326008613438233396664
00.0000000326008613438233396664
00.0000000326008613438233396664
00.0000000326008613438233396664
00.0000000326008613438233396664
00.0000000326008613438233396664
00.0000000326008613438233396664
00.0000000326008613438233396664
00.0000000326008613438233396664
00.0000000326008613438233396664
00.0000000326008613438233396664
00.0000000326008613438233396664
00.0000000326008613438233396664
00.0000000326008613438233396664
00.0000000326008613438233396664
00.0000000326008613438233396664
00.0000000326008613438233396664
00.0000000326008613438233396664
00.0000000326008613438233396664
00.0000000326008613438233396664
00.0000000326008613438233396664
00.0000000326008613438233396664
00.0000000326008613438233396664
00.0000000326008613438233396664
00.0000000326008613438233396664
00.0000000326008613438233396664
00.0000000326008613438233396664
00.0000000326008613438233396664
00.0000000326008613438233396664
00.0000000326008613438233396664
00.0000000326008613438233396664
00.0000000326008613438233396664
00.0000000326008613438233396664
00.0000000326008613438233396664
00.0000000326008613438233396664
00.0000000326008613438233396664
00.0000000326008613438233396664
00.0000000326008613438233396664
00.0000000326008613438233396664
00.0000000326008613438233396664
00.0000000326008613438233396664
00.0000000326008613438233396664
00.0000000326008613438233396664
00.0000000326008613438233396664
00.0000000326008613438233396664
00.0000000326008613438233396664
00.0000000326008613438233396664
00.0000000326008613438233396664
00.0000000326008613438233396664
00.0000000326008613438233396664
00.0000000326008613438233396664
00.0000000326008613438233396664
00.0000000326008613438233396664
00.0000000326008613438233396664
00.0000000326008613438233396664
00.0000000326008613438233396664
00.0000000326008613438233396664
00.0000000326008613438233396664
00.0000000326008613438233396664
00.0000000326008613438233396664
00.0000000326008613438233396664
00.0000000326008613438233396664
00.0000000326008613438233396664
00.0000000326008613438233396664
00.0000000326008613438233396664
00.0000000326008613438233396664
00.0000000326008613438233396664
00.0000000326008613438233396664
00.0000000326008613438233396664
00.0000000326008613438233396664
00.0000000326008613438233396664
00.0000000326008613438233396664
00.0000000326008613438233396664
00.0000000326008613438233396664
00.0000000326008613438233396664
00.0000000326008613438233396664
00.0000000326008613438233396664
00.0000000326008613438233396664
00.0000000326008613438233396664
00.0000000326008613438233396664
00.0000000326008613438233396664
00.0000000326008613438233396664
00.0000000326008613438233396664
00.0000000326008613438233396664
00.0000000326008613438233396664
00.0000000326008613438233396664
00.0000000326008613438233396664
00.0000000326008613438233396664
00.0000000326008613438233396664
00.0000000326008613438233396664
00.0000000326008613438233396664
00.0000000326008613438233396664
00.0000000326008613438233396664
00.0000000326008613438233396664
00.0000000326008613438233396664
00.0000000326008613438233396664
00.0000000326008613438233396664
00.0000000326008613438233396664
00.0000000326008613438233396664
00.0000000326008613438233396664
00.0000000326008613438233396664
00.0000000326008613438233396664
00.0000000326008613438233396664
00.0000000326008613438233396664
00.0000000326008613438233396664
00.0000000326008613438233396664
00.0000000326008613438233396664
00.0000000326008613438233396664
00.0000000326008613438233396664
00.0000000326008613438233396664
00.0000000326008613438233396664
00.0000000326008613438233396664
00.0000000326008613438233396664
00.0000000326008613438233396664
00.0000000326008613438233396664
00.0000000326008613438233396664
00.0000000326008613438233396664
00.0000000326008613438233396664
00.0000000326008613438233396664
00.0000000326008613438233396664
00.0000000326008613438233396664
00.0000000326008613438233396664
00.0000000326008613438233396664
00.0000000326008613438233396664
00.0000000326008613438233396664
00.0000000326008613438233396664
00.0000000326008613438233396664
00.0000000326008613438233396664
00.0000000326008613438233396664
00.0000000326008613438233396664
00.0000000326008613438233396664
00.0000000326008613438233396664
00.0000000326008613438233396664
00.0000000326008613438233396664
00.0000000326008613438233396664
00.0000000326008613438233396664
00.0000000326008613438233396664
00.0000000326008613438233396664
00.0000000326008613438233396664
00.0000000326008613438233396664
00.0000000326008613438233396664
00.0000000326008613438233396664
00.0000000326008613438233396664
00.0000000326008613438233396664
00.0000000326008613438233396664
00.0000000326008613438233396664
00.0000000326008613438233396664
00.0000000326008613438233396664
00.0000000326008613438233396664
00.0000000326008613438233396664
00.0000000326008613438233396664
00.0000000326008613438233396664
00.0000000326008613438233396664
00.0000000326008613438233396664
00.0000000326008613438233396664
00.0000000326008613438233396664
00.0000000326008613438233396664
00.0000000326008613438233396664
00.0000000326008613438233396664
00.0000000326008613438233396664
00.0000000326008613438233396664
00.0000000326008613438233396664
00.0000000326008613438233396664
00.0000000326008613438233396664
00.0000000326008613438233396664
00.0000000326008613438233396664
00.0000000326008613438233396664
00.0000000326008613438233396664
00.0000000326008613438233396664
00.0000000326008613438233396664
00.0000000326008613438233396664
00.0000000326008613438233396664
00.0000000326008613438233396664
00.0000000326008613438233396664
00.0000000326008613438233396664
00.0000000326008613438233396664
00.0000000326008613438233396664
00.0000000326008613438233396664
00.0000000326008613438233396664
00.0000000326008613438233396664
00.0000000326008613438233396664
00.0000000326008613438233396664
00.0000000326008613438233396664
00.0000000326008613438233396664
00.0000000326008613438233396664
00.0000000326008613438233396664
00.0000000326008613438233396664
00.0000000326008613438233396664
00.0000000326008613438233396664
00.0000000326008613438233396664
00.0000000326008613438233396664
00.0000000326008613438233396664
00.0000000326008613438233396664
00.0000000326008613438233396664
00.0000000326008613438233396664
00.0000000326008613438233396664
00.0000000326008613438233396664
00.0000000326008613438233396664
00.0000000326008613438233396664
00.0000000326008613438233396664
00.0000000326008613438233396664
00.0000000326008613438233396664
00.0000000326008613438233396664
00.0000000326008613438233396664
00.0000000326008613438233396664
00.0000000326008613438233396664
00.0000000326008613438233396664
00.0000000326008613438233396664
00.0000000326008613438233396664
00.0000000326008613438233396664
00.0000000326008613438233396664
00.0000000326008613438233396664
00.0000000326008613438233396664
00.0000000326008613438233396664
00.0000000326008613438233396664
00.0000000326008613438233396664
00.0000000326008613438233396664
00.0000000326008613438233396664
00.0000000326008613438233396664
00.0000000326008613438233396664
00.0000000326008613438233396664
00.0000000326008613438233396664
00.0000000326008613438233396664
00.0000000326008613438233396664
00.0000000326008613438233396664
00.0000000326008613438233396664
00.0000000326008613438233396664
00.0000000326008613438233396664
00.0000000326008613438233396664
00.0000000326008613438233396664
00.0000000326008613438233396664
00.0000000326008613438233396664
00.0000000326008613438233396664
00.0000000326008613438233396664
00.0000000326008613438233396664
00.0000000326008613438233396664
00.0000000326008613438233396664
00.0000000326008613438233396664
00.0000000326008613438233396664
00.0000000326008613438233396664
00.0000000326008613438233396664
00.0000000326008613438233396664
00.0000000326008613438233396664
00.0000000326008613438233396664
00.0000000326008613438233396664
00.0000000326008613438233396664
00.0000000326008613438233396664
00.0000000326008613438233396664
00.0000000326008613438233396664
00.0000000326008613438233396664
00.0000000326008613438233396664
00.0000000326008613438233396664
00.0000000326008613438233396664
00.0000000326008613438233396664
00.0000000326008613438233396664
00.0000000326008613438233396664
00.0000000326008613438233396664
00.0000000326008613438233396664
00.0000000326008613438233396664
00.0000000326008613438233396664
00.0000000326008613438233396664
00.0000000326008613438233396664
00.0000000326008613438233396664
00.0000000326008613438233396664
00.0000000326008613438233396664
00.0000000326008613438233396664
00.0000000326008613438233396664
00.0000000326008613438233396664
00.0000000326008613438233396664
00.0000000326008613438233396664
00.0000000326008613438233396664
00.0000000326008613438233396664
00.0000000326008613438233396664
00.0000000326008613438233396664
00.0000000326008613438233396664
00.0000000326008613438233396664
00.0000000326008613438233396664
00.0000000326008613438233396664
00.0000000326008613438233396664
00.0000000326008613438233396664
00.0000000326008613438233396664
00.0000000326008613438233396664
00.0000000326008613438233396664
00.0000000326008613438233396664
00.0000000326008613438233396664
00.0000000326008613438233396664
00.0000000326008613438233396664
00.0000000326008613438233396664
00.0000000326008613438233396664
00.0000000326008613438233396664
00.0000000326008613438233396664
00.0000000326008613438233396664
00.0000000326008613438233396664
00.0000000326008613438233396664
00.0000000326008613438233396664
00.0000000326008613438233396664
00.0000000326008613438233396664
00.0000000326008613438233396664
00.0000000326008613438233396664
00.0000000326008613438233396664
00.0000000326008613438233396664
00.0000000326008613438233396664
00.0000000326008613438233396664
00.0000000326008613438233396664
00.0000000326008613438233396664
00.0000000326008613438233396664
00.0000000326008613438233396664
00.0000000326008613438233396664
00.0000000326008613438233396664
00.0000000326008613438233396664
00.0000000326008613438233396664
00.0000000326008613438233396664
00.0000000326008613438233396664
00.0000000326008613438233396664
00.0000000326008613438233396664
00.0000000326008613438233396664
00.0000000326008613438233396664
00.0000000326008613438233396664
00.0000000326008613438233396664
00.0000000326008613438233396664
00.0000000326008613438233396664
00.0000000326008613438233396664
00.0000000326008613438233396664
00.0000000326008613438233396664
00.0000000326008613438233396664
00.0000000326008613438233396664
00.0000000326008613438233396664
00.0000000326008613438233396664
00.0000000326008613438233396664
00.0000000326008613438233396664
00.0000000326008613438233396664
00.0000000326008613438233396664
00.0000000326008613438233396664
00.0000000326008613438233396664
00.0000000326008613438233396664
00.0000000326008613438233396664
00.0000000326008613438233396664
00.0000000326008613438233396664
00.0000000326008613438233396664
00.0000000326008613438233396664
00.0000000326008613438233396664
00.0000000326008613438233396664
00.0000000326008613438233396664
00.0000000326008613438233396664
00.0000000326008613438233396664
00.0000000326008613438233396664
00.0000000326008613438233396664
00.0000000326008613438233396664
00.0000000326008613438233396664
00.0000000326008613438233396664
00.0000000326008613438233396664
00.0000000326008613438233396664
00.0000000326008613438233396664
00.0000000326008613438233396664
00.0000000326008613438233396664
00.0000000326008613438233396664
00.0000000326008613438233396664
00.0000000326008613438233396664
00.0000000326008613438233396664
00.0000000326008613438233396664
00.0000000326008613438233396664
00.0000000326008613438233396664
00.0000000326008613438233396664
00.0000000326008613438233396664
00.0000000326008613438233396664
00.0000000326008613438233396664
00.0000000326008613438233396664
00.0000000326008613438233396664
00.0000000326008613438233396664
00.0000000326008613438233396664
00.0000000326008613438233396664
00.0000000326008613438233396664
00.0000000326008613438233396664
00.0000000326008613438233396664
00.0000000326008613438233396664
00.0000000326008613438233396664
00.0000000326008613438233396664
00.0000000326008613438233396664
00.0000000326008613438233396664
00.0000000326008613438233396664
00.0000000326008613438233396664
00.0000000326008613438233396664
00.0000000326008613438233396664
00.0000000326008613438233396664
00.0000000326008613438233396664
00.0000000326008613438233396664
00.0000000326008613438233396664
00.0000000326008613438233396664
00.0000000326008613438233396664
00.0000000326008613438233396664
00.0000000326008613438233396664
00.0000000326008613438233396664
00.0000000326008613438233396664
00.0000000326008613438233396664
00.0000000326008613438233396664
00.0000000326008613438233396664
00.0000000326008613438233396664
00.0000000326008613438233396664
00.0000000326008613438233396664
00.0000000276503376861469973846
00.0000000276503376861469973846
00.0000000276503376861469973846
00.0000000276503376861469973846
00.0000000276503376861469973846
00.0000000276503376861469973846
00.0000000276503376861469973846
00.0000000276503376861469973846
00.0000000276503376861469973846
00.0000000276503376861469973846
00.0000000276503376861469973846
00.0000000276503376861469973846
00.0000000276503376861469973846
00.0000000276503376861469973846
00.0000000276503376861469973846
00.0000000276503376861469973846
00.0000000276503376861469973846
00.0000000276503376861469973846
00.0000000276503376861469973846
00.0000000276503376861469973846
00.0000000276503376861469973846
00.0000000276503376861469973846
00.0000000276503376861469973846
00.0000000276503376861469973846
00.0000000276503376861469973846
00.0000000276503376861469973846
00.0000000276503376861469973846
00.0000000276503376861469973846
00.0000000276503376861469973846
00.0000000276503376861469973846
00.0000000276503376861469973846
00.0000000276503376861469973846
00.0000000276503376861469973846
00.0000000276503376861469973846
00.0000000276503376861469973846
00.0000000276503376861469973846
00.0000000276503376861469973846
00.0000000276503376861469973846
00.0000000276503376861469973846
00.0000000276503376861469973846
00.0000000276503376861469973846
00.0000000276503376861469973846
00.0000000276503376861469973846
00.0000000276503376861469973846
00.0000000276503376861469973846
00.0000000276503376861469973846
00.0000000276503376861469973846
00.0000000276503376861469973846
00.0000000276503376861469973846
00.0000000276503376861469973846
00.0000000276503376861469973846
00.0000000276503376861469973846
00.0000000276503376861469973846
00.0000000276503376861469973846
00.0000000276503376861469973846
00.0000000276503376861469973846
00.0000000276503376861469973846
00.0000000276503376861469973846
00.0000000276503376861469973846
00.0000000276503376861469973846
00.0000000276503376861469973846
00.0000000276503376861469973846
00.0000000276503376861469973846
00.0000000276503376861469973846
00.0000000276503376861469973846
00.0000000276503376861469973846
00.0000000276503376861469973846
00.0000000276503376861469973846
00.0000000276503376861469973846
00.0000000276503376861469973846
00.0000000276503376861469973846
00.0000000276503376861469973846
00.0000000276503376861469973846
00.0000000276503376861469973846
00.0000000276503376861469973846
00.0000000276503376861469973846
00.0000000276503376861469973846
00.0000000276503376861469973846
00.0000000276503376861469973846
00.0000000276503376861469973846
00.0000000276503376861469973846
00.0000000276503376861469973846
00.0000000276503376861469973846
00.0000000276503376861469973846
00.0000000276503376861469973846
00.0000000276503376861469973846
00.0000000276503376861469973846
00.0000000276503376861469973846
00.0000000276503376861469973846
00.0000000276503376861469973846
00.0000000276503376861469973846
00.0000000276503376861469973846
00.0000000276503376861469973846
00.0000000276503376861469973846
00.0000000276503376861469973846
00.0000000276503376861469973846
00.0000000276503376861469973846
00.0000000276503376861469973846
00.0000000276503376861469973846
00.0000000276503376861469973846
00.0000000276503376861469973846
00.0000000276503376861469973846
00.0000000276503376861469973846
00.0000000276503376861469973846
00.0000000276503376861469973846
00.0000000276503376861469973846
00.0000000276503376861469973846
00.0000000276503376861469973846
00.0000000276503376861469973846
00.0000000276503376861469973846
00.0000000276503376861469973846
00.0000000276503376861469973846
00.0000000276503376861469973846
00.0000000276503376861469973846
00.0000000276503376861469973846
00.0000000276503376861469973846
00.0000000276503376861469973846
00.0000000276503376861469973846
00.0000000276503376861469973846
00.0000000276503376861469973846
00.0000000276503376861469973846
00.0000000276503376861469973846
00.0000000276503376861469973846
00.0000000276503376861469973846
00.0000000276503376861469973846
00.0000000276503376861469973846
00.0000000276503376861469973846
00.0000000276503376861469973846
00.0000000276503376861469973846
00.0000000276503376861469973846
00.0000000276503376861469973846
00.0000000276503376861469973846
00.0000000276503376861469973846
00.0000000276503376861469973846
00.0000000276503376861469973846
00.0000000276503376861469973846
00.0000000276503376861469973846
00.0000000276503376861469973846
00.0000000276503376861469973846
00.0000000276503376861469973846
00.0000000276503376861469973846
00.0000000276503376861469973846
00.0000000276503376861469973846
00.0000000276503376861469973846
00.0000000276503376861469973846
00.0000000276503376861469973846
00.0000000276503376861469973846
00.0000000276503376861469973846
00.0000000276503376861469973846
00.0000000276503376861469973846
00.0000000276503376861469973846
00.0000000276503376861469973846
00.0000000276503376861469973846
00.0000000276503376861469973846
00.0000000276503376861469973846
00.0000000276503376861469973846
00.0000000276503376861469973846
00.0000000276503376861469973846
00.0000000276503376861469973846
00.0000000276503376861469973846
00.0000000276503376861469973846
00.0000000276503376861469973846
00.0000000276503376861469973846
00.0000000276503376861469973846
00.0000000276503376861469973846
00.0000000276503376861469973846
00.0000000276503376861469973846
00.0000000276503376861469973846
00.0000000276503376861469973846
00.0000000276503376861469973846
00.0000000276503376861469973846
00.0000000276503376861469973846
00.0000000276503376861469973846
00.0000000276503376861469973846
00.0000000276503376861469973846
00.0000000276503376861469973846
00.0000000276503376861469973846
00.0000000276503376861469973846
00.0000000276503376861469973846
00.0000000276503376861469973846
00.0000000276503376861469973846
00.0000000276503376861469973846
00.0000000276503376861469973846
00.0000000276503376861469973846
00.0000000276503376861469973846
00.0000000276503376861469973846
00.0000000276503376861469973846
00.0000000276503376861469973846
00.0000000276503376861469973846
00.0000000276503376861469973846
00.0000000276503376861469973846
00.0000000276503376861469973846
00.0000000276503376861469973846
00.0000000276503376861469973846
00.0000000276503376861469973846
00.0000000276503376861469973846
00.0000000276503376861469973846
00.0000000276503376861469973846
00.0000000276503376861469973846
00.0000000276503376861469973846
00.0000000276503376861469973846
00.0000000276503376861469973846
00.0000000276503376861469973846
00.0000000276503376861469973846
00.0000000276503376861469973846
00.0000000276503376861469973846
00.0000000276503376861469973846
00.0000000276503376861469973846
00.0000000276503376861469973846
00.0000000276503376861469973846
00.0000000276503376861469973846
00.0000000276503376861469973846
00.0000000276503376861469973846
00.0000000276503376861469973846
00.0000000276503376861469973846
00.0000000276503376861469973846
00.0000000276503376861469973846
00.0000000276503376861469973846
00.0000000276503376861469973846
00.0000000276503376861469973846
00.0000000276503376861469973846
00.0000000276503376861469973846
00.0000000276503376861469973846
00.0000000276503376861469973846
00.0000000276503376861469973846
00.0000000276503376861469973846
00.0000000276503376861469973846
00.0000000276503376861469973846
00.0000000276503376861469973846
00.0000000276503376861469973846
00.0000000276503376861469973846
00.0000000276503376861469973846
00.0000000276503376861469973846
00.0000000276503376861469973846
00.0000000276503376861469973846
00.0000000276503376861469973846
00.0000000276503376861469973846
00.0000000276503376861469973846
00.0000000276503376861469973846
00.0000000276503376861469973846
00.0000000276503376861469973846
00.0000000276503376861469973846
00.0000000276503376861469973846
00.0000000276503376861469973846
00.0000000276503376861469973846
00.0000000276503376861469973846
00.0000000276503376861469973846
00.0000000276503376861469973846
00.0000000276503376861469973846
00.0000000276503376861469973846
00.0000000276503376861469973846
00.0000000276503376861469973846
00.0000000276503376861469973846
00.0000000276503376861469973846
00.0000000276503376861469973846
00.0000000276503376861469973846
00.0000000276503376861469973846
00.0000000276503376861469973846
00.0000000276503376861469973846
00.0000000276503376861469973846
00.0000000276503376861469973846
00.0000000276503376861469973846
00.0000000276503376861469973846
00.0000000276503376861469973846
00.0000000276503376861469973846
00.0000000276503376861469973846
00.0000000276503376861469973846
00.0000000276503376861469973846
00.0000000276503376861469973846
00.0000000276503376861469973846
00.0000000276503376861469973846
00.0000000276503376861469973846
00.0000000276503376861469973846
00.0000000276503376861469973846
00.0000000276503376861469973846
00.0000000276503376861469973846
00.0000000276503376861469973846
00.0000000276503376861469973846
00.0000000276503376861469973846
00.0000000276503376861469973846
00.0000000276503376861469973846
00.0000000276503376861469973846
00.0000000276503376861469973846
00.0000000276503376861469973846
00.0000000276503376861469973846
00.0000000276503376861469973846
00.0000000276503376861469973846
00.0000000276503376861469973846
00.0000000276503376861469973846
00.0000000276503376861469973846
00.0000000276503376861469973846
00.0000000276503376861469973846
00.0000000276503376861469973846
00.0000000276503376861469973846
00.0000000276503376861469973846
00.0000000276503376861469973846
00.0000000276503376861469973846
00.0000000276503376861469973846
00.0000000276503376861469973846
00.0000000276503376861469973846
00.0000000276503376861469973846
00.0000000276503376861469973846
00.0000000276503376861469973846
00.0000000276503376861469973846
00.0000000276503376861469973846
00.0000000276503376861469973846
00.0000000276503376861469973846
00.0000000276503376861469973846
00.0000000276503376861469973846
00.0000000276503376861469973846
00.0000000276503376861469973846
00.0000000276503376861469973846
00.0000000276503376861469973846
00.0000000276503376861469973846
00.0000000276503376861469973846
00.0000000276503376861469973846
00.0000000276503376861469973846
00.0000000276503376861469973846
00.0000000276503376861469973846
00.0000000276503376861469973846
00.0000000276503376861469973846
00.0000000276503376861469973846
00.0000000276503376861469973846
00.0000000276503376861469973846
00.0000000276503376861469973846
00.0000000276503376861469973846
00.0000000276503376861469973846
00.0000000276503376861469973846
00.0000000276503376861469973846
00.0000000276503376861469973846
00.0000000276503376861469973846
00.0000000276503376861469973846
00.0000000276503376861469973846
00.0000000276503376861469973846
00.0000000276503376861469973846
00.0000000276503376861469973846
00.0000000276503376861469973846
00.0000000276503376861469973846
00.0000000276503376861469973846
00.0000000276503376861469973846
00.0000000276503376861469973846
00.0000000276503376861469973846
00.0000000276503376861469973846
00.0000000276503376861469973846
00.0000000276503376861469973846
00.0000000276503376861469973846
00.0000000276503376861469973846
00.0000000276503376861469973846
00.0000000276503376861469973846
00.0000000276503376861469973846
00.0000000276503376861469973846
00.0000000276503376861469973846
00.0000000276503376861469973846
00.0000000276503376861469973846
00.0000000276503376861469973846
00.0000000276503376861469973846
00.0000000276503376861469973846
00.0000000276503376861469973846
00.0000000276503376861469973846
00.0000000276503376861469973846
00.0000000276503376861469973846
00.0000000276503376861469973846
00.0000000276503376861469973846
00.0000000276503376861469973846
00.0000000276503376861469973846
00.0000000276503376861469973846
00.0000000276503376861469973846
00.0000000276503376861469973846
00.0000000276503376861469973846
00.0000000276503376861469973846
00.0000000276503376861469973846
00.0000000276503376861469973846
00.0000000276503376861469973846
00.0000000276503376861469973846
00.0000000276503376861469973846
00.0000000276503376861469973846
00.0000000276503376861469973846
00.0000000276503376861469973846
00.0000000276503376861469973846
00.0000000276503376861469973846
00.0000000276503376861469973846
00.0000000276503376861469973846
00.0000000276503376861469973846
00.0000000276503376861469973846
00.0000000276503376861469973846
00.0000000276503376861469973846
00.0000000276503376861469973846
00.0000000276503376861469973846
00.0000000276503376861469973846
00.0000000276503376861469973846
00.0000000276503376861469973846
00.0000000276503376861469973846
00.0000000276503376861469973846
00.0000000276503376861469973846
00.0000000276503376861469973846
00.0000000276503376861469973846
00.0000000276503376861469973846
00.0000000276503376861469973846
00.0000000276503376861469973846
00.0000000276503376861469973846
00.0000000276503376861469973846
00.0000000276503376861469973846
00.0000000276503376861469973846
00.0000000276503376861469973846
00.0000000276503376861469973846
00.0000000276503376861469973846
00.0000000276503376861469973846
00.0000000276503376861469973846
00.0000000276503376861469973846
00.0000000276503376861469973846
00.0000000276503376861469973846
00.0000000276503376861469973846
00.0000000276503376861469973846
00.0000000276503376861469973846
00.0000000276503376861469973846
00.0000000276503376861469973846
00.0000000276503376861469973846
00.0000000276503376861469973846
00.0000000276503376861469973846
00.0000000276503376861469973846
00.0000000276503376861469973846
00.0000000276503376861469973846
00.0000000276503376861469973846
00.0000000276503376861469973846
00.0000000276503376861469973846
00.0000000276503376861469973846
00.0000000276503376861469973846
00.0000000276503376861469973846
00.0000000276503376861469973846
00.0000000276503376861469973846
00.0000000276503376861469973846
00.0000000276503376861469973846
00.0000000276503376861469973846
00.0000000276503376861469973846
00.0000000276503376861469973846
00.0000000276503376861469973846
00.0000000276503376861469973846
00.0000000276503376861469973846
00.0000000276503376861469973846
00.0000000276503376861469973846
00.0000000276503376861469973846
00.0000000276503376861469973846
00.0000000276503376861469973846
00.0000000276503376861469973846
00.0000000276503376861469973846
00.0000000276503376861469973846
00.0000000276503376861469973846
00.0000000276503376861469973846
00.0000000276503376861469973846
00.0000000276503376861469973846
00.0000000276503376861469973846
00.0000000276503376861469973846
00.0000000276503376861469973846
00.0000000276503376861469973846
00.0000000276503376861469973846
00.0000000276503376861469973846
00.0000000276503376861469973846
00.0000000276503376861469973846
00.0000000276503376861469973846
00.0000000276503376861469973846
00.0000000276503376861469973846
00.0000000276503376861469973846
00.0000000276503376861469973846
00.0000000276503376861469973846
00.0000000276503376861469973846
00.0000000276503376861469973846
00.0000000276503376861469973846
00.0000000276503376861469973846
00.0000000276503376861469973846
00.0000000276503376861469973846
00.0000000276503376861469973846
00.0000000276503376861469973846
00.0000000276503376861469973846
00.0000000276503376861469973846
00.0000000276503376861469973846
00.0000000276503376861469973846
00.0000000276503376861469973846
00.0000000276503376861469973846
00.0000000276503376861469973846
00.0000000276503376861469973846
00.0000000276503376861469973846
00.0000000276503376861469973846
00.0000000276503376861469973846
00.0000000276503376861469973846
00.0000000276503376861469973846
00.0000000276503376861469973846
00.0000000276503376861469973846
00.0000000276503376861469973846
00.0000000276503376861469973846
00.0000000276503376861469973846
00.0000000276503376861469973846
00.0000000276503376861469973846
00.0000000276503376861469973846
00.0000000276503376861469973846
00.0000000276503376861469973846
00.0000000276503376861469973846
00.0000000276503376861469973846
00.0000000276503376861469973846
00.0000000276503376861469973846
00.0000000276503376861469973846
00.0000000276503376861469973846
00.0000000276503376861469973846
00.0000000276503376861469973846
00.0000000276503376861469973846
00.0000000276503376861469973846
00.0000000276503376861469973846
00.0000000276503376861469973846
00.0000000276503376861469973846
00.0000000276503376861469973846
00.0000000276503376861469973846
00.0000000276503376861469973846
00.0000000276503376861469973846
00.0000000276503376861469973846
00.0000000276503376861469973846
00.0000000276503376861469973846
00.0000000276503376861469973846
00.0000000276503376861469973846
00.0000000276503376861469973846
00.0000000276503376861469973846
00.0000000276503376861469973846
00.0000000276503376861469973846
00.0000000276503376861469973846
00.0000000276503376861469973846
00.0000000276503376861469973846
00.0000000276503376861469973846
00.0000000276503376861469973846
00.0000000276503376861469973846
00.0000000276503376861469973846
00.0000000276503376861469973846
00.0000000276503376861469973846
00.0000000276503376861469973846
00.0000000276503376861469973846
00.0000000276503376861469973846
00.0000000276503376861469973846
00.0000000276503376861469973846
00.0000000276503376861469973846
00.0000000276503376861469973846
00.0000000276503376861469973846
00.0000000276503376861469973846
00.0000000276503376861469973846
00.0000000276503376861469973846
00.0000000276503376861469973846
00.0000000276503376861469973846
00.0000000276503376861469973846
00.0000000276503376861469973846
00.0000000276503376861469973846
00.0000000276503376861469973846
00.0000000276503376861469973846
00.0000000276503376861469973846
00.0000000276503376861469973846
00.0000000276503376861469973846
00.0000000276503376861469973846
00.0000000276503376861469973846
00.0000000276503376861469973846
00.0000000276503376861469973846
00.0000000276503376861469973846
00.0000000276503376861469973846
00.0000000276503376861469973846
00.0000000276503376861469973846
00.0000000276503376861469973846
00.0000000276503376861469973846
00.0000000276503376861469973846
00.0000000276503376861469973846
00.0000000276503376861469973846
00.0000000276503376861469973846
00.0000000276503376861469973846
00.0000000276503376861469973846
00.0000000276503376861469973846
00.0000000276503376861469973846
00.0000000276503376861469973846
00.0000000276503376861469973846
00.0000000276503376861469973846
00.0000000276503376861469973846
00.0000000276503376861469973846
00.0000000276503376861469973846
00.0000000276503376861469973846
00.0000000276503376861469973846
00.0000000276503376861469973846
00.0000000276503376861469973846
00.0000000276503376861469973846
00.0000000276503376861469973846
00.0000000276503376861469973846
00.0000000276503376861469973846
00.0000000276503376861469973846
00.0000000276503376861469973846
00.0000000276503376861469973846
00.0000000276503376861469973846
00.0000000276503376861469973846
00.0000000276503376861469973846
00.0000000276503376861469973846
00.0000000276503376861469973846
00.0000000276503376861469973846
00.0000000276503376861469973846
00.0000000276503376861469973846
00.0000000276503376861469973846
00.0000000276503376861469973846
00.0000000276503376861469973846
00.0000000276503376861469973846
00.0000000276503376861469973846
00.0000000276503376861469973846
00.0000000276503376861469973846
00.0000000276503376861469973846
00.0000000276503376861469973846
00.0000000276503376861469973846
00.0000000276503376861469973846
00.0000000276503376861469973846
00.0000000276503376861469973846
00.0000000276503376861469973846
00.0000000276503376861469973846
00.0000000276503376861469973846
00.0000000276503376861469973846
00.0000000276503376861469973846
00.0000000276503376861469973846
00.0000000276503376861469973846
00.0000000276503376861469973846
00.0000000276503376861469973846
00.0000000276503376861469973846
00.0000000276503376861469973846
00.0000000276503376861469973846
00.0000000276503376861469973846
00.0000000276503376861469973846
00.0000000276503376861469973846
00.0000000276503376861469973846
00.0000000276503376861469973846
00.0000000276503376861469973846
00.0000000276503376861469973846
00.0000000276503376861469973846
00.0000000276503376861469973846
00.0000000276503376861469973846
00.0000000276503376861469973846
00.0000000276503376861469973846
00.0000000276503376861469973846
00.0000000276503376861469973846
00.0000000276503376861469973846
00.0000000276503376861469973846
00.0000000276503376861469973846
00.0000000276503376861469973846
00.0000000276503376861469973846
00.0000000276503376861469973846
00.0000000276503376861469973846
00.0000000276503376861469973846
00.0000000276503376861469973846
00.0000000276503376861469973846
00.0000000276503376861469973846
00.0000000276503376861469973846
00.0000000276503376861469973846
00.0000000276503376861469973846
00.0000000276503376861469973846
00.0000000276503376861469973846
00.0000000276503376861469973846
00.0000000276503376861469973846
00.0000000276503376861469973846
00.0000000276503376861469973846
00.0000000276503376861469973846
00.0000000276503376861469973846
00.0000000276503376861469973846
00.0000000276503376861469973846
00.0000000276503376861469973846
00.0000000276503376861469973846
00.0000000276503376861469973846
00.0000000276503376861469973846
00.0000000276503376861469973846
00.0000000276503376861469973846
00.0000000276503376861469973846
00.0000000276503376861469973846
00.0000000276503376861469973846
00.0000000276503376861469973846
00.0000000276503376861469973846
00.0000000276503376861469973846
00.0000000276503376861469973846
00.0000000276503376861469973846
00.0000000276503376861469973846
00.0000000276503376861469973846
00.0000000276503376861469973846
00.0000000276503376861469973846
00.0000000276503376861469973846
00.0000000276503376861469973846
00.0000000276503376861469973846
00.0000000276503376861469973846
00.0000000276503376861469973846
00.0000000276503376861469973846
00.0000000276503376861469973846
00.0000000276503376861469973846
00.0000000276503376861469973846
00.0000000276503376861469973846
00.0000000276503376861469973846
00.0000000276503376861469973846
00.0000000276503376861469973846
00.0000000276503376861469973846
00.0000000276503376861469973846
00.0000000276503376861469973846
00.0000000276503376861469973846
00.0000000276503376861469973846
00.0000000276503376861469973846
00.0000000276503376861469973846
00.0000000276503376861469973846
00.0000000276503376861469973846
00.0000000276503376861469973846
00.0000000276503376861469973846
00.0000000276503376861469973846
00.0000000276503376861469973846
00.0000000276503376861469973846
00.0000000276503376861469973846
00.0000000276503376861469973846
00.0000000276503376861469973846
00.0000000276503376861469973846
00.0000000276503376861469973846
00.0000000276503376861469973846
00.0000000276503376861469973846
00.0000000276503376861469973846
00.0000000276503376861469973846
00.0000000276503376861469973846
00.0000000276503376861469973846
00.0000000276503376861469973846
00.0000000276503376861469973846
00.0000000276503376861469973846
00.0000000276503376861469973846
00.0000000276503376861469973846
00.0000000276503376861469973846
00.0000000276503376861469973846
00.0000000276503376861469973846
00.0000000276503376861469973846
00.0000000276503376861469973846
00.0000000276503376861469973846
00.0000000276503376861469973846
00.0000000276503376861469973846
00.0000000276503376861469973846
00.0000000276503376861469973846
00.0000000276503376861469973846
00.0000000276503376861469973846
00.0000000276503376861469973846
00.0000000276503376861469973846
00.0000000276503376861469973846
00.0000000276503376861469973846
00.0000000276503376861469973846
00.0000000276503376861469973846
00.0000000276503376861469973846
00.0000000276503376861469973846
00.0000000276503376861469973846
00.0000000276503376861469973846
00.0000000276503376861469973846
00.0000000276503376861469973846
00.0000000276503376861469973846
00.0000000276503376861469973846
00.0000000276503376861469973846
00.0000000276503376861469973846
00.0000000276503376861469973846
00.0000000276503376861469973846
00.0000000276503376861469973846
00.0000000276503376861469973846
00.0000000276503376861469973846
00.0000000276503376861469973846
00.0000000276503376861469973846
00.0000000276503376861469973846
00.0000000276503376861469973846
00.0000000276503376861469973846
00.0000000276503376861469973846
00.0000000276503376861469973846
00.0000000276503376861469973846
00.0000000276503376861469973846
00.0000000276503376861469973846
00.0000000276503376861469973846
00.0000000276503376861469973846
00.0000000276503376861469973846
00.0000000276503376861469973846
00.0000000276503376861469973846
00.0000000276503376861469973846
00.0000000276503376861469973846
00.0000000276503376861469973846
00.0000000276503376861469973846
00.0000000276503376861469973846
00.0000000276503376861469973846
00.0000000276503376861469973846
00.0000000276503376861469973846
00.0000000276503376861469973846
00.0000000276503376861469973846
00.0000000276503376861469973846
00.0000000276503376861469973846
00.0000000276503376861469973846
00.0000000276503376861469973846
00.0000000276503376861469973846
00.0000000276503376861469973846
00.0000000276503376861469973846
00.0000000276503376861469973846
00.0000000276503376861469973846
00.0000000276503376861469973846
00.0000000276503376861469973846
00.0000000276503376861469973846
00.0000000276503376861469973846
00.0000000276503376861469973846
00.0000000276503376861469973846
00.0000000276503376861469973846
00.0000000276503376861469973846
00.0000000276503376861469973846
00.0000000276503376861469973846
00.0000000276503376861469973846
00.0000000276503376861469973846
00.0000000276503376861469973846
00.0000000276503376861469973846
00.0000000276503376861469973846
00.0000000276503376861469973846
00.0000000276503376861469973846
00.0000000276503376861469973846
00.0000000276503376861469973846
00.0000000276503376861469973846
00.0000000276503376861469973846
00.0000000276503376861469973846
00.0000000276503376861469973846
00.0000000276503376861469973846
00.0000000276503376861469973846
00.0000000276503376861469973846
00.0000000276503376861469973846
00.0000000276503376861469973846
00.0000000276503376861469973846
00.0000000276503376861469973846
00.0000000276503376861469973846
00.0000000276503376861469973846
00.0000000276503376861469973846
00.0000000276503376861469973846
00.0000000276503376861469973846
00.0000000276503376861469973846
00.0000000276503376861469973846
00.0000000276503376861469973846
00.0000000276503376861469973846
00.0000000276503376861469973846
00.0000000276503376861469973846
00.0000000276503376861469973846
00.0000000276503376861469973846
00.0000000276503376861469973846
00.0000000276503376861469973846
00.0000000276503376861469973846
00.0000000276503376861469973846
00.0000000276503376861469973846
00.0000000276503376861469973846
00.0000000276503376861469973846
00.0000000276503376861469973846
00.0000000276503376861469973846
00.0000000276503376861469973846
00.0000000276503376861469973846
00.0000000276503376861469973846
00.0000000276503376861469973846
00.0000000276503376861469973846
00.0000000276503376861469973846
00.0000000276503376861469973846
00.0000000276503376861469973846
00.0000000276503376861469973846
00.0000000276503376861469973846
00.0000000276503376861469973846
00.0000000276503376861469973846
00.0000000276503376861469973846
00.0000000276503376861469973846
00.0000000276503376861469973846
00.0000000276503376861469973846
00.0000000276503376861469973846
00.0000000276503376861469973846
00.0000000276503376861469973846
00.0000000276503376861469973846
00.0000000276503376861469973846
00.0000000276503376861469973846
00.0000000276503376861469973846
00.0000000276503376861469973846
00.0000000276503376861469973846
00.0000000276503376861469973846
00.0000000276503376861469973846
00.0000000276503376861469973846
00.0000000276503376861469973846
00.0000000276503376861469973846
00.0000000276503376861469973846
00.0000000276503376861469973846
00.0000000276503376861469973846
00.0000000276503376861469973846
00.0000000276503376861469973846
00.0000000276503376861469973846
00.0000000276503376861469973846
00.0000000276503376861469973846
00.0000000276503376861469973846
00.0000000276503376861469973846
00.0000000276503376861469973846
00.0000000276503376861469973846
00.0000000276503376861469973846
00.0000000276503376861469973846
00.0000000276503376861469973846
00.0000000276503376861469973846
00.0000000276503376861469973846
00.0000000276503376861469973846
00.0000000276503376861469973846
00.0000000276503376861469973846
00.0000000276503376861469973846
00.0000000276503376861469973846
00.0000000276503376861469973846
00.0000000276503376861469973846
00.0000000276503376861469973846
00.0000000276503376861469973846
00.0000000276503376861469973846
00.0000000276503376861469973846
00.0000000276503376861469973846
00.0000000276503376861469973846
00.0000000276503376861469973846
00.0000000276503376861469973846
00.0000000276503376861469973846
00.0000000276503376861469973846
00.0000000276503376861469973846
00.0000000276503376861469973846
00.0000000276503376861469973846
00.0000000276503376861469973846
00.0000000276503376861469973846
00.0000000276503376861469973846
00.0000000276503376861469973846
00.0000000276503376861469973846
00.0000000276503376861469973846
00.0000000276503376861469973846
00.0000000276503376861469973846
00.0000000276503376861469973846
00.0000000276503376861469973846
00.0000000276503376861469973846
00.0000000276503376861469973846
00.0000000276503376861469973846
00.0000000276503376861469973846
00.0000000276503376861469973846
00.0000000276503376861469973846
00.0000000276503376861469973846
00.0000000276503376861469973846
00.0000000276503376861469973846
00.0000000276503376861469973846
00.0000000276503376861469973846
00.0000000276503376861469973846
00.0000000276503376861469973846
00.0000000276503376861469973846
00.0000000276503376861469973846
00.0000000276503376861469973846
00.0000000276503376861469973846
00.0000000276503376861469973846
00.0000000276503376861469973846
00.0000000276503376861469973846
00.0000000276503376861469973846
00.0000000276503376861469973846
00.0000000276503376861469973846
00.0000000276503376861469973846
00.0000000276503376861469973846
00.0000000276503376861469973846
00.0000000276503376861469973846
00.0000000276503376861469973846
00.0000000276503376861469973846
00.0000000276503376861469973846
00.0000000276503376861469973846
00.0000000276503376861469973846
00.0000000276503376861469973846
00.0000000276503376861469973846
00.0000000276503376861469973846
00.0000000276503376861469973846
00.0000000276503376861469973846
00.0000000276503376861469973846
00.0000000276503376861469973846
00.0000000276503376861469973846
00.0000000276503376861469973846
00.0000000276503376861469973846
00.0000000276503376861469973846
00.0000000276503376861469973846
00.0000000276503376861469973846
00.0000000276503376861469973846
00.0000000276503376861469973846
00.0000000276503376861469973846
00.0000000276503376861469973846
00.0000000276503376861469973846
00.0000000276503376861469973846
00.0000000276503376861469973846
00.0000000276503376861469973846
00.0000000276503376861469973846
00.0000000276503376861469973846
00.0000000276503376861469973846
00.0000000276503376861469973846
00.0000000276503376861469973846
00.0000000276503376861469973846
00.0000000276503376861469973846
00.0000000276503376861469973846
00.0000000276503376861469973846
00.0000000276503376861469973846
00.0000000276503376861469973846
00.0000000276503376861469973846
00.0000000276503376861469973846
00.0000000276503376861469973846
00.0000000276503376861469973846
00.0000000276503376861469973846
00.0000000276503376861469973846
00.0000000276503376861469973846
00.0000000276503376861469973846
00.0000000276503376861469973846
00.0000000276503376861469973846
00.0000000276503376861469973846
00.0000000276503376861469973846
00.0000000276503376861469973846
00.0000000276503376861469973846
00.0000000276503376861469973846
00.0000000276503376861469973846
00.0000000276503376861469973846
00.0000000276503376861469973846
00.0000000276503376861469973846
00.0000000276503376861469973846
00.0000000276503376861469973846
00.0000000276503376861469973846
00.0000000269001345643005151942
00.0000000269001345643005151942
00.0000000269001345643005151942
00.0000000269001345643005151942
00.0000000269001345643005151942
00.0000000269001345643005151942
00.0000000269001345643005151942
00.0000000269001345643005151942
00.0000000269001345643005151942
00.0000000269001345643005151942
00.0000000269001345643005151942
00.0000000269001345643005151942
00.0000000269001345643005151942
00.0000000269001345643005151942
00.0000000269001345643005151942
00.0000000269001345643005151942
00.0000000269001345643005151942
00.0000000269001345643005151942
00.0000000269001345643005151942
00.0000000269001345643005151942
00.0000000269001345643005151942
00.0000000269001345643005151942
00.0000000269001345643005151942
00.0000000269001345643005151942
00.0000000269001345643005151942
00.0000000269001345643005151942
00.0000000269001345643005151942
00.0000000269001345643005151942
00.0000000269001345643005151942
00.0000000269001345643005151942
00.0000000269001345643005151942
00.0000000269001345643005151942
00.0000000269001345643005151942
00.0000000269001345643005151942
00.0000000269001345643005151942
00.0000000269001345643005151942
00.0000000269001345643005151942
00.0000000269001345643005151942
00.0000000269001345643005151942
00.0000000269001345643005151942
00.0000000269001345643005151942
00.0000000269001345643005151942
00.0000000269001345643005151942
00.0000000269001345643005151942
00.0000000269001345643005151942
00.0000000269001345643005151942
00.0000000269001345643005151942
00.0000000269001345643005151942
00.0000000269001345643005151942
00.0000000269001345643005151942
00.0000000269001345643005151942
00.0000000269001345643005151942
00.0000000269001345643005151942
00.0000000269001345643005151942
00.0000000269001345643005151942
00.0000000269001345643005151942
00.0000000269001345643005151942
00.0000000269001345643005151942
00.0000000269001345643005151942
00.0000000269001345643005151942
00.0000000269001345643005151942
00.0000000269001345643005151942
00.0000000269001345643005151942
00.0000000269001345643005151942
00.0000000269001345643005151942
00.0000000269001345643005151942
00.0000000269001345643005151942
00.0000000269001345643005151942
00.0000000269001345643005151942
00.0000000269001345643005151942
00.0000000269001345643005151942
00.0000000269001345643005151942
00.0000000269001345643005151942
00.0000000269001345643005151942
00.0000000269001345643005151942
00.0000000269001345643005151942
00.0000000269001345643005151942
00.0000000269001345643005151942
00.0000000269001345643005151942
00.0000000269001345643005151942
00.0000000269001345643005151942
00.0000000269001345643005151942
00.0000000269001345643005151942
00.0000000269001345643005151942
00.0000000269001345643005151942
00.0000000269001345643005151942
00.0000000269001345643005151942
00.0000000269001345643005151942
00.0000000269001345643005151942
00.0000000269001345643005151942
00.0000000269001345643005151942
00.0000000269001345643005151942
00.0000000269001345643005151942
00.0000000269001345643005151942
00.0000000269001345643005151942
00.0000000269001345643005151942
00.0000000269001345643005151942
00.0000000269001345643005151942
00.0000000269001345643005151942
00.0000000269001345643005151942
00.0000000269001345643005151942
00.0000000269001345643005151942
00.0000000269001345643005151942
00.0000000269001345643005151942
00.0000000269001345643005151942
00.0000000269001345643005151942
00.0000000269001345643005151942
00.0000000269001345643005151942
00.0000000269001345643005151942
00.0000000269001345643005151942
00.0000000269001345643005151942
00.0000000269001345643005151942
00.0000000269001345643005151942
00.0000000269001345643005151942
00.0000000269001345643005151942
00.0000000269001345643005151942
00.0000000269001345643005151942
00.0000000269001345643005151942
00.0000000269001345643005151942
00.0000000269001345643005151942
00.0000000269001345643005151942
00.0000000269001345643005151942
00.0000000269001345643005151942
00.0000000269001345643005151942
00.0000000269001345643005151942
00.0000000269001345643005151942
00.0000000269001345643005151942
00.0000000269001345643005151942
00.0000000269001345643005151942
00.0000000269001345643005151942
00.0000000269001345643005151942
00.0000000269001345643005151942
00.0000000269001345643005151942
00.0000000269001345643005151942
00.0000000269001345643005151942
00.0000000269001345643005151942
00.0000000269001345643005151942
00.0000000269001345643005151942
00.0000000269001345643005151942
00.0000000269001345643005151942
00.0000000269001345643005151942
00.0000000269001345643005151942
00.0000000269001345643005151942
00.0000000269001345643005151942
00.0000000269001345643005151942
00.0000000269001345643005151942
00.0000000269001345643005151942
00.0000000269001345643005151942
00.0000000269001345643005151942
00.0000000269001345643005151942
00.0000000269001345643005151942
00.0000000269001345643005151942
00.0000000269001345643005151942
00.0000000269001345643005151942
00.0000000269001345643005151942
00.0000000269001345643005151942
00.0000000269001345643005151942
00.0000000269001345643005151942
00.0000000269001345643005151942
00.0000000269001345643005151942
00.0000000269001345643005151942
00.0000000269001345643005151942
00.0000000269001345643005151942
00.0000000269001345643005151942
00.0000000269001345643005151942
00.0000000269001345643005151942
00.0000000269001345643005151942
00.0000000269001345643005151942
00.0000000269001345643005151942
00.0000000269001345643005151942
00.0000000269001345643005151942
00.0000000269001345643005151942
00.0000000269001345643005151942
00.0000000269001345643005151942
00.0000000269001345643005151942
00.0000000269001345643005151942
00.0000000269001345643005151942
00.0000000269001345643005151942
00.0000000269001345643005151942
00.0000000269001345643005151942
00.0000000269001345643005151942
00.0000000269001345643005151942
00.0000000269001345643005151942
00.0000000269001345643005151942
00.0000000269001345643005151942
00.0000000269001345643005151942
00.0000000269001345643005151942
00.0000000269001345643005151942
00.0000000269001345643005151942
00.0000000269001345643005151942
00.0000000269001345643005151942
00.0000000269001345643005151942
00.0000000269001345643005151942
00.0000000269001345643005151942
00.0000000269001345643005151942
00.0000000269001345643005151942
00.0000000269001345643005151942
00.0000000269001345643005151942
00.0000000269001345643005151942
00.0000000269001345643005151942
00.0000000269001345643005151942
00.0000000269001345643005151942
00.0000000269001345643005151942
00.0000000269001345643005151942
00.0000000269001345643005151942
00.0000000269001345643005151942
00.0000000269001345643005151942
00.0000000269001345643005151942
00.0000000269001345643005151942
00.0000000269001345643005151942
00.0000000269001345643005151942
00.0000000269001345643005151942
00.0000000269001345643005151942
00.0000000269001345643005151942
00.0000000269001345643005151942
00.0000000269001345643005151942
00.0000000269001345643005151942
00.0000000269001345643005151942
00.0000000269001345643005151942
00.0000000269001345643005151942
00.0000000269001345643005151942
00.0000000269001345643005151942
00.0000000269001345643005151942
00.0000000269001345643005151942
00.0000000269001345643005151942
00.0000000269001345643005151942
00.0000000269001345643005151942
00.0000000269001345643005151942
00.0000000269001345643005151942
00.0000000269001345643005151942
00.0000000269001345643005151942
00.0000000269001345643005151942
00.0000000269001345643005151942
00.0000000269001345643005151942
00.0000000269001345643005151942
00.0000000269001345643005151942
00.0000000269001345643005151942
00.0000000269001345643005151942
00.0000000269001345643005151942
00.0000000269001345643005151942
00.0000000269001345643005151942
00.0000000269001345643005151942
00.0000000269001345643005151942
00.0000000269001345643005151942
00.0000000269001345643005151942
00.0000000269001345643005151942
00.0000000269001345643005151942
00.0000000269001345643005151942
00.0000000269001345643005151942
00.0000000269001345643005151942
00.0000000269001345643005151942
00.0000000269001345643005151942
00.0000000269001345643005151942
00.0000000269001345643005151942
00.0000000269001345643005151942
00.0000000269001345643005151942
00.0000000269001345643005151942
00.0000000269001345643005151942
00.0000000269001345643005151942
00.0000000269001345643005151942
00.0000000269001345643005151942
00.0000000269001345643005151942
00.0000000269001345643005151942
00.0000000269001345643005151942
00.0000000269001345643005151942
00.0000000269001345643005151942
00.0000000269001345643005151942
00.0000000269001345643005151942
00.0000000269001345643005151942
00.0000000269001345643005151942
00.0000000269001345643005151942
00.0000000269001345643005151942
00.0000000269001345643005151942
00.0000000269001345643005151942
00.0000000269001345643005151942
00.0000000269001345643005151942
00.0000000269001345643005151942
00.0000000269001345643005151942
00.0000000269001345643005151942
00.0000000269001345643005151942
00.0000000269001345643005151942
00.0000000269001345643005151942
00.0000000269001345643005151942
00.0000000269001345643005151942
00.0000000269001345643005151942
00.0000000269001345643005151942
00.0000000269001345643005151942
00.0000000269001345643005151942
00.0000000269001345643005151942
00.0000000269001345643005151942
00.0000000269001345643005151942
00.0000000269001345643005151942
00.0000000269001345643005151942
00.0000000269001345643005151942
00.0000000269001345643005151942
00.0000000269001345643005151942
00.0000000269001345643005151942
00.0000000269001345643005151942
00.0000000269001345643005151942
00.0000000269001345643005151942
00.0000000269001345643005151942
00.0000000269001345643005151942
00.0000000269001345643005151942
00.0000000269001345643005151942
00.0000000269001345643005151942
00.0000000269001345643005151942
00.0000000269001345643005151942
00.0000000269001345643005151942
00.0000000269001345643005151942
00.0000000269001345643005151942
00.0000000269001345643005151942
00.0000000269001345643005151942
00.0000000269001345643005151942
00.0000000269001345643005151942
00.0000000269001345643005151942
00.0000000269001345643005151942
00.0000000269001345643005151942
00.0000000269001345643005151942
00.0000000269001345643005151942
00.0000000269001345643005151942
00.0000000269001345643005151942
00.0000000269001345643005151942
00.0000000269001345643005151942
00.0000000269001345643005151942
00.0000000269001345643005151942
00.0000000269001345643005151942
00.0000000269001345643005151942
00.0000000269001345643005151942
00.0000000269001345643005151942
00.0000000269001345643005151942
00.0000000269001345643005151942
00.0000000269001345643005151942
00.0000000269001345643005151942
00.0000000269001345643005151942
00.0000000269001345643005151942
00.0000000269001345643005151942
00.0000000269001345643005151942
00.0000000269001345643005151942
00.0000000269001345643005151942
00.0000000269001345643005151942
00.0000000269001345643005151942
00.0000000269001345643005151942
00.0000000269001345643005151942
00.0000000269001345643005151942
00.0000000269001345643005151942
00.0000000269001345643005151942
00.0000000269001345643005151942
00.0000000269001345643005151942
00.0000000269001345643005151942
00.0000000269001345643005151942
00.0000000269001345643005151942
00.0000000269001345643005151942
00.0000000269001345643005151942
00.0000000269001345643005151942
00.0000000269001345643005151942
00.0000000269001345643005151942
00.0000000269001345643005151942
00.0000000269001345643005151942
00.0000000269001345643005151942
00.0000000269001345643005151942
00.0000000269001345643005151942
00.0000000269001345643005151942
00.0000000269001345643005151942
00.0000000269001345643005151942
00.0000000269001345643005151942
00.0000000269001345643005151942
00.0000000269001345643005151942
00.0000000269001345643005151942
00.0000000269001345643005151942
00.0000000269001345643005151942
00.0000000269001345643005151942
00.0000000269001345643005151942
00.0000000269001345643005151942
00.0000000269001345643005151942
00.0000000269001345643005151942
00.0000000269001345643005151942
00.0000000269001345643005151942
00.0000000269001345643005151942
00.0000000269001345643005151942
00.0000000269001345643005151942
00.0000000269001345643005151942
00.0000000269001345643005151942
00.0000000269001345643005151942
00.0000000269001345643005151942
00.0000000269001345643005151942
00.0000000269001345643005151942
00.0000000269001345643005151942
00.0000000269001345643005151942
00.0000000269001345643005151942
00.0000000269001345643005151942
00.0000000269001345643005151942
00.0000000269001345643005151942
00.0000000269001345643005151942
00.0000000269001345643005151942
00.0000000269001345643005151942
00.0000000269001345643005151942
00.0000000269001345643005151942
00.0000000269001345643005151942
00.0000000269001345643005151942
00.0000000269001345643005151942
00.0000000269001345643005151942
00.0000000269001345643005151942
00.0000000269001345643005151942
00.0000000269001345643005151942
00.0000000269001345643005151942
00.0000000269001345643005151942
00.0000000269001345643005151942
00.0000000269001345643005151942
00.0000000269001345643005151942
00.0000000269001345643005151942
00.0000000269001345643005151942
00.0000000269001345643005151942
00.0000000269001345643005151942
00.0000000269001345643005151942
00.0000000269001345643005151942
00.0000000269001345643005151942
00.0000000269001345643005151942
00.0000000269001345643005151942
00.0000000269001345643005151942
00.0000000269001345643005151942
00.0000000269001345643005151942
00.0000000269001345643005151942
00.0000000269001345643005151942
00.0000000269001345643005151942
00.0000000269001345643005151942
00.0000000269001345643005151942
00.0000000269001345643005151942
00.0000000269001345643005151942
00.0000000269001345643005151942
00.0000000269001345643005151942
00.0000000269001345643005151942
00.0000000269001345643005151942
00.0000000269001345643005151942
00.0000000269001345643005151942
00.0000000269001345643005151942
00.0000000269001345643005151942
00.0000000269001345643005151942
00.0000000269001345643005151942
00.0000000269001345643005151942
00.0000000269001345643005151942
00.0000000269001345643005151942
00.0000000269001345643005151942
00.0000000269001345643005151942
00.0000000269001345643005151942
00.0000000269001345643005151942
00.0000000269001345643005151942
00.0000000269001345643005151942
00.0000000269001345643005151942
00.0000000269001345643005151942
00.0000000269001345643005151942
00.0000000269001345643005151942
00.0000000269001345643005151942
00.0000000269001345643005151942
00.0000000269001345643005151942
00.0000000269001345643005151942
00.0000000269001345643005151942
00.0000000269001345643005151942
00.0000000269001345643005151942
00.0000000269001345643005151942
00.0000000269001345643005151942
00.0000000269001345643005151942
00.0000000269001345643005151942
00.0000000269001345643005151942
00.0000000269001345643005151942
00.0000000269001345643005151942
00.0000000269001345643005151942
00.0000000269001345643005151942
00.0000000269001345643005151942
00.0000000269001345643005151942
00.0000000269001345643005151942
00.0000000269001345643005151942
00.0000000269001345643005151942
00.0000000269001345643005151942
00.0000000269001345643005151942
00.0000000269001345643005151942
00.0000000269001345643005151942
00.0000000269001345643005151942
00.0000000269001345643005151942
00.0000000269001345643005151942
00.0000000269001345643005151942
00.0000000269001345643005151942
00.0000000269001345643005151942
00.0000000269001345643005151942
00.0000000269001345643005151942
00.0000000269001345643005151942
00.0000000269001345643005151942
00.0000000269001345643005151942
00.0000000269001345643005151942
00.0000000269001345643005151942
00.0000000269001345643005151942
00.0000000269001345643005151942
00.0000000269001345643005151942
00.0000000269001345643005151942
00.0000000269001345643005151942
00.0000000269001345643005151942
00.0000000269001345643005151942
00.0000000269001345643005151942
00.0000000269001345643005151942
00.0000000269001345643005151942
00.0000000269001345643005151942
00.0000000269001345643005151942
00.0000000269001345643005151942
00.0000000269001345643005151942
00.0000000269001345643005151942
00.0000000269001345643005151942
00.0000000269001345643005151942
00.0000000269001345643005151942
00.0000000269001345643005151942
00.0000000269001345643005151942
00.0000000269001345643005151942
00.0000000269001345643005151942
00.0000000269001345643005151942
00.0000000269001345643005151942
00.0000000269001345643005151942
00.0000000269001345643005151942
00.0000000269001345643005151942
00.0000000269001345643005151942
00.0000000269001345643005151942
00.0000000269001345643005151942
00.0000000269001345643005151942
00.0000000269001345643005151942
00.0000000269001345643005151942
00.0000000269001345643005151942
00.0000000269001345643005151942
00.0000000269001345643005151942
00.0000000269001345643005151942
00.0000000269001345643005151942
00.0000000269001345643005151942
00.0000000269001345643005151942
00.0000000269001345643005151942
00.0000000269001345643005151942
00.0000000269001345643005151942
00.0000000269001345643005151942
00.0000000269001345643005151942
00.0000000269001345643005151942
00.0000000269001345643005151942
00.0000000269001345643005151942
00.0000000269001345643005151942
00.0000000269001345643005151942
00.0000000269001345643005151942
00.0000000269001345643005151942
00.0000000269001345643005151942
00.0000000269001345643005151942
00.0000000269001345643005151942
00.0000000269001345643005151942
00.0000000269001345643005151942
00.0000000269001345643005151942
00.0000000269001345643005151942
00.0000000269001345643005151942
00.0000000269001345643005151942
00.0000000269001345643005151942
00.0000000269001345643005151942
00.0000000269001345643005151942
00.0000000269001345643005151942
00.0000000269001345643005151942
00.0000000269001345643005151942
00.0000000269001345643005151942
00.0000000269001345643005151942
00.0000000269001345643005151942
00.0000000269001345643005151942
00.0000000269001345643005151942
00.0000000269001345643005151942
00.0000000269001345643005151942
00.0000000269001345643005151942
00.0000000269001345643005151942
00.0000000269001345643005151942
00.0000000269001345643005151942
00.0000000269001345643005151942
00.0000000269001345643005151942
00.0000000269001345643005151942
00.0000000269001345643005151942
00.0000000269001345643005151942
00.0000000269001345643005151942
00.0000000269001345643005151942
00.0000000269001345643005151942
00.0000000269001345643005151942
00.0000000269001345643005151942
00.0000000269001345643005151942
00.0000000269001345643005151942
00.0000000269001345643005151942
00.0000000269001345643005151942
00.0000000269001345643005151942
00.0000000269001345643005151942
00.0000000269001345643005151942
00.0000000269001345643005151942
00.0000000269001345643005151942
00.0000000269001345643005151942
00.0000000269001345643005151942
00.0000000269001345643005151942
00.0000000269001345643005151942
00.0000000269001345643005151942
00.0000000269001345643005151942
00.0000000269001345643005151942
00.0000000269001345643005151942
00.0000000269001345643005151942
00.0000000269001345643005151942
00.0000000269001345643005151942
00.0000000269001345643005151942
00.0000000269001345643005151942
00.0000000269001345643005151942
00.0000000269001345643005151942
00.0000000269001345643005151942
00.0000000269001345643005151942
00.0000000269001345643005151942
00.0000000269001345643005151942
00.0000000269001345643005151942
00.0000000269001345643005151942
00.0000000269001345643005151942
00.0000000269001345643005151942
00.0000000269001345643005151942
00.0000000269001345643005151942
00.0000000269001345643005151942
00.0000000269001345643005151942
00.0000000269001345643005151942
00.0000000269001345643005151942
00.0000000269001345643005151942
00.0000000269001345643005151942
00.0000000269001345643005151942
00.0000000269001345643005151942
00.0000000269001345643005151942
00.0000000269001345643005151942
00.0000000269001345643005151942
00.0000000269001345643005151942
00.0000000269001345643005151942
00.0000000269001345643005151942
00.0000000269001345643005151942
00.0000000269001345643005151942
00.0000000269001345643005151942
00.0000000269001345643005151942
00.0000000269001345643005151942
00.0000000269001345643005151942
00.0000000269001345643005151942
00.0000000269001345643005151942
00.0000000269001345643005151942
00.0000000269001345643005151942
00.0000000269001345643005151942
00.0000000269001345643005151942
00.0000000269001345643005151942
00.0000000269001345643005151942
00.0000000269001345643005151942
00.0000000269001345643005151942
00.0000000269001345643005151942
00.0000000269001345643005151942
00.0000000269001345643005151942
00.0000000269001345643005151942
00.0000000269001345643005151942
00.0000000269001345643005151942
00.0000000269001345643005151942
00.0000000269001345643005151942
00.0000000269001345643005151942
00.0000000269001345643005151942
00.0000000269001345643005151942
00.0000000269001345643005151942
00.0000000269001345643005151942
00.0000000269001345643005151942
00.0000000269001345643005151942
00.0000000269001345643005151942
00.0000000269001345643005151942
00.0000000269001345643005151942
00.0000000269001345643005151942
00.0000000269001345643005151942
00.0000000269001345643005151942
00.0000000269001345643005151942
00.0000000269001345643005151942
00.0000000269001345643005151942
00.0000000269001345643005151942
00.0000000269001345643005151942
00.0000000269001345643005151942
00.0000000269001345643005151942
00.0000000269001345643005151942
00.0000000269001345643005151942
00.0000000269001345643005151942
00.0000000269001345643005151942
00.0000000269001345643005151942
00.0000000269001345643005151942
00.0000000269001345643005151942
00.0000000269001345643005151942
00.0000000269001345643005151942
00.0000000269001345643005151942
00.0000000269001345643005151942
00.0000000269001345643005151942
00.0000000269001345643005151942
00.0000000269001345643005151942
00.0000000269001345643005151942
00.0000000269001345643005151942
00.0000000269001345643005151942
00.0000000269001345643005151942
00.0000000269001345643005151942
00.0000000269001345643005151942
00.0000000269001345643005151942
00.0000000269001345643005151942
00.0000000269001345643005151942
00.0000000269001345643005151942
00.0000000269001345643005151942
00.0000000269001345643005151942
00.0000000269001345643005151942
00.0000000269001345643005151942
00.0000000269001345643005151942
00.0000000269001345643005151942
00.0000000269001345643005151942
00.0000000269001345643005151942
00.0000000269001345643005151942
00.0000000269001345643005151942
00.0000000269001345643005151942
00.0000000269001345643005151942
00.0000000269001345643005151942
00.0000000269001345643005151942
00.0000000269001345643005151942
00.0000000269001345643005151942
00.0000000269001345643005151942
00.0000000269001345643005151942
00.0000000269001345643005151942
00.0000000269001345643005151942
00.0000000269001345643005151942
00.0000000269001345643005151942
00.0000000269001345643005151942
00.0000000269001345643005151942
00.0000000269001345643005151942
00.0000000269001345643005151942
00.0000000269001345643005151942
00.0000000269001345643005151942
00.0000000269001345643005151942
00.0000000269001345643005151942
00.0000000269001345643005151942
00.0000000269001345643005151942
00.0000000269001345643005151942
00.0000000269001345643005151942
00.0000000269001345643005151942
00.0000000269001345643005151942
00.0000000269001345643005151942
00.0000000269001345643005151942
00.0000000269001345643005151942
00.0000000269001345643005151942
00.0000000269001345643005151942
00.0000000269001345643005151942
00.0000000269001345643005151942
00.0000000269001345643005151942
00.0000000269001345643005151942
00.0000000269001345643005151942
00.0000000269001345643005151942
00.0000000269001345643005151942
00.0000000269001345643005151942
00.0000000269001345643005151942
00.0000000269001345643005151942
00.0000000269001345643005151942
00.0000000269001345643005151942
00.0000000269001345643005151942
00.0000000269001345643005151942
00.0000000269001345643005151942
00.0000000269001345643005151942
00.0000000269001345643005151942
00.0000000269001345643005151942
00.0000000269001345643005151942
00.0000000269001345643005151942
00.0000000269001345643005151942
00.0000000269001345643005151942
00.0000000269001345643005151942
00.0000000269001345643005151942
00.0000000269001345643005151942
00.0000000269001345643005151942
00.0000000269001345643005151942
00.0000000269001345643005151942
00.0000000269001345643005151942
00.0000000269001345643005151942
00.0000000269001345643005151942
00.0000000269001345643005151942
00.0000000269001345643005151942
00.0000000269001345643005151942
00.0000000269001345643005151942
00.0000000269001345643005151942
00.0000000269001345643005151942
00.0000000269001345643005151942
00.0000000269001345643005151942
00.0000000269001345643005151942
00.0000000269001345643005151942
00.0000000269001345643005151942
00.0000000269001345643005151942
00.0000000269001345643005151942
00.0000000269001345643005151942
00.0000000269001345643005151942
00.0000000269001345643005151942
00.0000000269001345643005151942
00.0000000269001345643005151942
00.0000000269001345643005151942
00.0000000269001345643005151942
00.0000000269001345643005151942
00.0000000269001345643005151942
00.0000000269001345643005151942
00.0000000269001345643005151942
00.0000000269001345643005151942
00.0000000269001345643005151942
00.0000000269001345643005151942
00.0000000269001345643005151942
00.0000000269001345643005151942
00.0000000269001345643005151942
00.0000000269001345643005151942
00.0000000269001345643005151942
00.0000000269001345643005151942
00.0000000269001345643005151942
00.0000000269001345643005151942
00.0000000269001345643005151942
00.0000000269001345643005151942
00.0000000269001345643005151942
00.0000000269001345643005151942
00.0000000269001345643005151942
00.0000000269001345643005151942
00.0000000269001345643005151942
00.0000000269001345643005151942
00.0000000269001345643005151942
00.0000000269001345643005151942
00.0000000269001345643005151942
00.0000000269001345643005151942
00.0000000269001345643005151942
00.0000000269001345643005151942
00.0000000269001345643005151942
00.0000000269001345643005151942
00.0000000269001345643005151942
00.0000000269001345643005151942
00.0000000269001345643005151942
00.0000000269001345643005151942
00.0000000269001345643005151942
00.0000000269001345643005151942
00.0000000269001345643005151942
00.0000000269001345643005151942
00.0000000269001345643005151942
00.0000000269001345643005151942
00.0000000269001345643005151942
00.0000000269001345643005151942
00.0000000269001345643005151942
00.0000000269001345643005151942
00.0000000269001345643005151942
00.0000000269001345643005151942
00.0000000269001345643005151942
00.0000000269001345643005151942
00.0000000269001345643005151942
00.0000000269001345643005151942
00.0000000269001345643005151942
00.0000000269001345643005151942
00.0000000269001345643005151942
00.0000000269001345643005151942
00.0000000269001345643005151942
00.0000000269001345643005151942
00.0000000269001345643005151942
00.0000000269001345643005151942
00.0000000269001345643005151942
00.0000000269001345643005151942
00.0000000269001345643005151942
00.0000000269001345643005151942
00.0000000269001345643005151942
00.0000000269001345643005151942
00.0000000269001345643005151942
00.0000000269001345643005151942
00.0000000269001345643005151942
00.0000000269001345643005151942
00.0000000269001345643005151942
00.0000000269001345643005151942
00.0000000269001345643005151942
00.0000000269001345643005151942
00.0000000269001345643005151942
00.0000000269001345643005151942
00.0000000269001345643005151942
00.0000000269001345643005151942
00.0000000269001345643005151942
00.0000000269001345643005151942
00.0000000269001345643005151942
00.0000000269001345643005151942
00.0000000269001345643005151942
00.0000000269001345643005151942
00.0000000269001345643005151942
00.0000000269001345643005151942
00.0000000269001345643005151942
00.0000000269001345643005151942
00.0000000269001345643005151942
00.0000000269001345643005151942
00.0000000269001345643005151942
00.0000000269001345643005151942
00.0000000269001345643005151942
00.0000000269001345643005151942
00.0000000269001345643005151942
00.0000000269001345643005151942
00.0000000269001345643005151942
00.0000000269001345643005151942
00.0000000269001345643005151942
00.0000000269001345643005151942
00.0000000269001345643005151942
00.0000000269001345643005151942
00.0000000269001345643005151942
00.0000000269001345643005151942
00.0000000269001345643005151942
00.0000000269001345643005151942
00.0000000269001345643005151942
00.0000000269001345643005151942
00.0000000269001345643005151942
00.0000000269001345643005151942
00.0000000269001345643005151942
00.0000000269001345643005151942
00.0000000269001345643005151942
00.0000000269001345643005151942
00.0000000269001345643005151942
00.0000000269001345643005151942
00.0000000269001345643005151942
00.0000000269001345643005151942
00.0000000269001345643005151942
00.0000000269001345643005151942
00.0000000269001345643005151942
00.0000000269001345643005151942
00.0000000269001345643005151942
00.0000000269001345643005151942
00.0000000269001345643005151942
00.0000000269001345643005151942
00.0000000269001345643005151942
00.0000000269001345643005151942
00.0000000269001345643005151942
00.0000000269001345643005151942
00.0000000269001345643005151942
00.0000000269001345643005151942
00.0000000269001345643005151942
00.0000000269001345643005151942
00.0000000269001345643005151942
00.0000000269001345643005151942
00.0000000269001345643005151942
00.0000000269001345643005151942
00.0000000269001345643005151942
00.0000000269001345643005151942
00.0000000269001345643005151942
00.0000000269001345643005151942
00.0000000269001345643005151942
00.0000000269001345643005151942
00.0000000269001345643005151942
00.0000000269001345643005151942
00.0000000269001345643005151942
00.0000000269001345643005151942
00.0000000269001345643005151942
00.0000000269001345643005151942
00.0000000269001345643005151942
00.0000000269001345643005151942
00.0000000269001345643005151942
00.0000000269001345643005151942
00.0000000269001345643005151942
00.0000000269001345643005151942
00.0000000269001345643005151942
00.0000000269001345643005151942
00.0000000269001345643005151942
00.0000000269001345643005151942
00.0000000269001345643005151942
00.0000000269001345643005151942
00.0000000269001345643005151942
00.0000000269001345643005151942
00.0000000269001345643005151942
00.0000000269001345643005151942
00.0000000269001345643005151942
00.0000000269001345643005151942
00.0000000269001345643005151942
00.0000000269001345643005151942
00.0000000269001345643005151942
00.0000000269001345643005151942
00.0000000269001345643005151942
00.0000000269001345643005151942
00.0000000269001345643005151942
00.0000000269001345643005151942
00.0000000269001345643005151942
00.0000000269001345643005151942
00.0000000269001345643005151942
00.0000000269001345643005151942
00.0000000269001345643005151942
00.0000000269001345643005151942
00.0000000269001345643005151942
00.0000000269001345643005151942
00.0000000269001345643005151942
00.0000000269001345643005151942
00.0000000269001345643005151942
00.0000000269001345643005151942
00.0000000269001345643005151942
00.0000000269001345643005151942
00.0000000269001345643005151942
00.0000000269001345643005151942
00.0000000269001345643005151942
00.0000000269001345643005151942
00.0000000269001345643005151942
00.0000000269001345643005151942
00.0000000269001345643005151942
00.0000000269001345643005151942
00.0000000269001345643005151942
00.0000000269001345643005151942
00.0000000269001345643005151942
00.0000000269001345643005151942
00.0000000269001345643005151942
00.0000000269001345643005151942
00.0000000269001345643005151942
00.0000000269001345643005151942
00.0000000269001345643005151942
00.0000000269001345643005151942
00.0000000269001345643005151942
00.0000000269001345643005151942
00.0000000269001345643005151942
00.0000000269001345643005151942
00.0000000269001345643005151942
00.0000000269001345643005151942
00.0000000269001345643005151942
00.0000000269001345643005151942
00.0000000300259164198735106766
00.0000000300259164198735106766
00.0000000300259164198735106766
00.0000000300259164198735106766
00.0000000300259164198735106766
00.0000000300259164198735106766
00.0000000300259164198735106766
00.0000000300259164198735106766
00.0000000300259164198735106766
00.0000000300259164198735106766
00.0000000300259164198735106766
00.0000000300259164198735106766
00.0000000300259164198735106766
00.0000000300259164198735106766
00.0000000300259164198735106766
00.0000000300259164198735106766
00.0000000300259164198735106766
00.0000000300259164198735106766
00.0000000300259164198735106766
00.0000000300259164198735106766
00.0000000300259164198735106766
00.0000000300259164198735106766
00.0000000300259164198735106766
00.0000000300259164198735106766
00.0000000300259164198735106766
00.0000000300259164198735106766
00.0000000300259164198735106766
00.0000000300259164198735106766
00.0000000300259164198735106766
00.0000000300259164198735106766
00.0000000300259164198735106766
00.0000000300259164198735106766
00.0000000300259164198735106766
00.0000000300259164198735106766
00.0000000300259164198735106766
00.0000000300259164198735106766
00.0000000300259164198735106766
00.0000000300259164198735106766
00.0000000300259164198735106766
00.0000000300259164198735106766
00.0000000300259164198735106766
00.0000000300259164198735106766
00.0000000300259164198735106766
00.0000000300259164198735106766
00.0000000300259164198735106766
00.0000000300259164198735106766
00.0000000300259164198735106766
00.0000000300259164198735106766
00.0000000300259164198735106766
00.0000000300259164198735106766
00.0000000300259164198735106766
00.0000000300259164198735106766
00.0000000300259164198735106766
00.0000000300259164198735106766
00.0000000300259164198735106766
00.0000000300259164198735106766
00.0000000300259164198735106766
00.0000000300259164198735106766
00.0000000300259164198735106766
00.0000000300259164198735106766
00.0000000300259164198735106766
00.0000000300259164198735106766
00.0000000300259164198735106766
00.0000000300259164198735106766
00.0000000300259164198735106766
00.0000000300259164198735106766
00.0000000300259164198735106766
00.0000000300259164198735106766
00.0000000300259164198735106766
00.0000000300259164198735106766
00.0000000300259164198735106766
00.0000000300259164198735106766
00.0000000300259164198735106766
00.0000000300259164198735106766
00.0000000300259164198735106766
00.0000000300259164198735106766
00.0000000300259164198735106766
00.0000000300259164198735106766
00.0000000300259164198735106766
00.0000000300259164198735106766
00.0000000300259164198735106766
00.0000000300259164198735106766
00.0000000300259164198735106766
00.0000000300259164198735106766
00.0000000300259164198735106766
00.0000000300259164198735106766
00.0000000300259164198735106766
00.0000000300259164198735106766
00.0000000300259164198735106766
00.0000000300259164198735106766
00.0000000300259164198735106766
00.0000000300259164198735106766
00.0000000300259164198735106766
00.0000000300259164198735106766
00.0000000300259164198735106766
00.0000000300259164198735106766
00.0000000300259164198735106766
00.0000000300259164198735106766
00.0000000300259164198735106766
00.0000000300259164198735106766
00.0000000300259164198735106766
00.0000000300259164198735106766
00.0000000300259164198735106766
00.0000000300259164198735106766
00.0000000300259164198735106766
00.0000000300259164198735106766
00.0000000300259164198735106766
00.0000000300259164198735106766
00.0000000300259164198735106766
00.0000000300259164198735106766
00.0000000300259164198735106766
00.0000000300259164198735106766
00.0000000300259164198735106766
00.0000000300259164198735106766
00.0000000300259164198735106766
00.0000000300259164198735106766
00.0000000300259164198735106766
00.0000000300259164198735106766
00.0000000300259164198735106766
00.0000000300259164198735106766
00.0000000300259164198735106766
00.0000000300259164198735106766
00.0000000300259164198735106766
00.0000000300259164198735106766
00.0000000300259164198735106766
00.0000000300259164198735106766
00.0000000300259164198735106766
00.0000000300259164198735106766
00.0000000300259164198735106766
00.0000000300259164198735106766
00.0000000300259164198735106766
00.0000000300259164198735106766
00.0000000300259164198735106766
00.0000000300259164198735106766
00.0000000300259164198735106766
00.0000000300259164198735106766
00.0000000300259164198735106766
00.0000000300259164198735106766
00.0000000300259164198735106766
00.0000000300259164198735106766
00.0000000300259164198735106766
00.0000000300259164198735106766
00.0000000300259164198735106766
00.0000000300259164198735106766
00.0000000300259164198735106766
00.0000000300259164198735106766
00.0000000300259164198735106766
00.0000000300259164198735106766
00.0000000300259164198735106766
00.0000000300259164198735106766
00.0000000300259164198735106766
00.0000000300259164198735106766
00.0000000300259164198735106766
00.0000000300259164198735106766
00.0000000300259164198735106766
00.0000000300259164198735106766
00.0000000300259164198735106766
00.0000000300259164198735106766
00.0000000300259164198735106766
00.0000000300259164198735106766
00.0000000300259164198735106766
00.0000000300259164198735106766
00.0000000300259164198735106766
00.0000000300259164198735106766
00.0000000300259164198735106766
00.0000000300259164198735106766
00.0000000300259164198735106766
00.0000000300259164198735106766
00.0000000300259164198735106766
00.0000000300259164198735106766
00.0000000300259164198735106766
00.0000000300259164198735106766
00.0000000300259164198735106766
00.0000000300259164198735106766
00.0000000300259164198735106766
00.0000000300259164198735106766
00.0000000300259164198735106766
00.0000000300259164198735106766
00.0000000300259164198735106766
00.0000000300259164198735106766
00.0000000300259164198735106766
00.0000000300259164198735106766
00.0000000300259164198735106766
00.0000000300259164198735106766
00.0000000300259164198735106766
00.0000000300259164198735106766
00.0000000300259164198735106766
00.0000000300259164198735106766
00.0000000300259164198735106766
00.0000000300259164198735106766
00.0000000300259164198735106766
00.0000000300259164198735106766
00.0000000300259164198735106766
00.0000000300259164198735106766
00.0000000300259164198735106766
00.0000000300259164198735106766
00.0000000300259164198735106766
00.0000000300259164198735106766
00.0000000300259164198735106766
00.0000000300259164198735106766
00.0000000300259164198735106766
00.0000000300259164198735106766
00.0000000300259164198735106766
00.0000000300259164198735106766
00.0000000300259164198735106766
00.0000000300259164198735106766
00.0000000300259164198735106766
00.0000000300259164198735106766
00.0000000300259164198735106766
00.0000000300259164198735106766
00.0000000300259164198735106766
00.0000000300259164198735106766
00.0000000300259164198735106766
00.0000000300259164198735106766
00.0000000300259164198735106766
00.0000000300259164198735106766
00.0000000300259164198735106766
00.0000000300259164198735106766
00.0000000300259164198735106766
00.0000000300259164198735106766
00.0000000300259164198735106766
00.0000000300259164198735106766
00.0000000300259164198735106766
00.0000000300259164198735106766
00.0000000300259164198735106766
00.0000000300259164198735106766
00.0000000300259164198735106766
00.0000000300259164198735106766
00.0000000300259164198735106766
00.0000000300259164198735106766
00.0000000300259164198735106766
00.0000000300259164198735106766
00.0000000300259164198735106766
00.0000000300259164198735106766
00.0000000300259164198735106766
00.0000000300259164198735106766
00.0000000300259164198735106766
00.0000000300259164198735106766
00.0000000300259164198735106766
00.0000000300259164198735106766
00.0000000300259164198735106766
00.0000000300259164198735106766
00.0000000300259164198735106766
00.0000000300259164198735106766
00.0000000300259164198735106766
00.0000000300259164198735106766
00.0000000300259164198735106766
00.0000000300259164198735106766
00.0000000300259164198735106766
00.0000000300259164198735106766
00.0000000300259164198735106766
00.0000000300259164198735106766
00.0000000300259164198735106766
00.0000000300259164198735106766
00.0000000300259164198735106766
00.0000000300259164198735106766
00.0000000300259164198735106766
00.0000000300259164198735106766
00.0000000300259164198735106766
00.0000000300259164198735106766
00.0000000300259164198735106766
00.0000000300259164198735106766
00.0000000300259164198735106766
00.0000000300259164198735106766
00.0000000300259164198735106766
00.0000000300259164198735106766
00.0000000300259164198735106766
00.0000000300259164198735106766
00.0000000300259164198735106766
00.0000000300259164198735106766
00.0000000300259164198735106766
00.0000000300259164198735106766
00.0000000300259164198735106766
00.0000000300259164198735106766
00.0000000300259164198735106766
00.0000000300259164198735106766
00.0000000300259164198735106766
00.0000000300259164198735106766
00.0000000300259164198735106766
00.0000000300259164198735106766
00.0000000300259164198735106766
00.0000000300259164198735106766
00.0000000300259164198735106766
00.0000000300259164198735106766
00.0000000300259164198735106766
00.0000000300259164198735106766
00.0000000300259164198735106766
00.0000000300259164198735106766
00.0000000300259164198735106766
00.0000000300259164198735106766
00.0000000300259164198735106766
00.0000000300259164198735106766
00.0000000300259164198735106766
00.0000000300259164198735106766
00.0000000300259164198735106766
00.0000000300259164198735106766
00.0000000300259164198735106766
00.0000000300259164198735106766
00.0000000300259164198735106766
00.0000000300259164198735106766
00.0000000300259164198735106766
00.0000000300259164198735106766
00.0000000300259164198735106766
00.0000000300259164198735106766
00.0000000300259164198735106766
00.0000000300259164198735106766
00.0000000300259164198735106766
00.0000000300259164198735106766
00.0000000300259164198735106766
00.0000000300259164198735106766
00.0000000300259164198735106766
00.0000000300259164198735106766
00.0000000300259164198735106766
00.0000000300259164198735106766
00.0000000300259164198735106766
00.0000000300259164198735106766
00.0000000300259164198735106766
00.0000000300259164198735106766
00.0000000300259164198735106766
00.0000000300259164198735106766
00.0000000300259164198735106766
00.0000000300259164198735106766
00.0000000300259164198735106766
00.0000000300259164198735106766
00.0000000300259164198735106766
00.0000000300259164198735106766
00.0000000300259164198735106766
00.0000000300259164198735106766
00.0000000300259164198735106766
00.0000000300259164198735106766
00.0000000300259164198735106766
00.0000000300259164198735106766
00.0000000300259164198735106766
00.0000000300259164198735106766
00.0000000300259164198735106766
00.0000000300259164198735106766
00.0000000300259164198735106766
00.0000000300259164198735106766
00.0000000300259164198735106766
00.0000000300259164198735106766
00.0000000300259164198735106766
00.0000000300259164198735106766
00.0000000300259164198735106766
00.0000000300259164198735106766
00.0000000300259164198735106766
00.0000000300259164198735106766
00.0000000300259164198735106766
00.0000000300259164198735106766
00.0000000300259164198735106766
00.0000000300259164198735106766
00.0000000300259164198735106766
00.0000000300259164198735106766
00.0000000300259164198735106766
00.0000000300259164198735106766
00.0000000300259164198735106766
00.0000000300259164198735106766
00.0000000300259164198735106766
00.0000000300259164198735106766
00.0000000300259164198735106766
00.0000000300259164198735106766
00.0000000300259164198735106766
00.0000000300259164198735106766
00.0000000300259164198735106766
00.0000000300259164198735106766
00.0000000300259164198735106766
00.0000000300259164198735106766
00.0000000300259164198735106766
00.0000000300259164198735106766
00.0000000300259164198735106766
00.0000000300259164198735106766
00.0000000300259164198735106766
00.0000000300259164198735106766
00.0000000300259164198735106766
00.0000000300259164198735106766
00.0000000300259164198735106766
00.0000000300259164198735106766
00.0000000300259164198735106766
00.0000000300259164198735106766
00.0000000300259164198735106766
00.0000000300259164198735106766
00.0000000300259164198735106766
00.0000000300259164198735106766
00.0000000300259164198735106766
00.0000000300259164198735106766
00.0000000300259164198735106766
00.0000000300259164198735106766
00.0000000300259164198735106766
00.0000000300259164198735106766
00.0000000300259164198735106766
00.0000000300259164198735106766
00.0000000300259164198735106766
00.0000000300259164198735106766
00.0000000300259164198735106766
00.0000000300259164198735106766
00.0000000300259164198735106766
00.0000000300259164198735106766
00.0000000300259164198735106766
00.0000000300259164198735106766
00.0000000300259164198735106766
00.0000000300259164198735106766
00.0000000300259164198735106766
00.0000000300259164198735106766
00.0000000300259164198735106766
00.0000000300259164198735106766
00.0000000300259164198735106766
00.0000000300259164198735106766
00.0000000300259164198735106766
00.0000000300259164198735106766
00.0000000300259164198735106766
00.0000000300259164198735106766
00.0000000300259164198735106766
00.0000000300259164198735106766
00.0000000300259164198735106766
00.0000000300259164198735106766
00.0000000300259164198735106766
00.0000000300259164198735106766
00.0000000300259164198735106766
00.0000000300259164198735106766
00.0000000300259164198735106766
00.0000000300259164198735106766
00.0000000300259164198735106766
00.0000000300259164198735106766
00.0000000300259164198735106766
00.0000000300259164198735106766
00.0000000300259164198735106766
00.0000000300259164198735106766
00.0000000300259164198735106766
00.0000000300259164198735106766
00.0000000300259164198735106766
00.0000000300259164198735106766
00.0000000300259164198735106766
00.0000000300259164198735106766
00.0000000300259164198735106766
00.0000000300259164198735106766
00.0000000300259164198735106766
00.0000000300259164198735106766
00.0000000300259164198735106766
00.0000000300259164198735106766
00.0000000300259164198735106766
00.0000000300259164198735106766
00.0000000300259164198735106766
00.0000000300259164198735106766
00.0000000300259164198735106766
00.0000000300259164198735106766
00.0000000300259164198735106766
00.0000000300259164198735106766
00.0000000300259164198735106766
00.0000000300259164198735106766
00.0000000300259164198735106766
00.0000000300259164198735106766
00.0000000300259164198735106766
00.0000000300259164198735106766
00.0000000300259164198735106766
00.0000000300259164198735106766
00.0000000300259164198735106766
00.0000000300259164198735106766
00.0000000300259164198735106766
00.0000000300259164198735106766
00.0000000300259164198735106766
00.0000000300259164198735106766
00.0000000300259164198735106766
00.0000000300259164198735106766
00.0000000300259164198735106766
00.0000000300259164198735106766
00.0000000300259164198735106766
00.0000000300259164198735106766
00.0000000300259164198735106766
00.0000000300259164198735106766
00.0000000300259164198735106766
00.0000000300259164198735106766
00.0000000300259164198735106766
00.0000000300259164198735106766
00.0000000300259164198735106766
00.0000000300259164198735106766
00.0000000300259164198735106766
00.0000000300259164198735106766
00.0000000300259164198735106766
00.0000000300259164198735106766
00.0000000300259164198735106766
00.0000000300259164198735106766
00.0000000300259164198735106766
00.0000000300259164198735106766
00.0000000300259164198735106766
00.0000000300259164198735106766
00.0000000300259164198735106766
00.0000000300259164198735106766
00.0000000300259164198735106766
00.0000000300259164198735106766
00.0000000300259164198735106766
00.0000000300259164198735106766
00.0000000300259164198735106766
00.0000000300259164198735106766
00.0000000300259164198735106766
00.0000000300259164198735106766
00.0000000300259164198735106766
00.0000000300259164198735106766
00.0000000300259164198735106766
00.0000000300259164198735106766
00.0000000300259164198735106766
00.0000000300259164198735106766
00.0000000300259164198735106766
00.0000000300259164198735106766
00.0000000300259164198735106766
00.0000000300259164198735106766
00.0000000300259164198735106766
00.0000000300259164198735106766
00.0000000300259164198735106766
00.0000000300259164198735106766
00.0000000300259164198735106766
00.0000000300259164198735106766
00.0000000300259164198735106766
00.0000000300259164198735106766
00.0000000300259164198735106766
00.0000000300259164198735106766
00.0000000300259164198735106766
00.0000000300259164198735106766
00.0000000300259164198735106766
00.0000000300259164198735106766
00.0000000300259164198735106766
00.0000000300259164198735106766
00.0000000300259164198735106766
00.0000000300259164198735106766
00.0000000300259164198735106766
00.0000000300259164198735106766
00.0000000300259164198735106766
00.0000000300259164198735106766
00.0000000300259164198735106766
00.0000000300259164198735106766
00.0000000300259164198735106766
00.0000000300259164198735106766
00.0000000300259164198735106766
00.0000000300259164198735106766
00.0000000300259164198735106766
00.0000000300259164198735106766
00.0000000300259164198735106766
00.0000000300259164198735106766
00.0000000300259164198735106766
00.0000000300259164198735106766
00.0000000300259164198735106766
00.0000000300259164198735106766
00.0000000300259164198735106766
00.0000000300259164198735106766
00.0000000300259164198735106766
00.0000000300259164198735106766
00.0000000300259164198735106766
00.0000000300259164198735106766
00.0000000300259164198735106766
00.0000000300259164198735106766
00.0000000300259164198735106766
00.0000000300259164198735106766
00.0000000300259164198735106766
00.0000000300259164198735106766
00.0000000300259164198735106766
00.0000000300259164198735106766
00.0000000300259164198735106766
00.0000000300259164198735106766
00.0000000300259164198735106766
00.0000000300259164198735106766
00.0000000300259164198735106766
00.0000000300259164198735106766
00.0000000300259164198735106766
00.0000000300259164198735106766
00.0000000300259164198735106766
00.0000000300259164198735106766
00.0000000300259164198735106766
00.0000000300259164198735106766
00.0000000300259164198735106766
00.0000000300259164198735106766
00.0000000300259164198735106766
00.0000000300259164198735106766
00.0000000300259164198735106766
00.0000000300259164198735106766
00.0000000300259164198735106766
00.0000000300259164198735106766
00.0000000300259164198735106766
00.0000000300259164198735106766
00.0000000300259164198735106766
00.0000000300259164198735106766
00.0000000300259164198735106766
00.0000000300259164198735106766
00.0000000300259164198735106766
00.0000000300259164198735106766
00.0000000300259164198735106766
00.0000000300259164198735106766
00.0000000300259164198735106766
00.0000000300259164198735106766
00.0000000300259164198735106766
00.0000000300259164198735106766
00.0000000300259164198735106766
00.0000000300259164198735106766
00.0000000300259164198735106766
00.0000000300259164198735106766
00.0000000300259164198735106766
00.0000000300259164198735106766
00.0000000300259164198735106766
00.0000000300259164198735106766
00.0000000300259164198735106766
00.0000000300259164198735106766
00.0000000300259164198735106766
00.0000000300259164198735106766
00.0000000300259164198735106766
00.0000000300259164198735106766
00.0000000300259164198735106766
00.0000000300259164198735106766
00.0000000300259164198735106766
00.0000000300259164198735106766
00.0000000300259164198735106766
00.0000000300259164198735106766
00.0000000300259164198735106766
00.0000000300259164198735106766
00.0000000300259164198735106766
00.0000000300259164198735106766
00.0000000300259164198735106766
00.0000000300259164198735106766
00.0000000300259164198735106766
00.0000000300259164198735106766
00.0000000300259164198735106766
00.0000000300259164198735106766
00.0000000300259164198735106766
00.0000000300259164198735106766
00.0000000300259164198735106766
00.0000000300259164198735106766
00.0000000300259164198735106766
00.0000000300259164198735106766
00.0000000300259164198735106766
00.0000000300259164198735106766
00.0000000300259164198735106766
00.0000000300259164198735106766
00.0000000300259164198735106766
00.0000000300259164198735106766
00.0000000300259164198735106766
00.0000000300259164198735106766
00.0000000300259164198735106766
00.0000000300259164198735106766
00.0000000300259164198735106766
00.0000000300259164198735106766
00.0000000300259164198735106766
00.0000000300259164198735106766
00.0000000300259164198735106766
00.0000000300259164198735106766
00.0000000300259164198735106766
00.0000000300259164198735106766
00.0000000300259164198735106766
00.0000000300259164198735106766
00.0000000300259164198735106766
00.0000000300259164198735106766
00.0000000300259164198735106766
00.0000000300259164198735106766
00.0000000300259164198735106766
00.0000000300259164198735106766
00.0000000300259164198735106766
00.0000000300259164198735106766
00.0000000300259164198735106766
00.0000000300259164198735106766
00.0000000300259164198735106766
00.0000000300259164198735106766
00.0000000300259164198735106766
00.0000000300259164198735106766
00.0000000300259164198735106766
00.0000000300259164198735106766
00.0000000300259164198735106766
00.0000000300259164198735106766
00.0000000300259164198735106766
00.0000000300259164198735106766
00.0000000300259164198735106766
00.0000000300259164198735106766
00.0000000300259164198735106766
00.0000000300259164198735106766
00.0000000300259164198735106766
00.0000000300259164198735106766
00.0000000300259164198735106766
00.0000000300259164198735106766
00.0000000300259164198735106766
00.0000000300259164198735106766
00.0000000300259164198735106766
00.0000000300259164198735106766
00.0000000300259164198735106766
00.0000000300259164198735106766
00.0000000300259164198735106766
00.0000000300259164198735106766
00.0000000300259164198735106766
00.0000000300259164198735106766
00.0000000300259164198735106766
00.0000000300259164198735106766
00.0000000300259164198735106766
00.0000000300259164198735106766
00.0000000300259164198735106766
00.0000000300259164198735106766
00.0000000300259164198735106766
00.0000000300259164198735106766
00.0000000300259164198735106766
00.0000000300259164198735106766
00.0000000300259164198735106766
00.0000000300259164198735106766
00.0000000300259164198735106766
00.0000000300259164198735106766
00.0000000300259164198735106766
00.0000000300259164198735106766
00.0000000300259164198735106766
00.0000000300259164198735106766
00.0000000300259164198735106766
00.0000000300259164198735106766
00.0000000300259164198735106766
00.0000000300259164198735106766
00.0000000300259164198735106766
00.0000000300259164198735106766
00.0000000300259164198735106766
00.0000000300259164198735106766
00.0000000300259164198735106766
00.0000000300259164198735106766
00.0000000300259164198735106766
00.0000000300259164198735106766
00.0000000300259164198735106766
00.0000000300259164198735106766
00.0000000300259164198735106766
00.0000000300259164198735106766
00.0000000300259164198735106766
00.0000000300259164198735106766
00.0000000300259164198735106766
00.0000000300259164198735106766
00.0000000300259164198735106766
00.0000000300259164198735106766
00.0000000300259164198735106766
00.0000000300259164198735106766
00.0000000300259164198735106766
00.0000000300259164198735106766
00.0000000300259164198735106766
00.0000000300259164198735106766
00.0000000300259164198735106766
00.0000000300259164198735106766
00.0000000300259164198735106766
00.0000000300259164198735106766
00.0000000300259164198735106766
00.0000000300259164198735106766
00.0000000300259164198735106766
00.0000000300259164198735106766
00.0000000300259164198735106766
00.0000000300259164198735106766
00.0000000300259164198735106766
00.0000000300259164198735106766
00.0000000300259164198735106766
00.0000000300259164198735106766
00.0000000300259164198735106766
00.0000000300259164198735106766
00.0000000300259164198735106766
00.0000000300259164198735106766
00.0000000300259164198735106766
00.0000000300259164198735106766
00.0000000300259164198735106766
00.0000000300259164198735106766
00.0000000300259164198735106766
00.0000000300259164198735106766
00.0000000300259164198735106766
00.0000000300259164198735106766
00.0000000300259164198735106766
00.0000000300259164198735106766
00.0000000300259164198735106766
00.0000000300259164198735106766
00.0000000300259164198735106766
00.0000000300259164198735106766
00.0000000300259164198735106766
00.0000000300259164198735106766
00.0000000300259164198735106766
00.0000000300259164198735106766
00.0000000300259164198735106766
00.0000000300259164198735106766
00.0000000300259164198735106766
00.0000000300259164198735106766
00.0000000300259164198735106766
00.0000000300259164198735106766
00.0000000300259164198735106766
00.0000000300259164198735106766
00.0000000300259164198735106766
00.0000000300259164198735106766
00.0000000300259164198735106766
00.0000000300259164198735106766
00.0000000300259164198735106766
00.0000000300259164198735106766
00.0000000300259164198735106766
00.0000000300259164198735106766
00.0000000300259164198735106766
00.0000000300259164198735106766
00.0000000300259164198735106766
00.0000000300259164198735106766
00.0000000300259164198735106766
00.0000000300259164198735106766
00.0000000300259164198735106766
00.0000000300259164198735106766
00.0000000300259164198735106766
00.0000000300259164198735106766
00.0000000300259164198735106766
00.0000000300259164198735106766
00.0000000300259164198735106766
00.0000000300259164198735106766
00.0000000300259164198735106766
00.0000000300259164198735106766
00.0000000300259164198735106766
00.0000000300259164198735106766
00.0000000300259164198735106766
00.0000000300259164198735106766
00.0000000300259164198735106766
00.0000000300259164198735106766
00.0000000300259164198735106766
00.0000000300259164198735106766
00.0000000300259164198735106766
00.0000000300259164198735106766
00.0000000300259164198735106766
00.0000000300259164198735106766
00.0000000300259164198735106766
00.0000000300259164198735106766
00.0000000300259164198735106766
00.0000000300259164198735106766
00.0000000300259164198735106766
00.0000000300259164198735106766
00.0000000300259164198735106766
00.0000000300259164198735106766
00.0000000300259164198735106766
00.0000000300259164198735106766
00.0000000300259164198735106766
00.0000000300259164198735106766
00.0000000300259164198735106766
00.0000000300259164198735106766
00.0000000300259164198735106766
00.0000000300259164198735106766
00.0000000300259164198735106766
00.0000000300259164198735106766
00.0000000300259164198735106766
00.0000000300259164198735106766
00.0000000300259164198735106766
00.0000000300259164198735106766
00.0000000300259164198735106766
00.0000000300259164198735106766
00.0000000300259164198735106766
00.0000000300259164198735106766
00.0000000300259164198735106766
00.0000000300259164198735106766
00.0000000300259164198735106766
00.0000000300259164198735106766
00.0000000300259164198735106766
00.0000000300259164198735106766
00.0000000300259164198735106766
00.0000000300259164198735106766
00.0000000300259164198735106766
00.0000000300259164198735106766
00.0000000300259164198735106766
00.0000000300259164198735106766
00.0000000300259164198735106766
00.0000000300259164198735106766
00.0000000300259164198735106766
00.0000000300259164198735106766
00.0000000300259164198735106766
00.0000000300259164198735106766
00.0000000300259164198735106766
00.0000000300259164198735106766
00.0000000300259164198735106766
00.0000000300259164198735106766
00.0000000300259164198735106766
00.0000000300259164198735106766
00.0000000300259164198735106766
00.0000000300259164198735106766
00.0000000300259164198735106766
00.0000000300259164198735106766
00.0000000300259164198735106766
00.0000000300259164198735106766
00.0000000300259164198735106766
00.0000000300259164198735106766
00.0000000300259164198735106766
00.0000000300259164198735106766
00.0000000300259164198735106766
00.0000000300259164198735106766
00.0000000300259164198735106766
00.0000000300259164198735106766
00.0000000300259164198735106766
00.0000000300259164198735106766
00.0000000300259164198735106766
00.0000000300259164198735106766
00.0000000300259164198735106766
00.0000000300259164198735106766
00.0000000300259164198735106766
00.0000000300259164198735106766
00.0000000300259164198735106766
00.0000000300259164198735106766
00.0000000300259164198735106766
00.0000000300259164198735106766
00.0000000300259164198735106766
00.0000000300259164198735106766
00.0000000300259164198735106766
00.0000000300259164198735106766
00.0000000300259164198735106766
00.0000000300259164198735106766
00.0000000300259164198735106766
00.0000000300259164198735106766
00.0000000300259164198735106766
00.0000000300259164198735106766
00.0000000300259164198735106766
00.0000000300259164198735106766
00.0000000300259164198735106766
00.0000000300259164198735106766
00.0000000300259164198735106766
00.0000000300259164198735106766
00.0000000300259164198735106766
00.0000000300259164198735106766
00.0000000300259164198735106766
00.0000000300259164198735106766
00.0000000300259164198735106766
00.0000000300259164198735106766
00.0000000300259164198735106766
00.0000000300259164198735106766
00.0000000300259164198735106766
00.0000000300259164198735106766
00.0000000300259164198735106766
00.0000000300259164198735106766
00.0000000300259164198735106766
00.0000000300259164198735106766
00.0000000300259164198735106766
00.0000000300259164198735106766
00.0000000300259164198735106766
00.0000000300259164198735106766
00.0000000300259164198735106766
00.0000000300259164198735106766
00.0000000300259164198735106766
00.0000000300259164198735106766
00.0000000300259164198735106766
00.0000000300259164198735106766
00.0000000300259164198735106766
00.0000000300259164198735106766
00.0000000300259164198735106766
00.0000000300259164198735106766
00.0000000300259164198735106766
00.0000000300259164198735106766
00.0000000300259164198735106766
00.0000000300259164198735106766
00.0000000300259164198735106766
00.0000000300259164198735106766
00.0000000300259164198735106766
00.0000000300259164198735106766
00.0000000300259164198735106766
00.0000000300259164198735106766
00.0000000300259164198735106766
00.0000000300259164198735106766
00.0000000300259164198735106766
00.0000000300259164198735106766
00.0000000300259164198735106766
00.0000000300259164198735106766
00.0000000300259164198735106766
00.0000000300259164198735106766
00.0000000300259164198735106766
00.0000000300259164198735106766
00.0000000300259164198735106766
00.0000000300259164198735106766
00.0000000300259164198735106766
00.0000000300259164198735106766
00.0000000300259164198735106766
00.0000000300259164198735106766
00.0000000300259164198735106766
00.0000000300259164198735106766
00.0000000300259164198735106766
00.0000000300259164198735106766
00.0000000300259164198735106766
00.0000000300259164198735106766
00.0000000300259164198735106766
00.0000000300259164198735106766
00.0000000300259164198735106766
00.0000000300259164198735106766
00.0000000300259164198735106766
00.0000000300259164198735106766
00.0000000300259164198735106766
00.0000000300259164198735106766
00.0000000300259164198735106766
00.0000000300259164198735106766
00.0000000300259164198735106766
00.0000000300259164198735106766
00.0000000300259164198735106766
00.0000000300259164198735106766
00.0000000300259164198735106766
00.0000000300259164198735106766
00.0000000300259164198735106766
00.0000000300259164198735106766
00.0000000300259164198735106766
00.0000000300259164198735106766
00.0000000300259164198735106766
00.0000000300259164198735106766
00.0000000300259164198735106766
00.0000000300259164198735106766
00.0000000300259164198735106766
00.0000000300259164198735106766
00.0000000300259164198735106766
00.0000000300259164198735106766
00.0000000300259164198735106766
00.0000000300259164198735106766
00.0000000300259164198735106766
00.0000000300259164198735106766
00.0000000300259164198735106766
00.0000000300259164198735106766
00.0000000300259164198735106766
00.0000000300259164198735106766
00.0000000300259164198735106766
00.0000000300259164198735106766
00.0000000300259164198735106766
00.0000000300259164198735106766
00.0000000276503376861469973846
00.0000000276503376861469973846
00.0000000276503376861469973846
00.0000000276503376861469973846
00.0000000276503376861469973846
00.0000000276503376861469973846
00.0000000276503376861469973846
00.0000000276503376861469973846
00.0000000276503376861469973846
00.0000000276503376861469973846
00.0000000276503376861469973846
00.0000000276503376861469973846
00.0000000276503376861469973846
00.0000000276503376861469973846
00.0000000276503376861469973846
00.0000000276503376861469973846
00.0000000276503376861469973846
00.0000000276503376861469973846
00.0000000276503376861469973846
00.0000000276503376861469973846
00.0000000276503376861469973846
00.0000000276503376861469973846
00.0000000276503376861469973846
00.0000000276503376861469973846
00.0000000276503376861469973846
00.0000000276503376861469973846
00.0000000276503376861469973846
00.0000000276503376861469973846
00.0000000276503376861469973846
00.0000000276503376861469973846
00.0000000276503376861469973846
00.0000000276503376861469973846
00.0000000276503376861469973846
00.0000000276503376861469973846
00.0000000276503376861469973846
00.0000000276503376861469973846
00.0000000276503376861469973846
00.0000000276503376861469973846
00.0000000276503376861469973846
00.0000000276503376861469973846
00.0000000276503376861469973846
00.0000000276503376861469973846
00.0000000276503376861469973846
00.0000000276503376861469973846
00.0000000276503376861469973846
00.0000000276503376861469973846
00.0000000276503376861469973846
00.0000000276503376861469973846
00.0000000276503376861469973846
00.0000000276503376861469973846
00.0000000276503376861469973846
00.0000000276503376861469973846
00.0000000276503376861469973846
00.0000000276503376861469973846
00.0000000276503376861469973846
00.0000000276503376861469973846
00.0000000276503376861469973846
00.0000000276503376861469973846
00.0000000276503376861469973846
00.0000000276503376861469973846
00.0000000276503376861469973846
00.0000000276503376861469973846
00.0000000276503376861469973846
00.0000000276503376861469973846
00.0000000276503376861469973846
00.0000000276503376861469973846
00.0000000276503376861469973846
00.0000000276503376861469973846
00.0000000276503376861469973846
00.0000000276503376861469973846
00.0000000276503376861469973846
00.0000000276503376861469973846
00.0000000276503376861469973846
00.0000000276503376861469973846
00.0000000276503376861469973846
00.0000000276503376861469973846
00.0000000276503376861469973846
00.0000000276503376861469973846
00.0000000276503376861469973846
00.0000000276503376861469973846
00.0000000276503376861469973846
00.0000000276503376861469973846
00.0000000276503376861469973846
00.0000000276503376861469973846
00.0000000276503376861469973846
00.0000000276503376861469973846
00.0000000276503376861469973846
00.0000000276503376861469973846
00.0000000276503376861469973846
00.0000000276503376861469973846
00.0000000276503376861469973846
00.0000000276503376861469973846
00.0000000276503376861469973846
00.0000000276503376861469973846
00.0000000276503376861469973846
00.0000000276503376861469973846
00.0000000276503376861469973846
00.0000000276503376861469973846
00.0000000276503376861469973846
00.0000000276503376861469973846
00.0000000276503376861469973846
00.0000000276503376861469973846
00.0000000276503376861469973846
00.0000000276503376861469973846
00.0000000276503376861469973846
00.0000000276503376861469973846
00.0000000276503376861469973846
00.0000000276503376861469973846
00.0000000276503376861469973846
00.0000000276503376861469973846
00.0000000276503376861469973846
00.0000000276503376861469973846
00.0000000276503376861469973846
00.0000000276503376861469973846
00.0000000276503376861469973846
00.0000000276503376861469973846
00.0000000276503376861469973846
00.0000000276503376861469973846
00.0000000276503376861469973846
00.0000000276503376861469973846
00.0000000276503376861469973846
00.0000000276503376861469973846
00.0000000276503376861469973846
00.0000000276503376861469973846
00.0000000276503376861469973846
00.0000000276503376861469973846
00.0000000276503376861469973846
00.0000000276503376861469973846
00.0000000276503376861469973846
00.0000000276503376861469973846
00.0000000276503376861469973846
00.0000000276503376861469973846
00.0000000276503376861469973846
00.0000000276503376861469973846
00.0000000276503376861469973846
00.0000000276503376861469973846
00.0000000276503376861469973846
00.0000000276503376861469973846
00.0000000276503376861469973846
00.0000000276503376861469973846
00.0000000276503376861469973846
00.0000000276503376861469973846
00.0000000276503376861469973846
00.0000000276503376861469973846
00.0000000276503376861469973846
00.0000000276503376861469973846
00.0000000276503376861469973846
00.0000000276503376861469973846
00.0000000276503376861469973846
00.0000000276503376861469973846
00.0000000276503376861469973846
00.0000000276503376861469973846
00.0000000276503376861469973846
00.0000000276503376861469973846
00.0000000276503376861469973846
00.0000000276503376861469973846
00.0000000276503376861469973846
00.0000000276503376861469973846
00.0000000276503376861469973846
00.0000000276503376861469973846
00.0000000276503376861469973846
00.0000000276503376861469973846
00.0000000276503376861469973846
00.0000000276503376861469973846
00.0000000276503376861469973846
00.0000000276503376861469973846
00.0000000276503376861469973846
00.0000000276503376861469973846
00.0000000276503376861469973846
00.0000000276503376861469973846
00.0000000276503376861469973846
00.0000000276503376861469973846
00.0000000276503376861469973846
00.0000000276503376861469973846
00.0000000276503376861469973846
00.0000000276503376861469973846
00.0000000276503376861469973846
00.0000000276503376861469973846
00.0000000276503376861469973846
00.0000000276503376861469973846
00.0000000276503376861469973846
00.0000000276503376861469973846
00.0000000276503376861469973846
00.0000000276503376861469973846
00.0000000276503376861469973846
00.0000000276503376861469973846
00.0000000276503376861469973846
00.0000000276503376861469973846
00.0000000276503376861469973846
00.0000000276503376861469973846
00.0000000276503376861469973846
00.0000000276503376861469973846
00.0000000276503376861469973846
00.0000000276503376861469973846
00.0000000276503376861469973846
00.0000000276503376861469973846
00.0000000276503376861469973846
00.0000000276503376861469973846
00.0000000276503376861469973846
00.0000000276503376861469973846
00.0000000276503376861469973846
00.0000000276503376861469973846
00.0000000276503376861469973846
00.0000000276503376861469973846
00.0000000276503376861469973846
00.0000000276503376861469973846
00.0000000276503376861469973846
00.0000000276503376861469973846
00.0000000276503376861469973846
00.0000000276503376861469973846
00.0000000276503376861469973846
00.0000000276503376861469973846
00.0000000276503376861469973846
00.0000000276503376861469973846
00.0000000276503376861469973846
00.0000000276503376861469973846
00.0000000276503376861469973846
00.0000000276503376861469973846
00.0000000276503376861469973846
00.0000000276503376861469973846
00.0000000276503376861469973846
00.0000000276503376861469973846
00.0000000276503376861469973846
00.0000000276503376861469973846
00.0000000276503376861469973846
00.0000000276503376861469973846
00.0000000276503376861469973846
00.0000000276503376861469973846
00.0000000276503376861469973846
00.0000000276503376861469973846
00.0000000276503376861469973846
00.0000000276503376861469973846
00.0000000276503376861469973846
00.0000000276503376861469973846
00.0000000276503376861469973846
00.0000000276503376861469973846
00.0000000276503376861469973846
00.0000000276503376861469973846
00.0000000276503376861469973846
00.0000000276503376861469973846
00.0000000276503376861469973846
00.0000000276503376861469973846
00.0000000276503376861469973846
00.0000000276503376861469973846
00.0000000276503376861469973846
00.0000000276503376861469973846
00.0000000276503376861469973846
00.0000000276503376861469973846
00.0000000276503376861469973846
00.0000000276503376861469973846
00.0000000276503376861469973846
00.0000000276503376861469973846
00.0000000276503376861469973846
00.0000000276503376861469973846
00.0000000276503376861469973846
00.0000000276503376861469973846
00.0000000276503376861469973846
00.0000000276503376861469973846
00.0000000276503376861469973846
00.0000000276503376861469973846
00.0000000276503376861469973846
00.0000000276503376861469973846
00.0000000276503376861469973846
00.0000000276503376861469973846
00.0000000276503376861469973846
00.0000000276503376861469973846
00.0000000276503376861469973846
00.0000000276503376861469973846
00.0000000276503376861469973846
00.0000000276503376861469973846
00.0000000276503376861469973846
00.0000000276503376861469973846
00.0000000276503376861469973846
00.0000000276503376861469973846
00.0000000276503376861469973846
00.0000000276503376861469973846
00.0000000276503376861469973846
00.0000000276503376861469973846
00.0000000276503376861469973846
00.0000000276503376861469973846
00.0000000276503376861469973846
00.0000000276503376861469973846
00.0000000276503376861469973846
00.0000000276503376861469973846
00.0000000276503376861469973846
00.0000000276503376861469973846
00.0000000276503376861469973846
00.0000000276503376861469973846
00.0000000276503376861469973846
00.0000000276503376861469973846
00.0000000276503376861469973846
00.0000000276503376861469973846
00.0000000276503376861469973846
00.0000000276503376861469973846
00.0000000276503376861469973846
00.0000000276503376861469973846
00.0000000276503376861469973846
00.0000000276503376861469973846
00.0000000276503376861469973846
00.0000000276503376861469973846
00.0000000276503376861469973846
00.0000000276503376861469973846
00.0000000276503376861469973846
00.0000000276503376861469973846
00.0000000276503376861469973846
00.0000000276503376861469973846
00.0000000276503376861469973846
00.0000000276503376861469973846
00.0000000276503376861469973846
00.0000000276503376861469973846
00.0000000276503376861469973846
00.0000000276503376861469973846
00.0000000276503376861469973846
00.0000000276503376861469973846
00.0000000276503376861469973846
00.0000000276503376861469973846
00.0000000276503376861469973846
00.0000000276503376861469973846
00.0000000276503376861469973846
00.0000000276503376861469973846
00.0000000276503376861469973846
00.0000000276503376861469973846
00.0000000276503376861469973846
00.0000000276503376861469973846
00.0000000276503376861469973846
00.0000000276503376861469973846
00.0000000276503376861469973846
00.0000000276503376861469973846
00.0000000276503376861469973846
00.0000000276503376861469973846
00.0000000276503376861469973846
00.0000000276503376861469973846
00.0000000276503376861469973846
00.0000000276503376861469973846
00.0000000276503376861469973846
00.0000000276503376861469973846
00.0000000276503376861469973846
00.0000000276503376861469973846
00.0000000276503376861469973846
00.0000000276503376861469973846
00.0000000276503376861469973846
00.0000000276503376861469973846
00.0000000276503376861469973846
00.0000000276503376861469973846
00.0000000276503376861469973846
00.0000000276503376861469973846
00.0000000276503376861469973846
00.0000000276503376861469973846
00.0000000276503376861469973846
00.0000000276503376861469973846
00.0000000276503376861469973846
00.0000000276503376861469973846
00.0000000276503376861469973846
00.0000000276503376861469973846
00.0000000276503376861469973846
00.0000000276503376861469973846
00.0000000276503376861469973846
00.0000000276503376861469973846
00.0000000276503376861469973846
00.0000000276503376861469973846
00.0000000276503376861469973846
00.0000000276503376861469973846
00.0000000276503376861469973846
00.0000000276503376861469973846
00.0000000276503376861469973846
00.0000000276503376861469973846
00.0000000276503376861469973846
00.0000000276503376861469973846
00.0000000276503376861469973846
00.0000000276503376861469973846
00.0000000276503376861469973846
00.0000000276503376861469973846
00.0000000276503376861469973846
00.0000000276503376861469973846
00.0000000276503376861469973846
00.0000000276503376861469973846
00.0000000276503376861469973846
00.0000000276503376861469973846
00.0000000276503376861469973846
00.0000000276503376861469973846
00.0000000276503376861469973846
00.0000000276503376861469973846
00.0000000276503376861469973846
00.0000000276503376861469973846
00.0000000276503376861469973846
00.0000000276503376861469973846
00.0000000276503376861469973846
00.0000000276503376861469973846
00.0000000276503376861469973846
00.0000000276503376861469973846
00.0000000276503376861469973846
00.0000000276503376861469973846
00.0000000276503376861469973846
00.0000000276503376861469973846
00.0000000276503376861469973846
00.0000000276503376861469973846
00.0000000276503376861469973846
00.0000000276503376861469973846
00.0000000276503376861469973846
00.0000000276503376861469973846
00.0000000276503376861469973846
00.0000000276503376861469973846
00.0000000276503376861469973846
00.0000000276503376861469973846
00.0000000276503376861469973846
00.0000000276503376861469973846
00.0000000276503376861469973846
00.0000000276503376861469973846
00.0000000276503376861469973846
00.0000000276503376861469973846
00.0000000276503376861469973846
00.0000000276503376861469973846
00.0000000276503376861469973846
00.0000000276503376861469973846
00.0000000276503376861469973846
00.0000000276503376861469973846
00.0000000276503376861469973846
00.0000000276503376861469973846
00.0000000276503376861469973846
00.0000000276503376861469973846
00.0000000276503376861469973846
00.0000000276503376861469973846
00.0000000276503376861469973846
00.0000000276503376861469973846
00.0000000276503376861469973846
00.0000000276503376861469973846
00.0000000276503376861469973846
00.0000000276503376861469973846
00.0000000276503376861469973846
00.0000000276503376861469973846
00.0000000276503376861469973846
00.0000000276503376861469973846
00.0000000276503376861469973846
00.0000000276503376861469973846
00.0000000276503376861469973846
00.0000000276503376861469973846
00.0000000276503376861469973846
00.0000000276503376861469973846
00.0000000276503376861469973846
00.0000000276503376861469973846
00.0000000276503376861469973846
00.0000000276503376861469973846
00.0000000276503376861469973846
00.0000000276503376861469973846
00.0000000276503376861469973846
00.0000000276503376861469973846
00.0000000276503376861469973846
00.0000000276503376861469973846
00.0000000276503376861469973846
00.0000000276503376861469973846
00.0000000276503376861469973846
00.0000000276503376861469973846
00.0000000276503376861469973846
00.0000000276503376861469973846
00.0000000276503376861469973846
00.0000000276503376861469973846
00.0000000276503376861469973846
00.0000000276503376861469973846
00.0000000276503376861469973846
00.0000000276503376861469973846
00.0000000276503376861469973846
00.0000000276503376861469973846
00.0000000276503376861469973846
00.0000000276503376861469973846
00.0000000276503376861469973846
00.0000000276503376861469973846
00.0000000276503376861469973846
00.0000000276503376861469973846
00.0000000276503376861469973846
00.0000000276503376861469973846
00.0000000276503376861469973846
00.0000000276503376861469973846
00.0000000276503376861469973846
00.0000000276503376861469973846
00.0000000276503376861469973846
00.0000000276503376861469973846
00.0000000276503376861469973846
00.0000000276503376861469973846
00.0000000276503376861469973846
00.0000000276503376861469973846
00.0000000276503376861469973846
00.0000000276503376861469973846
00.0000000276503376861469973846
00.0000000276503376861469973846
00.0000000276503376861469973846
00.0000000276503376861469973846
00.0000000276503376861469973846
00.0000000276503376861469973846
00.0000000276503376861469973846
00.0000000276503376861469973846
00.0000000276503376861469973846
00.0000000276503376861469973846
00.0000000276503376861469973846
00.0000000276503376861469973846
00.0000000276503376861469973846
00.0000000276503376861469973846
00.0000000276503376861469973846
00.0000000276503376861469973846
00.0000000276503376861469973846
00.0000000276503376861469973846
00.0000000276503376861469973846
00.0000000276503376861469973846
00.0000000276503376861469973846
00.0000000276503376861469973846
00.0000000276503376861469973846
00.0000000276503376861469973846
00.0000000276503376861469973846
00.0000000276503376861469973846
00.0000000276503376861469973846
00.0000000276503376861469973846
00.0000000276503376861469973846
00.0000000276503376861469973846
00.0000000276503376861469973846
00.0000000276503376861469973846
00.0000000276503376861469973846
00.0000000276503376861469973846
00.0000000276503376861469973846
00.0000000276503376861469973846
00.0000000276503376861469973846
00.0000000276503376861469973846
00.0000000276503376861469973846
00.0000000276503376861469973846
00.0000000276503376861469973846
00.0000000276503376861469973846
00.0000000276503376861469973846
00.0000000276503376861469973846
00.0000000276503376861469973846
00.0000000276503376861469973846
00.0000000276503376861469973846
00.0000000276503376861469973846
00.0000000276503376861469973846
00.0000000276503376861469973846
00.0000000276503376861469973846
00.0000000276503376861469973846
00.0000000276503376861469973846
00.0000000276503376861469973846
00.0000000276503376861469973846
00.0000000276503376861469973846
00.0000000276503376861469973846
00.0000000276503376861469973846
00.0000000276503376861469973846
00.0000000276503376861469973846
00.0000000276503376861469973846
00.0000000276503376861469973846
00.0000000276503376861469973846
00.0000000276503376861469973846
00.0000000276503376861469973846
00.0000000276503376861469973846
00.0000000276503376861469973846
00.0000000276503376861469973846
00.0000000276503376861469973846
00.0000000276503376861469973846
00.0000000276503376861469973846
00.0000000276503376861469973846
00.0000000276503376861469973846
00.0000000276503376861469973846
00.0000000276503376861469973846
00.0000000276503376861469973846
00.0000000276503376861469973846
00.0000000276503376861469973846
00.0000000276503376861469973846
00.0000000276503376861469973846
00.0000000276503376861469973846
00.0000000276503376861469973846
00.0000000276503376861469973846
00.0000000276503376861469973846
00.0000000276503376861469973846
00.0000000276503376861469973846
00.0000000276503376861469973846
00.0000000276503376861469973846
00.0000000276503376861469973846
00.0000000276503376861469973846
00.0000000276503376861469973846
00.0000000276503376861469973846
00.0000000276503376861469973846
00.0000000276503376861469973846
00.0000000276503376861469973846
00.0000000276503376861469973846
00.0000000276503376861469973846
00.0000000276503376861469973846
00.0000000276503376861469973846
00.0000000276503376861469973846
00.0000000276503376861469973846
00.0000000276503376861469973846
00.0000000276503376861469973846
00.0000000276503376861469973846
00.0000000276503376861469973846
00.0000000276503376861469973846
00.0000000276503376861469973846
00.0000000276503376861469973846
00.0000000276503376861469973846
00.0000000276503376861469973846
00.0000000276503376861469973846
00.0000000276503376861469973846
00.0000000276503376861469973846
00.0000000276503376861469973846
00.0000000276503376861469973846
00.0000000276503376861469973846
00.0000000276503376861469973846
00.0000000276503376861469973846
00.0000000276503376861469973846
00.0000000276503376861469973846
00.0000000276503376861469973846
00.0000000276503376861469973846
00.0000000276503376861469973846
00.0000000276503376861469973846
00.0000000276503376861469973846
00.0000000276503376861469973846
00.0000000276503376861469973846
00.0000000276503376861469973846
00.0000000276503376861469973846
00.0000000276503376861469973846
00.0000000276503376861469973846
00.0000000276503376861469973846
00.0000000276503376861469973846
00.0000000276503376861469973846
00.0000000276503376861469973846
00.0000000276503376861469973846
00.0000000276503376861469973846
00.0000000276503376861469973846
00.0000000276503376861469973846
00.0000000276503376861469973846
00.0000000276503376861469973846
00.0000000276503376861469973846
00.0000000276503376861469973846
00.0000000276503376861469973846
00.0000000276503376861469973846
00.0000000276503376861469973846
00.0000000276503376861469973846
00.0000000276503376861469973846
00.0000000276503376861469973846
00.0000000276503376861469973846
00.0000000276503376861469973846
00.0000000276503376861469973846
00.0000000276503376861469973846
00.0000000276503376861469973846
00.0000000276503376861469973846
00.0000000276503376861469973846
00.0000000276503376861469973846
00.0000000276503376861469973846
00.0000000276503376861469973846
00.0000000276503376861469973846
00.0000000276503376861469973846
00.0000000276503376861469973846
00.0000000276503376861469973846
00.0000000276503376861469973846
00.0000000276503376861469973846
00.0000000276503376861469973846
00.0000000276503376861469973846
00.0000000276503376861469973846
00.0000000276503376861469973846
00.0000000276503376861469973846
00.0000000276503376861469973846
00.0000000276503376861469973846
00.0000000276503376861469973846
00.0000000276503376861469973846
00.0000000276503376861469973846
00.0000000276503376861469973846
00.0000000276503376861469973846
00.0000000276503376861469973846
00.0000000276503376861469973846
00.0000000276503376861469973846
00.0000000276503376861469973846
00.0000000276503376861469973846
00.0000000276503376861469973846
00.0000000276503376861469973846
00.0000000276503376861469973846
00.0000000276503376861469973846
00.0000000276503376861469973846
00.0000000276503376861469973846
00.0000000276503376861469973846
00.0000000276503376861469973846
00.0000000276503376861469973846
00.0000000276503376861469973846
00.0000000276503376861469973846
00.0000000276503376861469973846
00.0000000276503376861469973846
00.0000000276503376861469973846
00.0000000276503376861469973846
00.0000000276503376861469973846
00.0000000276503376861469973846
00.0000000276503376861469973846
00.0000000276503376861469973846
00.0000000276503376861469973846
00.0000000276503376861469973846
00.0000000276503376861469973846
00.0000000276503376861469973846
00.0000000276503376861469973846
00.0000000276503376861469973846
00.0000000276503376861469973846
00.0000000276503376861469973846
00.0000000276503376861469973846
00.0000000276503376861469973846
00.0000000276503376861469973846
00.0000000276503376861469973846
00.0000000276503376861469973846
00.0000000276503376861469973846
00.0000000276503376861469973846
00.0000000276503376861469973846
00.0000000276503376861469973846
00.0000000276503376861469973846
00.0000000276503376861469973846
00.0000000276503376861469973846
00.0000000276503376861469973846
00.0000000276503376861469973846
00.0000000276503376861469973846
00.0000000276503376861469973846
00.0000000276503376861469973846
00.0000000276503376861469973846
00.0000000276503376861469973846
00.0000000276503376861469973846
00.0000000276503376861469973846
00.0000000276503376861469973846
00.0000000276503376861469973846
00.0000000276503376861469973846
00.0000000276503376861469973846
00.0000000276503376861469973846
00.0000000276503376861469973846
00.0000000276503376861469973846
00.0000000276503376861469973846
00.0000000276503376861469973846
00.0000000276503376861469973846
00.0000000276503376861469973846
00.0000000276503376861469973846
00.0000000276503376861469973846
00.0000000276503376861469973846
00.0000000276503376861469973846
00.0000000276503376861469973846
00.0000000276503376861469973846
00.0000000276503376861469973846
00.0000000276503376861469973846
00.0000000276503376861469973846
00.0000000276503376861469973846
00.0000000276503376861469973846
00.0000000276503376861469973846
00.0000000276503376861469973846
00.0000000276503376861469973846
00.0000000276503376861469973846
00.0000000276503376861469973846
00.0000000276503376861469973846
00.0000000276503376861469973846
00.0000000276503376861469973846
00.0000000276503376861469973846
00.0000000276503376861469973846
00.0000000276503376861469973846
00.0000000276503376861469973846
00.0000000276503376861469973846
00.0000000276503376861469973846
00.0000000276503376861469973846
00.0000000276503376861469973846
00.0000000276503376861469973846
00.0000000276503376861469973846
00.0000000276503376861469973846
00.0000000276503376861469973846
00.0000000276503376861469973846
00.0000000276503376861469973846
00.0000000276503376861469973846
00.0000000276503376861469973846
00.0000000276503376861469973846
00.0000000276503376861469973846
00.0000000276503376861469973846
00.0000000276503376861469973846
00.0000000276503376861469973846
00.0000000276503376861469973846
00.0000000276503376861469973846
00.0000000276503376861469973846
00.0000000276503376861469973846
00.0000000276503376861469973846
00.0000000276503376861469973846
00.0000000276503376861469973846
00.0000000276503376861469973846
00.0000000276503376861469973846
00.0000000276503376861469973846
00.0000000276503376861469973846
00.0000000276503376861469973846
00.0000000276503376861469973846
00.0000000276503376861469973846
00.0000000276503376861469973846
00.0000000276503376861469973846
00.0000000276503376861469973846
00.0000000276503376861469973846
00.0000000276503376861469973846
00.0000000276503376861469973846
00.0000000276503376861469973846
00.0000000276503376861469973846
00.0000000276503376861469973846
00.0000000276503376861469973846
00.0000000276503376861469973846
00.0000000276503376861469973846
00.0000000276503376861469973846
00.0000000276503376861469973846
00.0000000276503376861469973846
00.0000000276503376861469973846
00.0000000276503376861469973846
00.0000000276503376861469973846
00.0000000276503376861469973846
00.0000000276503376861469973846
00.0000000276503376861469973846
00.0000000276503376861469973846
00.0000000276503376861469973846
00.0000000276503376861469973846
00.0000000276503376861469973846
00.0000000276503376861469973846
00.0000000276503376861469973846
00.0000000276503376861469973846
00.0000000276503376861469973846
00.0000000276503376861469973846
00.0000000276503376861469973846
00.0000000276503376861469973846
00.0000000276503376861469973846
00.0000000276503376861469973846
00.0000000276503376861469973846
00.0000000276503376861469973846
00.0000000276503376861469973846
00.0000000276503376861469973846
00.0000000276503376861469973846
00.0000000276503376861469973846
00.0000000276503376861469973846
00.0000000276503376861469973846
00.0000000276503376861469973846
00.0000000276503376861469973846
00.0000000276503376861469973846
00.0000000276503376861469973846
00.0000000276503376861469973846
00.0000000276503376861469973846
00.0000000276503376861469973846
00.0000000276503376861469973846
00.0000000276503376861469973846
00.0000000276503376861469973846
00.0000000276503376861469973846
00.0000000276503376861469973846
00.0000000276503376861469973846
00.0000000276503376861469973846
00.0000000276503376861469973846
00.0000000276503376861469973846
00.0000000276503376861469973846
00.0000000276503376861469973846
00.0000000276503376861469973846
00.0000000276503376861469973846
00.0000000276503376861469973846
00.0000000276503376861469973846
00.0000000276503376861469973846
00.0000000276503376861469973846
00.0000000276503376861469973846
00.0000000276503376861469973846
00.0000000276503376861469973846
00.0000000276503376861469973846
00.0000000276503376861469973846
00.0000000276503376861469973846
00.0000000276503376861469973846
00.0000000276503376861469973846
00.0000000276503376861469973846
00.0000000276503376861469973846
00.0000000276503376861469973846
00.0000000276503376861469973846
00.0000000276503376861469973846
00.0000000276503376861469973846
00.0000000276503376861469973846
00.0000000276503376861469973846
00.0000000276503376861469973846
00.0000000276503376861469973846
00.0000000276503376861469973846
00.0000000276503376861469973846
00.0000000276503376861469973846
00.0000000276503376861469973846
00.0000000276503376861469973846
00.0000000276503376861469973846
00.0000000276503376861469973846
00.0000000276503376861469973846
00.0000000276503376861469973846
00.0000000276503376861469973846
00.0000000276503376861469973846
00.0000000276503376861469973846
00.0000000276503376861469973846
00.0000000276503376861469973846
00.0000000276503376861469973846
00.0000000276503376861469973846
00.0000000276503376861469973846
00.0000000276503376861469973846
00.0000000276503376861469973846
00.0000000276503376861469973846
00.0000000276503376861469973846
00.0000000276503376861469973846
00.0000000276503376861469973846
00.0000000276503376861469973846
00.0000000276503376861469973846
00.0000000276503376861469973846
00.0000000276503376861469973846
00.0000000276503376861469973846
00.0000000276503376861469973846
00.0000000276503376861469973846
00.0000000276503376861469973846
00.0000000276503376861469973846
00.0000000276503376861469973846
00.0000000276503376861469973846
00.0000000276503376861469973846
00.0000000276503376861469973846
00.0000000276503376861469973846
00.0000000276503376861469973846
00.0000000276503376861469973846
00.0000000276503376861469973846
00.0000000276503376861469973846
00.0000000276503376861469973846
00.0000000276503376861469973846
00.0000000276503376861469973846
00.0000000276503376861469973846
00.0000000276503376861469973846
00.0000000276503376861469973846
00.0000000276503376861469973846
00.0000000276503376861469973846
00.0000000276503376861469973846
00.0000000276503376861469973846
00.0000000276503376861469973846
00.0000000276503376861469973846
00.0000000276503376861469973846
00.0000000276503376861469973846
00.0000000276503376861469973846
00.0000000276503376861469973846
00.0000000276503376861469973846
00.0000000276503376861469973846
00.0000000276503376861469973846
00.0000000276503376861469973846
00.0000000276503376861469973846
00.0000000276503376861469973846
00.0000000276503376861469973846
00.0000000276503376861469973846
00.0000000276503376861469973846
00.0000000276503376861469973846
00.0000000276503376861469973846
00.0000000276503376861469973846
00.0000000276503376861469973846
00.0000000276503376861469973846
00.0000000276503376861469973846
00.0000000276503376861469973846
00.0000000276503376861469973846
00.0000000276503376861469973846
00.0000000276503376861469973846
00.0000000276503376861469973846
00.0000000276503376861469973846
00.0000000276503376861469973846
00.0000000276503376861469973846
00.0000000276503376861469973846
00.0000000276503376861469973846
00.0000000276503376861469973846
00.0000000276503376861469973846
00.0000000276503376861469973846
00.0000000276503376861469973846
00.0000000276503376861469973846
00.0000000276503376861469973846
00.0000000276503376861469973846
00.0000000276503376861469973846
00.0000000276503376861469973846
00.0000000276503376861469973846
00.0000000276503376861469973846
00.0000000276503376861469973846
00.0000000276503376861469973846
00.0000000276503376861469973846
00.0000000276503376861469973846
00.0000000276503376861469973846
00.0000000276503376861469973846
00.0000000276503376861469973846
00.0000000276503376861469973846
00.0000000276503376861469973846
00.0000000276503376861469973846
00.0000000276503376861469973846
00.0000000276503376861469973846
00.0000000276503376861469973846
00.0000000276503376861469973846
00.0000000276503376861469973846
00.0000000276503376861469973846
00.0000000276503376861469973846
00.0000000276503376861469973846
00.0000000276503376861469973846
00.0000000276503376861469973846
00.0000000276503376861469973846
00.0000000276503376861469973846
00.0000000276503376861469973846
00.0000000276503376861469973846
00.0000000276503376861469973846
00.0000000276503376861469973846
00.0000000276503376861469973846
00.0000000276503376861469973846
00.0000000276503376861469973846
00.0000000276503376861469973846
00.0000000276503376861469973846
00.0000000276503376861469973846
00.0000000276503376861469973846
00.0000000276503376861469973846
00.0000000276503376861469973846
00.0000000276503376861469973846
00.0000000276503376861469973846
00.0000000276503376861469973846
00.0000000276503376861469973846
00.0000000276503376861469973846
00.0000000276503376861469973846
00.0000000276503376861469973846
00.0000000276503376861469973846
00.0000000276503376861469973846
00.0000000276503376861469973846
00.0000000276503376861469973846
00.0000000261698617221028939639
00.0000000261698617221028939639
00.0000000261698617221028939639
00.0000000261698617221028939639
00.0000000261698617221028939639
00.0000000261698617221028939639
00.0000000261698617221028939639
00.0000000261698617221028939639
00.0000000261698617221028939639
00.0000000261698617221028939639
00.0000000261698617221028939639
00.0000000261698617221028939639
00.0000000261698617221028939639
00.0000000261698617221028939639
00.0000000261698617221028939639
00.0000000261698617221028939639
00.0000000261698617221028939639
00.0000000261698617221028939639
00.0000000261698617221028939639
00.0000000261698617221028939639
00.0000000261698617221028939639
00.0000000261698617221028939639
00.0000000261698617221028939639
00.0000000261698617221028939639
00.0000000261698617221028939639
00.0000000261698617221028939639
00.0000000261698617221028939639
00.0000000261698617221028939639
00.0000000261698617221028939639
00.0000000261698617221028939639
00.0000000261698617221028939639
00.0000000261698617221028939639
00.0000000261698617221028939639
00.0000000261698617221028939639
00.0000000261698617221028939639
00.0000000261698617221028939639
00.0000000261698617221028939639
00.0000000261698617221028939639
00.0000000261698617221028939639
00.0000000261698617221028939639
00.0000000261698617221028939639
00.0000000261698617221028939639
00.0000000261698617221028939639
00.0000000261698617221028939639
00.0000000261698617221028939639
00.0000000261698617221028939639
00.0000000261698617221028939639
00.0000000261698617221028939639
00.0000000261698617221028939639
00.0000000261698617221028939639
00.0000000261698617221028939639
00.0000000261698617221028939639
00.0000000261698617221028939639
00.0000000261698617221028939639
00.0000000261698617221028939639
00.0000000261698617221028939639
00.0000000261698617221028939639
00.0000000261698617221028939639
00.0000000261698617221028939639
00.0000000261698617221028939639
00.0000000261698617221028939639
00.0000000261698617221028939639
00.0000000261698617221028939639
00.0000000261698617221028939639
00.0000000261698617221028939639
00.0000000261698617221028939639
00.0000000261698617221028939639
00.0000000261698617221028939639
00.0000000261698617221028939639
00.0000000261698617221028939639
00.0000000261698617221028939639
00.0000000261698617221028939639
00.0000000261698617221028939639
00.0000000261698617221028939639
00.0000000261698617221028939639
00.0000000261698617221028939639
00.0000000261698617221028939639
00.0000000261698617221028939639
00.0000000261698617221028939639
00.0000000261698617221028939639
00.0000000261698617221028939639
00.0000000261698617221028939639
00.0000000261698617221028939639
00.0000000261698617221028939639
00.0000000261698617221028939639
00.0000000261698617221028939639
00.0000000261698617221028939639
00.0000000261698617221028939639
00.0000000261698617221028939639
00.0000000261698617221028939639
00.0000000261698617221028939639
00.0000000261698617221028939639
00.0000000261698617221028939639
00.0000000261698617221028939639
00.0000000261698617221028939639
00.0000000261698617221028939639
00.0000000261698617221028939639
00.0000000261698617221028939639
00.0000000261698617221028939639
00.0000000261698617221028939639
00.0000000261698617221028939639
00.0000000261698617221028939639
00.0000000261698617221028939639
00.0000000261698617221028939639
00.0000000261698617221028939639
00.0000000261698617221028939639
00.0000000261698617221028939639
00.0000000261698617221028939639
00.0000000261698617221028939639
00.0000000261698617221028939639
00.0000000261698617221028939639
00.0000000261698617221028939639
00.0000000261698617221028939639
00.0000000261698617221028939639
00.0000000261698617221028939639
00.0000000261698617221028939639
00.0000000261698617221028939639
00.0000000261698617221028939639
00.0000000261698617221028939639
00.0000000261698617221028939639
00.0000000261698617221028939639
00.0000000261698617221028939639
00.0000000261698617221028939639
00.0000000261698617221028939639
00.0000000261698617221028939639
00.0000000261698617221028939639
00.0000000261698617221028939639
00.0000000261698617221028939639
00.0000000261698617221028939639
00.0000000261698617221028939639
00.0000000261698617221028939639
00.0000000261698617221028939639
00.0000000261698617221028939639
00.0000000261698617221028939639
00.0000000261698617221028939639
00.0000000261698617221028939639
00.0000000261698617221028939639
00.0000000261698617221028939639
00.0000000261698617221028939639
00.0000000261698617221028939639
00.0000000261698617221028939639
00.0000000261698617221028939639
00.0000000261698617221028939639
00.0000000261698617221028939639
00.0000000261698617221028939639
00.0000000261698617221028939639
00.0000000261698617221028939639
00.0000000261698617221028939639
00.0000000261698617221028939639
00.0000000261698617221028939639
00.0000000261698617221028939639
00.0000000261698617221028939639
00.0000000261698617221028939639
00.0000000261698617221028939639
00.0000000261698617221028939639
00.0000000261698617221028939639
00.0000000261698617221028939639
00.0000000261698617221028939639
00.0000000261698617221028939639
00.0000000261698617221028939639
00.0000000261698617221028939639
00.0000000261698617221028939639
00.0000000261698617221028939639
00.0000000261698617221028939639
00.0000000261698617221028939639
00.0000000261698617221028939639
00.0000000261698617221028939639
00.0000000261698617221028939639
00.0000000261698617221028939639
00.0000000261698617221028939639
00.0000000261698617221028939639
00.0000000261698617221028939639
00.0000000261698617221028939639
00.0000000261698617221028939639
00.0000000261698617221028939639
00.0000000261698617221028939639
00.0000000261698617221028939639
00.0000000261698617221028939639
00.0000000261698617221028939639
00.0000000261698617221028939639
00.0000000261698617221028939639
00.0000000261698617221028939639
00.0000000261698617221028939639
00.0000000261698617221028939639
00.0000000261698617221028939639
00.0000000261698617221028939639
00.0000000261698617221028939639
00.0000000261698617221028939639
00.0000000261698617221028939639
00.0000000261698617221028939639
00.0000000261698617221028939639
00.0000000261698617221028939639
00.0000000261698617221028939639
00.0000000261698617221028939639
00.0000000261698617221028939639
00.0000000261698617221028939639
00.0000000261698617221028939639
00.0000000261698617221028939639
00.0000000261698617221028939639
00.0000000261698617221028939639
00.0000000261698617221028939639
00.0000000261698617221028939639
00.0000000261698617221028939639
00.0000000261698617221028939639
00.0000000261698617221028939639
00.0000000261698617221028939639
00.0000000261698617221028939639
00.0000000261698617221028939639
00.0000000261698617221028939639
00.0000000261698617221028939639
00.0000000261698617221028939639
00.0000000261698617221028939639
00.0000000261698617221028939639
00.0000000261698617221028939639
00.0000000261698617221028939639
00.0000000261698617221028939639
00.0000000261698617221028939639
00.0000000261698617221028939639
00.0000000261698617221028939639
00.0000000261698617221028939639
00.0000000261698617221028939639
00.0000000261698617221028939639
00.0000000261698617221028939639
00.0000000261698617221028939639
00.0000000261698617221028939639
00.0000000261698617221028939639
00.0000000261698617221028939639
00.0000000261698617221028939639
00.0000000261698617221028939639
00.0000000261698617221028939639
00.0000000261698617221028939639
00.0000000261698617221028939639
00.0000000261698617221028939639
00.0000000261698617221028939639
00.0000000261698617221028939639
00.0000000261698617221028939639
00.0000000261698617221028939639
00.0000000261698617221028939639
00.0000000261698617221028939639
00.0000000261698617221028939639
00.0000000261698617221028939639
00.0000000261698617221028939639
00.0000000261698617221028939639
00.0000000261698617221028939639
00.0000000261698617221028939639
00.0000000261698617221028939639
00.0000000261698617221028939639
00.0000000261698617221028939639
00.0000000261698617221028939639
00.0000000261698617221028939639
00.0000000261698617221028939639
00.0000000261698617221028939639
00.0000000261698617221028939639
00.0000000261698617221028939639
00.0000000261698617221028939639
00.0000000261698617221028939639
00.0000000261698617221028939639
00.0000000261698617221028939639
00.0000000261698617221028939639
00.0000000261698617221028939639
00.0000000261698617221028939639
00.0000000261698617221028939639
00.0000000261698617221028939639
00.0000000261698617221028939639
00.0000000261698617221028939639
00.0000000261698617221028939639
00.0000000261698617221028939639
00.0000000261698617221028939639
00.0000000261698617221028939639
00.0000000261698617221028939639
00.0000000261698617221028939639
00.0000000261698617221028939639
00.0000000261698617221028939639
00.0000000261698617221028939639
00.0000000261698617221028939639
00.0000000261698617221028939639
00.0000000261698617221028939639
00.0000000261698617221028939639
00.0000000261698617221028939639
00.0000000261698617221028939639
00.0000000261698617221028939639
00.0000000261698617221028939639
00.0000000261698617221028939639
00.0000000261698617221028939639
00.0000000261698617221028939639
00.0000000261698617221028939639
00.0000000261698617221028939639
00.0000000261698617221028939639
00.0000000261698617221028939639
00.0000000261698617221028939639
00.0000000261698617221028939639
00.0000000261698617221028939639
00.0000000261698617221028939639
00.0000000261698617221028939639
00.0000000261698617221028939639
00.0000000261698617221028939639
00.0000000261698617221028939639
00.0000000261698617221028939639
00.0000000261698617221028939639
00.0000000261698617221028939639
00.0000000261698617221028939639
00.0000000261698617221028939639
00.0000000261698617221028939639
00.0000000261698617221028939639
00.0000000261698617221028939639
00.0000000261698617221028939639
00.0000000261698617221028939639
00.0000000261698617221028939639
00.0000000261698617221028939639
00.0000000261698617221028939639
00.0000000261698617221028939639
00.0000000261698617221028939639
00.0000000261698617221028939639
00.0000000261698617221028939639
00.0000000261698617221028939639
00.0000000261698617221028939639
00.0000000261698617221028939639
00.0000000261698617221028939639
00.0000000261698617221028939639
00.0000000261698617221028939639
00.0000000261698617221028939639
00.0000000261698617221028939639
00.0000000261698617221028939639
00.0000000261698617221028939639
00.0000000261698617221028939639
00.0000000261698617221028939639
00.0000000261698617221028939639
00.0000000261698617221028939639
00.0000000261698617221028939639
00.0000000261698617221028939639
00.0000000261698617221028939639
00.0000000261698617221028939639
00.0000000261698617221028939639
00.0000000261698617221028939639
00.0000000261698617221028939639
00.0000000261698617221028939639
00.0000000261698617221028939639
00.0000000261698617221028939639
00.0000000261698617221028939639
00.0000000261698617221028939639
00.0000000261698617221028939639
00.0000000261698617221028939639
00.0000000261698617221028939639
00.0000000261698617221028939639
00.0000000261698617221028939639
00.0000000261698617221028939639
00.0000000261698617221028939639
00.0000000261698617221028939639
00.0000000261698617221028939639
00.0000000261698617221028939639
00.0000000261698617221028939639
00.0000000261698617221028939639
00.0000000261698617221028939639
00.0000000261698617221028939639
00.0000000261698617221028939639
00.0000000261698617221028939639
00.0000000261698617221028939639
00.0000000261698617221028939639
00.0000000261698617221028939639
00.0000000261698617221028939639
00.0000000261698617221028939639
00.0000000261698617221028939639
00.0000000261698617221028939639
00.0000000261698617221028939639
00.0000000261698617221028939639
00.0000000261698617221028939639
00.0000000261698617221028939639
00.0000000261698617221028939639
00.0000000261698617221028939639
00.0000000261698617221028939639
00.0000000261698617221028939639
00.0000000261698617221028939639
00.0000000261698617221028939639
00.0000000261698617221028939639
00.0000000261698617221028939639
00.0000000261698617221028939639
00.0000000261698617221028939639
00.0000000261698617221028939639
00.0000000261698617221028939639
00.0000000261698617221028939639
00.0000000261698617221028939639
00.0000000261698617221028939639
00.0000000261698617221028939639
00.0000000261698617221028939639
00.0000000261698617221028939639
00.0000000261698617221028939639
00.0000000261698617221028939639
00.0000000261698617221028939639
00.0000000261698617221028939639
00.0000000261698617221028939639
00.0000000261698617221028939639
00.0000000261698617221028939639
00.0000000261698617221028939639
00.0000000261698617221028939639
00.0000000261698617221028939639
00.0000000261698617221028939639
00.0000000261698617221028939639
00.0000000261698617221028939639
00.0000000261698617221028939639
00.0000000261698617221028939639
00.0000000261698617221028939639
00.0000000261698617221028939639
00.0000000261698617221028939639
00.0000000261698617221028939639
00.0000000261698617221028939639
00.0000000261698617221028939639
00.0000000261698617221028939639
00.0000000261698617221028939639
00.0000000261698617221028939639
00.0000000261698617221028939639
00.0000000261698617221028939639
00.0000000261698617221028939639
00.0000000261698617221028939639
00.0000000261698617221028939639
00.0000000261698617221028939639
00.0000000261698617221028939639
00.0000000261698617221028939639
00.0000000261698617221028939639
00.0000000261698617221028939639
00.0000000261698617221028939639
00.0000000261698617221028939639
00.0000000261698617221028939639
00.0000000261698617221028939639
00.0000000261698617221028939639
00.0000000261698617221028939639
00.0000000261698617221028939639
00.0000000261698617221028939639
00.0000000261698617221028939639
00.0000000261698617221028939639
00.0000000261698617221028939639
00.0000000261698617221028939639
00.0000000261698617221028939639
00.0000000261698617221028939639
00.0000000261698617221028939639
00.0000000261698617221028939639
00.0000000261698617221028939639
00.0000000261698617221028939639
00.0000000261698617221028939639
00.0000000261698617221028939639
00.0000000261698617221028939639
00.0000000261698617221028939639
00.0000000261698617221028939639
00.0000000261698617221028939639
00.0000000261698617221028939639
00.0000000261698617221028939639
00.0000000261698617221028939639
00.0000000261698617221028939639
00.0000000261698617221028939639
00.0000000261698617221028939639
00.0000000261698617221028939639
00.0000000261698617221028939639
00.0000000261698617221028939639
00.0000000261698617221028939639
00.0000000261698617221028939639
00.0000000261698617221028939639
00.0000000261698617221028939639
00.0000000261698617221028939639
00.0000000261698617221028939639
00.0000000261698617221028939639
00.0000000261698617221028939639
00.0000000261698617221028939639
00.0000000261698617221028939639
00.0000000261698617221028939639
00.0000000261698617221028939639
00.0000000261698617221028939639
00.0000000261698617221028939639
00.0000000261698617221028939639
00.0000000261698617221028939639
00.0000000261698617221028939639
00.0000000261698617221028939639
00.0000000261698617221028939639
00.0000000261698617221028939639
00.0000000261698617221028939639
00.0000000261698617221028939639
00.0000000261698617221028939639
00.0000000261698617221028939639
00.0000000261698617221028939639
00.0000000261698617221028939639
00.0000000261698617221028939639
00.0000000261698617221028939639
00.0000000261698617221028939639
00.0000000261698617221028939639
00.0000000261698617221028939639
00.0000000261698617221028939639
00.0000000261698617221028939639
00.0000000261698617221028939639
00.0000000261698617221028939639
00.0000000261698617221028939639
00.0000000261698617221028939639
00.0000000261698617221028939639
00.0000000261698617221028939639
00.0000000261698617221028939639
00.0000000261698617221028939639
00.0000000261698617221028939639
00.0000000261698617221028939639
00.0000000261698617221028939639
00.0000000261698617221028939639
00.0000000261698617221028939639
00.0000000261698617221028939639
00.0000000261698617221028939639
00.0000000261698617221028939639
00.0000000261698617221028939639
00.0000000261698617221028939639
00.0000000261698617221028939639
00.0000000261698617221028939639
00.0000000261698617221028939639
00.0000000261698617221028939639
00.0000000261698617221028939639
00.0000000261698617221028939639
00.0000000261698617221028939639
00.0000000261698617221028939639
00.0000000261698617221028939639
00.0000000261698617221028939639
00.0000000261698617221028939639
00.0000000261698617221028939639
00.0000000261698617221028939639
00.0000000261698617221028939639
00.0000000261698617221028939639
00.0000000261698617221028939639
00.0000000261698617221028939639
00.0000000261698617221028939639
00.0000000261698617221028939639
00.0000000261698617221028939639
00.0000000261698617221028939639
00.0000000261698617221028939639
00.0000000261698617221028939639
00.0000000261698617221028939639
00.0000000261698617221028939639
00.0000000261698617221028939639
00.0000000261698617221028939639
00.0000000261698617221028939639
00.0000000261698617221028939639
00.0000000261698617221028939639
00.0000000261698617221028939639
00.0000000261698617221028939639
00.0000000261698617221028939639
00.0000000261698617221028939639
00.0000000261698617221028939639
00.0000000261698617221028939639
00.0000000261698617221028939639
00.0000000261698617221028939639
00.0000000261698617221028939639
00.0000000261698617221028939639
00.0000000261698617221028939639
00.0000000261698617221028939639
00.0000000261698617221028939639
00.0000000261698617221028939639
00.0000000261698617221028939639
00.0000000261698617221028939639
00.0000000261698617221028939639
00.0000000261698617221028939639
00.0000000261698617221028939639
00.0000000261698617221028939639
00.0000000261698617221028939639
00.0000000261698617221028939639
00.0000000261698617221028939639
00.0000000261698617221028939639
00.0000000261698617221028939639
00.0000000261698617221028939639
00.0000000261698617221028939639
00.0000000261698617221028939639
00.0000000261698617221028939639
00.0000000261698617221028939639
00.0000000261698617221028939639
00.0000000261698617221028939639
00.0000000261698617221028939639
00.0000000261698617221028939639
00.0000000261698617221028939639
00.0000000261698617221028939639
00.0000000261698617221028939639
00.0000000261698617221028939639
00.0000000261698617221028939639
00.0000000261698617221028939639
00.0000000261698617221028939639
00.0000000261698617221028939639
00.0000000261698617221028939639
00.0000000261698617221028939639
00.0000000261698617221028939639
00.0000000261698617221028939639
00.0000000261698617221028939639
00.0000000261698617221028939639
00.0000000261698617221028939639
00.0000000261698617221028939639
00.0000000261698617221028939639
00.0000000261698617221028939639
00.0000000261698617221028939639
00.0000000261698617221028939639
00.0000000261698617221028939639
00.0000000261698617221028939639
00.0000000261698617221028939639
00.0000000261698617221028939639
00.0000000261698617221028939639
00.0000000261698617221028939639
00.0000000261698617221028939639
00.0000000261698617221028939639
00.0000000261698617221028939639
00.0000000261698617221028939639
00.0000000261698617221028939639
00.0000000261698617221028939639
00.0000000261698617221028939639
00.0000000261698617221028939639
00.0000000261698617221028939639
00.0000000261698617221028939639
00.0000000261698617221028939639
00.0000000261698617221028939639
00.0000000261698617221028939639
00.0000000261698617221028939639
00.0000000261698617221028939639
00.0000000261698617221028939639
00.0000000261698617221028939639
00.0000000261698617221028939639
00.0000000261698617221028939639
00.0000000261698617221028939639
00.0000000261698617221028939639
00.0000000261698617221028939639
00.0000000261698617221028939639
00.0000000261698617221028939639
00.0000000261698617221028939639
00.0000000261698617221028939639
00.0000000261698617221028939639
00.0000000261698617221028939639
00.0000000261698617221028939639
00.0000000261698617221028939639
00.0000000261698617221028939639
00.0000000261698617221028939639
00.0000000261698617221028939639
00.0000000261698617221028939639
00.0000000261698617221028939639
00.0000000261698617221028939639
00.0000000261698617221028939639
00.0000000261698617221028939639
00.0000000261698617221028939639
00.0000000261698617221028939639
00.0000000261698617221028939639
00.0000000261698617221028939639
00.0000000261698617221028939639
00.0000000261698617221028939639
00.0000000261698617221028939639
00.0000000261698617221028939639
00.0000000261698617221028939639
00.0000000261698617221028939639
00.0000000261698617221028939639
00.0000000261698617221028939639
00.0000000261698617221028939639
00.0000000261698617221028939639
00.0000000261698617221028939639
00.0000000261698617221028939639
00.0000000261698617221028939639
00.0000000261698617221028939639
00.0000000261698617221028939639
00.0000000261698617221028939639
00.0000000261698617221028939639
00.0000000261698617221028939639
00.0000000261698617221028939639
00.0000000261698617221028939639
00.0000000261698617221028939639
00.0000000261698617221028939639
00.0000000261698617221028939639
00.0000000261698617221028939639
00.0000000261698617221028939639
00.0000000261698617221028939639
00.0000000261698617221028939639
00.0000000261698617221028939639
00.0000000261698617221028939639
00.0000000261698617221028939639
00.0000000261698617221028939639
00.0000000261698617221028939639
00.0000000261698617221028939639
00.0000000261698617221028939639
00.0000000261698617221028939639
00.0000000261698617221028939639
00.0000000261698617221028939639
00.0000000261698617221028939639
00.0000000261698617221028939639
00.0000000261698617221028939639
00.0000000261698617221028939639
00.0000000261698617221028939639
00.0000000261698617221028939639
00.0000000261698617221028939639
00.0000000261698617221028939639
00.0000000261698617221028939639
00.0000000261698617221028939639
00.0000000261698617221028939639
00.0000000261698617221028939639
00.0000000261698617221028939639
00.0000000261698617221028939639
00.0000000261698617221028939639
00.0000000261698617221028939639
00.0000000261698617221028939639
00.0000000261698617221028939639
00.0000000261698617221028939639
00.0000000261698617221028939639
00.0000000261698617221028939639
00.0000000261698617221028939639
00.0000000261698617221028939639
00.0000000261698617221028939639
00.0000000261698617221028939639
00.0000000261698617221028939639
00.0000000261698617221028939639
00.0000000261698617221028939639
00.0000000261698617221028939639
00.0000000261698617221028939639
00.0000000261698617221028939639
00.0000000261698617221028939639
00.0000000261698617221028939639
00.0000000261698617221028939639
00.0000000261698617221028939639
00.0000000261698617221028939639
00.0000000261698617221028939639
00.0000000261698617221028939639
00.0000000261698617221028939639
00.0000000261698617221028939639
00.0000000261698617221028939639
00.0000000261698617221028939639
00.0000000261698617221028939639
00.0000000261698617221028939639
00.0000000261698617221028939639
00.0000000261698617221028939639
00.0000000261698617221028939639
00.0000000261698617221028939639
00.0000000261698617221028939639
00.0000000261698617221028939639
00.0000000261698617221028939639
00.0000000261698617221028939639
00.0000000261698617221028939639
00.0000000261698617221028939639
00.0000000261698617221028939639
00.0000000261698617221028939639
00.0000000261698617221028939639
00.0000000261698617221028939639
00.0000000261698617221028939639
00.0000000261698617221028939639
00.0000000261698617221028939639
00.0000000261698617221028939639
00.0000000261698617221028939639
00.0000000261698617221028939639
00.0000000261698617221028939639
00.0000000261698617221028939639
00.0000000261698617221028939639
00.0000000261698617221028939639
00.0000000261698617221028939639
00.0000000261698617221028939639
00.0000000261698617221028939639
00.0000000261698617221028939639
00.0000000261698617221028939639
00.0000000261698617221028939639
00.0000000261698617221028939639
00.0000000261698617221028939639
00.0000000261698617221028939639
00.0000000261698617221028939639
00.0000000261698617221028939639
00.0000000261698617221028939639
00.0000000261698617221028939639
00.0000000261698617221028939639
00.0000000261698617221028939639
00.0000000261698617221028939639
00.0000000261698617221028939639
00.0000000261698617221028939639
00.0000000261698617221028939639
00.0000000261698617221028939639
00.0000000261698617221028939639
00.0000000261698617221028939639
00.0000000261698617221028939639
00.0000000261698617221028939639
00.0000000261698617221028939639
00.0000000261698617221028939639
00.0000000261698617221028939639
00.0000000261698617221028939639
00.0000000261698617221028939639
00.0000000261698617221028939639
00.0000000261698617221028939639
00.0000000261698617221028939639
00.0000000261698617221028939639
00.0000000261698617221028939639
00.0000000261698617221028939639
00.0000000261698617221028939639
00.0000000261698617221028939639
00.0000000261698617221028939639
00.0000000261698617221028939639
00.0000000261698617221028939639
00.0000000261698617221028939639
00.0000000261698617221028939639
00.0000000261698617221028939639
00.0000000261698617221028939639
00.0000000261698617221028939639
00.0000000261698617221028939639
00.0000000261698617221028939639
00.0000000261698617221028939639
00.0000000261698617221028939639
00.0000000261698617221028939639
00.0000000261698617221028939639
00.0000000261698617221028939639
00.0000000261698617221028939639
00.0000000261698617221028939639
00.0000000261698617221028939639
00.0000000261698617221028939639
00.0000000261698617221028939639
00.0000000261698617221028939639
00.0000000261698617221028939639
00.0000000261698617221028939639
00.0000000261698617221028939639
00.0000000261698617221028939639
00.0000000261698617221028939639
00.0000000261698617221028939639
00.0000000261698617221028939639
00.0000000261698617221028939639
00.0000000261698617221028939639
00.0000000261698617221028939639
00.0000000261698617221028939639
00.0000000261698617221028939639
00.0000000261698617221028939639
00.0000000261698617221028939639
00.0000000261698617221028939639
00.0000000261698617221028939639
00.0000000261698617221028939639
00.0000000261698617221028939639
00.0000000261698617221028939639
00.0000000261698617221028939639
00.0000000261698617221028939639
00.0000000261698617221028939639
00.0000000261698617221028939639
00.0000000261698617221028939639
00.0000000261698617221028939639
00.0000000261698617221028939639
00.0000000261698617221028939639
00.0000000261698617221028939639
00.0000000261698617221028939639
00.0000000261698617221028939639
00.0000000261698617221028939639
00.0000000261698617221028939639
00.0000000261698617221028939639
00.0000000261698617221028939639
00.0000000261698617221028939639
00.0000000261698617221028939639
00.0000000261698617221028939639
00.0000000261698617221028939639
00.0000000261698617221028939639
00.0000000261698617221028939639
00.0000000261698617221028939639
00.0000000261698617221028939639
00.0000000261698617221028939639
00.0000000261698617221028939639
00.0000000261698617221028939639
00.0000000261698617221028939639
00.0000000261698617221028939639
00.0000000261698617221028939639
00.0000000261698617221028939639
00.0000000261698617221028939639
00.0000000261698617221028939639
00.0000000261698617221028939639
00.0000000261698617221028939639
00.0000000261698617221028939639
00.0000000261698617221028939639
00.0000000261698617221028939639
00.0000000261698617221028939639
00.0000000261698617221028939639
00.0000000261698617221028939639
00.0000000261698617221028939639
00.0000000261698617221028939639
00.0000000261698617221028939639
00.0000000261698617221028939639
00.0000000261698617221028939639
00.0000000261698617221028939639
00.0000000261698617221028939639
00.0000000261698617221028939639
00.0000000261698617221028939639
00.0000000261698617221028939639
00.0000000261698617221028939639
00.0000000261698617221028939639
00.0000000261698617221028939639
00.0000000261698617221028939639
00.0000000261698617221028939639
00.0000000261698617221028939639
00.0000000261698617221028939639
00.0000000261698617221028939639
00.0000000261698617221028939639
00.0000000261698617221028939639
00.0000000261698617221028939639
00.0000000261698617221028939639
00.0000000261698617221028939639
00.0000000261698617221028939639
00.0000000261698617221028939639
00.0000000261698617221028939639
00.0000000261698617221028939639
00.0000000261698617221028939639
00.0000000261698617221028939639
00.0000000261698617221028939639
00.0000000261698617221028939639
00.0000000261698617221028939639
00.0000000261698617221028939639
00.0000000261698617221028939639
00.0000000261698617221028939639
00.0000000261698617221028939639
00.0000000261698617221028939639
00.0000000261698617221028939639
00.0000000261698617221028939639
00.0000000261698617221028939639
00.0000000261698617221028939639
00.0000000261698617221028939639
00.0000000261698617221028939639
00.0000000261698617221028939639
00.0000000261698617221028939639
00.0000000261698617221028939639
00.0000000261698617221028939639
00.0000000261698617221028939639
00.0000000261698617221028939639
00.0000000261698617221028939639
00.0000000261698617221028939639
00.0000000261698617221028939639
00.0000000261698617221028939639
00.0000000261698617221028939639
00.0000000261698617221028939639
00.0000000261698617221028939639
00.0000000261698617221028939639
00.0000000261698617221028939639
00.0000000261698617221028939639
00.0000000261698617221028939639
00.0000000261698617221028939639
00.0000000261698617221028939639
00.0000000261698617221028939639
00.0000000261698617221028939639
00.0000000261698617221028939639
00.0000000261698617221028939639
00.0000000261698617221028939639
00.0000000261698617221028939639
00.0000000261698617221028939639
00.0000000261698617221028939639
00.0000000261698617221028939639
00.0000000261698617221028939639
00.0000000261698617221028939639
00.0000000261698617221028939639
00.0000000261698617221028939639
00.0000000261698617221028939639
00.0000000261698617221028939639
00.0000000261698617221028939639
00.0000000261698617221028939639
00.0000000261698617221028939639
00.0000000261698617221028939639
00.0000000261698617221028939639
00.0000000261698617221028939639
00.0000000261698617221028939639
00.0000000261698617221028939639
00.0000000261698617221028939639
00.0000000261698617221028939639
00.0000000261698617221028939639
00.0000000261698617221028939639
00.0000000261698617221028939639
00.0000000261698617221028939639
00.0000000261698617221028939639
00.0000000261698617221028939639
00.0000000261698617221028939639
00.0000000261698617221028939639
00.0000000261698617221028939639
00.0000000261698617221028939639
00.0000000261698617221028939639
00.0000000261698617221028939639
00.0000000261698617221028939639
00.0000000261698617221028939639
00.0000000261698617221028939639
00.0000000261698617221028939639
00.0000000261698617221028939639
00.0000000261698617221028939639
00.0000000261698617221028939639
00.0000000261698617221028939639
00.0000000261698617221028939639
00.0000000261698617221028939639
00.0000000261698617221028939639
00.0000000261698617221028939639
00.0000000261698617221028939639
00.0000000261698617221028939639
00.0000000261698617221028939639
00.0000000261698617221028939639
00.0000000261698617221028939639
00.0000000261698617221028939639
00.0000000261698617221028939639
00.0000000261698617221028939639
00.0000000261698617221028939639
00.0000000261698617221028939639
00.0000000261698617221028939639
00.0000000261698617221028939639
00.0000000261698617221028939639
00.0000000261698617221028939639
00.0000000261698617221028939639
00.0000000261698617221028939639
00.0000000261698617221028939639
00.0000000261698617221028939639
00.0000000261698617221028939639
00.0000000261698617221028939639
00.0000000261698617221028939639
00.0000000261698617221028939639
00.0000000261698617221028939639
00.0000000261698617221028939639
00.0000000261698617221028939639
00.0000000261698617221028939639
00.0000000261698617221028939639
00.0000000261698617221028939639
00.0000000261698617221028939639
00.0000000261698617221028939639
00.0000000261698617221028939639
00.0000000261698617221028939639
00.0000000269001345643005151942
00.0000000269001345643005151942
00.0000000269001345643005151942
00.0000000269001345643005151942
00.0000000269001345643005151942
00.0000000269001345643005151942
00.0000000269001345643005151942
00.0000000269001345643005151942
00.0000000269001345643005151942
00.0000000269001345643005151942
00.0000000269001345643005151942
00.0000000269001345643005151942
00.0000000269001345643005151942
00.0000000269001345643005151942
00.0000000269001345643005151942
00.0000000269001345643005151942
00.0000000269001345643005151942
00.0000000269001345643005151942
00.0000000269001345643005151942
00.0000000269001345643005151942
00.0000000269001345643005151942
00.0000000269001345643005151942
00.0000000269001345643005151942
00.0000000269001345643005151942
00.0000000269001345643005151942
00.0000000269001345643005151942
00.0000000269001345643005151942
00.0000000269001345643005151942
00.0000000269001345643005151942
00.0000000269001345643005151942
00.0000000269001345643005151942
00.0000000269001345643005151942
00.0000000269001345643005151942
00.0000000269001345643005151942
00.0000000269001345643005151942
00.0000000269001345643005151942
00.0000000269001345643005151942
00.0000000269001345643005151942
00.0000000269001345643005151942
00.0000000269001345643005151942
00.0000000269001345643005151942
00.0000000269001345643005151942
00.0000000269001345643005151942
00.0000000269001345643005151942
00.0000000269001345643005151942
00.0000000269001345643005151942
00.0000000269001345643005151942
00.0000000269001345643005151942
00.0000000269001345643005151942
00.0000000269001345643005151942
00.0000000269001345643005151942
00.0000000269001345643005151942
00.0000000269001345643005151942
00.0000000269001345643005151942
00.0000000269001345643005151942
00.0000000269001345643005151942
00.0000000269001345643005151942
00.0000000269001345643005151942
00.0000000269001345643005151942
00.0000000269001345643005151942
00.0000000269001345643005151942
00.0000000269001345643005151942
00.0000000269001345643005151942
00.0000000269001345643005151942
00.0000000269001345643005151942
00.0000000269001345643005151942
00.0000000269001345643005151942
00.0000000269001345643005151942
00.0000000269001345643005151942
00.0000000269001345643005151942
00.0000000269001345643005151942
00.0000000269001345643005151942
00.0000000269001345643005151942
00.0000000269001345643005151942
00.0000000269001345643005151942
00.0000000269001345643005151942
00.0000000269001345643005151942
00.0000000269001345643005151942
00.0000000269001345643005151942
00.0000000269001345643005151942
00.0000000269001345643005151942
00.0000000269001345643005151942
00.0000000269001345643005151942
00.0000000269001345643005151942
00.0000000269001345643005151942
00.0000000269001345643005151942
00.0000000269001345643005151942
00.0000000269001345643005151942
00.0000000269001345643005151942
00.0000000269001345643005151942
00.0000000269001345643005151942
00.0000000269001345643005151942
00.0000000269001345643005151942
00.0000000269001345643005151942
00.0000000269001345643005151942
00.0000000269001345643005151942
00.0000000269001345643005151942
00.0000000269001345643005151942
00.0000000269001345643005151942
00.0000000269001345643005151942
00.0000000269001345643005151942
00.0000000269001345643005151942
00.0000000269001345643005151942
00.0000000269001345643005151942
00.0000000269001345643005151942
00.0000000269001345643005151942
00.0000000269001345643005151942
00.0000000269001345643005151942
00.0000000269001345643005151942
00.0000000269001345643005151942
00.0000000269001345643005151942
00.0000000269001345643005151942
00.0000000269001345643005151942
00.0000000269001345643005151942
00.0000000269001345643005151942
00.0000000269001345643005151942
00.0000000269001345643005151942
00.0000000269001345643005151942
00.0000000269001345643005151942
00.0000000269001345643005151942
00.0000000269001345643005151942
00.0000000269001345643005151942
00.0000000269001345643005151942
00.0000000269001345643005151942
00.0000000269001345643005151942
00.0000000269001345643005151942
00.0000000269001345643005151942
00.0000000269001345643005151942
00.0000000269001345643005151942
00.0000000269001345643005151942
00.0000000269001345643005151942
00.0000000269001345643005151942
00.0000000269001345643005151942
00.0000000269001345643005151942
00.0000000269001345643005151942
00.0000000269001345643005151942
00.0000000269001345643005151942
00.0000000269001345643005151942
00.0000000269001345643005151942
00.0000000269001345643005151942
00.0000000269001345643005151942
00.0000000269001345643005151942
00.0000000269001345643005151942
00.0000000269001345643005151942
00.0000000269001345643005151942
00.0000000269001345643005151942
00.0000000269001345643005151942
00.0000000269001345643005151942
00.0000000269001345643005151942
00.0000000269001345643005151942
00.0000000269001345643005151942
00.0000000269001345643005151942
00.0000000269001345643005151942
00.0000000269001345643005151942
00.0000000269001345643005151942
00.0000000269001345643005151942
00.0000000269001345643005151942
00.0000000269001345643005151942
00.0000000269001345643005151942
00.0000000269001345643005151942
00.0000000269001345643005151942
00.0000000269001345643005151942
00.0000000269001345643005151942
00.0000000269001345643005151942
00.0000000269001345643005151942
00.0000000269001345643005151942
00.0000000269001345643005151942
00.0000000269001345643005151942
00.0000000269001345643005151942
00.0000000269001345643005151942
00.0000000269001345643005151942
00.0000000269001345643005151942
00.0000000269001345643005151942
00.0000000269001345643005151942
00.0000000269001345643005151942
00.0000000269001345643005151942
00.0000000269001345643005151942
00.0000000269001345643005151942
00.0000000269001345643005151942
00.0000000269001345643005151942
00.0000000269001345643005151942
00.0000000269001345643005151942
00.0000000269001345643005151942
00.0000000269001345643005151942
00.0000000269001345643005151942
00.0000000269001345643005151942
00.0000000269001345643005151942
00.0000000269001345643005151942
00.0000000269001345643005151942
00.0000000269001345643005151942
00.0000000269001345643005151942
00.0000000269001345643005151942
00.0000000269001345643005151942
00.0000000269001345643005151942
00.0000000269001345643005151942
00.0000000269001345643005151942
00.0000000269001345643005151942
00.0000000269001345643005151942
00.0000000269001345643005151942
00.0000000269001345643005151942
00.0000000269001345643005151942
00.0000000269001345643005151942
00.0000000269001345643005151942
00.0000000269001345643005151942
00.0000000269001345643005151942
00.0000000269001345643005151942
00.0000000269001345643005151942
00.0000000269001345643005151942
00.0000000269001345643005151942
00.0000000269001345643005151942
00.0000000269001345643005151942
00.0000000269001345643005151942
00.0000000269001345643005151942
00.0000000269001345643005151942
00.0000000269001345643005151942
00.0000000269001345643005151942
00.0000000269001345643005151942
00.0000000269001345643005151942
00.0000000269001345643005151942
00.0000000269001345643005151942
00.0000000269001345643005151942
00.0000000269001345643005151942
00.0000000269001345643005151942
00.0000000269001345643005151942
00.0000000269001345643005151942
00.0000000269001345643005151942
00.0000000269001345643005151942
00.0000000269001345643005151942
00.0000000269001345643005151942
00.0000000269001345643005151942
00.0000000269001345643005151942
00.0000000269001345643005151942
00.0000000269001345643005151942
00.0000000269001345643005151942
00.0000000269001345643005151942
00.0000000269001345643005151942
00.0000000269001345643005151942
00.0000000269001345643005151942
00.0000000269001345643005151942
00.0000000269001345643005151942
00.0000000269001345643005151942
00.0000000269001345643005151942
00.0000000269001345643005151942
00.0000000269001345643005151942
00.0000000269001345643005151942
00.0000000269001345643005151942
00.0000000269001345643005151942
00.0000000269001345643005151942
00.0000000269001345643005151942
00.0000000269001345643005151942
00.0000000269001345643005151942
00.0000000269001345643005151942
00.0000000269001345643005151942
00.0000000269001345643005151942
00.0000000269001345643005151942
00.0000000269001345643005151942
00.0000000269001345643005151942
00.0000000269001345643005151942
00.0000000269001345643005151942
00.0000000269001345643005151942
00.0000000269001345643005151942
00.0000000269001345643005151942
00.0000000269001345643005151942
00.0000000269001345643005151942
00.0000000269001345643005151942
00.0000000269001345643005151942
00.0000000269001345643005151942
00.0000000269001345643005151942
00.0000000269001345643005151942
00.0000000269001345643005151942
00.0000000269001345643005151942
00.0000000269001345643005151942
00.0000000269001345643005151942
00.0000000269001345643005151942
00.0000000269001345643005151942
00.0000000269001345643005151942
00.0000000269001345643005151942
00.0000000269001345643005151942
00.0000000269001345643005151942
00.0000000269001345643005151942
00.0000000269001345643005151942
00.0000000269001345643005151942
00.0000000269001345643005151942
00.0000000269001345643005151942
00.0000000269001345643005151942
00.0000000269001345643005151942
00.0000000269001345643005151942
00.0000000269001345643005151942
00.0000000269001345643005151942
00.0000000269001345643005151942
00.0000000269001345643005151942
00.0000000269001345643005151942
00.0000000269001345643005151942
00.0000000269001345643005151942
00.0000000269001345643005151942
00.0000000269001345643005151942
00.0000000269001345643005151942
00.0000000269001345643005151942
00.0000000269001345643005151942
00.0000000269001345643005151942
00.0000000269001345643005151942
00.0000000269001345643005151942
00.0000000269001345643005151942
00.0000000269001345643005151942
00.0000000269001345643005151942
00.0000000269001345643005151942
00.0000000269001345643005151942
00.0000000269001345643005151942
00.0000000269001345643005151942
00.0000000269001345643005151942
00.0000000269001345643005151942
00.0000000269001345643005151942
00.0000000269001345643005151942
00.0000000269001345643005151942
00.0000000269001345643005151942
00.0000000269001345643005151942
00.0000000269001345643005151942
00.0000000269001345643005151942
00.0000000269001345643005151942
00.0000000269001345643005151942
00.0000000269001345643005151942
00.0000000269001345643005151942
00.0000000269001345643005151942
00.0000000269001345643005151942
00.0000000269001345643005151942
00.0000000269001345643005151942
00.0000000269001345643005151942
00.0000000269001345643005151942
00.0000000269001345643005151942
00.0000000269001345643005151942
00.0000000269001345643005151942
00.0000000269001345643005151942
00.0000000269001345643005151942
00.0000000269001345643005151942
00.0000000269001345643005151942
00.0000000269001345643005151942
00.0000000269001345643005151942
00.0000000269001345643005151942
00.0000000269001345643005151942
00.0000000269001345643005151942
00.0000000269001345643005151942
00.0000000269001345643005151942
00.0000000269001345643005151942
00.0000000269001345643005151942
00.0000000269001345643005151942
00.0000000269001345643005151942
00.0000000269001345643005151942
00.0000000269001345643005151942
00.0000000269001345643005151942
00.0000000269001345643005151942
00.0000000269001345643005151942
00.0000000269001345643005151942
00.0000000269001345643005151942
00.0000000269001345643005151942
00.0000000269001345643005151942
00.0000000269001345643005151942
00.0000000269001345643005151942
00.0000000269001345643005151942
00.0000000269001345643005151942
00.0000000269001345643005151942
00.0000000269001345643005151942
00.0000000269001345643005151942
00.0000000269001345643005151942
00.0000000269001345643005151942
00.0000000269001345643005151942
00.0000000269001345643005151942
00.0000000269001345643005151942
00.0000000269001345643005151942
00.0000000269001345643005151942
00.0000000269001345643005151942
00.0000000269001345643005151942
00.0000000269001345643005151942
00.0000000269001345643005151942
00.0000000269001345643005151942
00.0000000269001345643005151942
00.0000000269001345643005151942
00.0000000269001345643005151942
00.0000000269001345643005151942
00.0000000269001345643005151942
00.0000000269001345643005151942
00.0000000269001345643005151942
00.0000000269001345643005151942
00.0000000269001345643005151942
00.0000000269001345643005151942
00.0000000269001345643005151942
00.0000000269001345643005151942
00.0000000269001345643005151942
00.0000000269001345643005151942
00.0000000269001345643005151942
00.0000000269001345643005151942
00.0000000269001345643005151942
00.0000000269001345643005151942
00.0000000269001345643005151942
00.0000000269001345643005151942
00.0000000269001345643005151942
00.0000000269001345643005151942
00.0000000269001345643005151942
00.0000000269001345643005151942
00.0000000269001345643005151942
00.0000000269001345643005151942
00.0000000269001345643005151942
00.0000000269001345643005151942
00.0000000269001345643005151942
00.0000000269001345643005151942
00.0000000269001345643005151942
00.0000000269001345643005151942
00.0000000269001345643005151942
00.0000000269001345643005151942
00.0000000269001345643005151942
00.0000000269001345643005151942
00.0000000269001345643005151942
00.0000000269001345643005151942
00.0000000269001345643005151942
00.0000000269001345643005151942
00.0000000269001345643005151942
00.0000000269001345643005151942
00.0000000269001345643005151942
00.0000000269001345643005151942
00.0000000269001345643005151942
00.0000000269001345643005151942
00.0000000269001345643005151942
00.0000000269001345643005151942
00.0000000269001345643005151942
00.0000000269001345643005151942
00.0000000269001345643005151942
00.0000000269001345643005151942
00.0000000269001345643005151942
00.0000000269001345643005151942
00.0000000269001345643005151942
00.0000000269001345643005151942
00.0000000269001345643005151942
00.0000000269001345643005151942
00.0000000269001345643005151942
00.0000000269001345643005151942
00.0000000269001345643005151942
00.0000000269001345643005151942
00.0000000269001345643005151942
00.0000000269001345643005151942
00.0000000269001345643005151942
00.0000000269001345643005151942
00.0000000269001345643005151942
00.0000000269001345643005151942
00.0000000269001345643005151942
00.0000000269001345643005151942
00.0000000269001345643005151942
00.0000000269001345643005151942
00.0000000269001345643005151942
00.0000000269001345643005151942
00.0000000269001345643005151942
00.0000000269001345643005151942
00.0000000269001345643005151942
00.0000000269001345643005151942
00.0000000269001345643005151942
00.0000000269001345643005151942
00.0000000269001345643005151942
00.0000000269001345643005151942
00.0000000269001345643005151942
00.0000000269001345643005151942
00.0000000269001345643005151942
00.0000000269001345643005151942
00.0000000269001345643005151942
00.0000000269001345643005151942
00.0000000269001345643005151942
00.0000000269001345643005151942
00.0000000269001345643005151942
00.0000000269001345643005151942
00.0000000269001345643005151942
00.0000000269001345643005151942
00.0000000269001345643005151942
00.0000000269001345643005151942
00.0000000269001345643005151942
00.0000000269001345643005151942
00.0000000269001345643005151942
00.0000000269001345643005151942
00.0000000269001345643005151942
00.0000000269001345643005151942
00.0000000269001345643005151942
00.0000000269001345643005151942
00.0000000269001345643005151942
00.0000000269001345643005151942
00.0000000269001345643005151942
00.0000000269001345643005151942
00.0000000269001345643005151942
00.0000000269001345643005151942
00.0000000269001345643005151942
00.0000000269001345643005151942
00.0000000269001345643005151942
00.0000000269001345643005151942
00.0000000269001345643005151942
00.0000000269001345643005151942
00.0000000269001345643005151942
00.0000000269001345643005151942
00.0000000269001345643005151942
00.0000000269001345643005151942
00.0000000269001345643005151942
00.0000000269001345643005151942
00.0000000269001345643005151942
00.0000000269001345643005151942
00.0000000269001345643005151942
00.0000000269001345643005151942
00.0000000269001345643005151942
00.0000000269001345643005151942
00.0000000269001345643005151942
00.0000000269001345643005151942
00.0000000269001345643005151942
00.0000000269001345643005151942
00.0000000269001345643005151942
00.0000000269001345643005151942
00.0000000269001345643005151942
00.0000000269001345643005151942
00.0000000269001345643005151942
00.0000000269001345643005151942
00.0000000269001345643005151942
00.0000000269001345643005151942
00.0000000269001345643005151942
00.0000000269001345643005151942
00.0000000269001345643005151942
00.0000000269001345643005151942
00.0000000269001345643005151942
00.0000000269001345643005151942
00.0000000269001345643005151942
00.0000000269001345643005151942
00.0000000269001345643005151942
00.0000000269001345643005151942
00.0000000269001345643005151942
00.0000000269001345643005151942
00.0000000269001345643005151942
00.0000000269001345643005151942
00.0000000269001345643005151942
00.0000000269001345643005151942
00.0000000269001345643005151942
00.0000000269001345643005151942
00.0000000269001345643005151942
00.0000000269001345643005151942
00.0000000269001345643005151942
00.0000000269001345643005151942
00.0000000269001345643005151942
00.0000000269001345643005151942
00.0000000269001345643005151942
00.0000000269001345643005151942
00.0000000269001345643005151942
00.0000000269001345643005151942
00.0000000269001345643005151942
00.0000000269001345643005151942
00.0000000269001345643005151942
00.0000000269001345643005151942
00.0000000269001345643005151942
00.0000000269001345643005151942
00.0000000269001345643005151942
00.0000000269001345643005151942
00.0000000269001345643005151942
00.0000000269001345643005151942
00.0000000269001345643005151942
00.0000000269001345643005151942
00.0000000269001345643005151942
00.0000000269001345643005151942
00.0000000269001345643005151942
00.0000000269001345643005151942
00.0000000269001345643005151942
00.0000000269001345643005151942
00.0000000269001345643005151942
00.0000000269001345643005151942
00.0000000269001345643005151942
00.0000000269001345643005151942
00.0000000269001345643005151942
00.0000000269001345643005151942
00.0000000269001345643005151942
00.0000000269001345643005151942
00.0000000269001345643005151942
00.0000000269001345643005151942
00.0000000269001345643005151942
00.0000000269001345643005151942
00.0000000269001345643005151942
00.0000000269001345643005151942
00.0000000269001345643005151942
00.0000000269001345643005151942
00.0000000269001345643005151942
00.0000000269001345643005151942
00.0000000269001345643005151942
00.0000000269001345643005151942
00.0000000269001345643005151942
00.0000000269001345643005151942
00.0000000269001345643005151942
00.0000000269001345643005151942
00.0000000269001345643005151942
00.0000000269001345643005151942
00.0000000269001345643005151942
00.0000000269001345643005151942
00.0000000269001345643005151942
00.0000000269001345643005151942
00.0000000269001345643005151942
00.0000000269001345643005151942
00.0000000269001345643005151942
00.0000000269001345643005151942
00.0000000269001345643005151942
00.0000000269001345643005151942
00.0000000269001345643005151942
00.0000000269001345643005151942
00.0000000269001345643005151942
00.0000000269001345643005151942
00.0000000269001345643005151942
00.0000000269001345643005151942
00.0000000269001345643005151942
00.0000000269001345643005151942
00.0000000269001345643005151942
00.0000000269001345643005151942
00.0000000269001345643005151942
00.0000000269001345643005151942
00.0000000269001345643005151942
00.0000000269001345643005151942
00.0000000269001345643005151942
00.0000000269001345643005151942
00.0000000269001345643005151942
00.0000000269001345643005151942
00.0000000269001345643005151942
00.0000000269001345643005151942
00.0000000269001345643005151942
00.0000000269001345643005151942
00.0000000269001345643005151942
00.0000000269001345643005151942
00.0000000269001345643005151942
00.0000000269001345643005151942
00.0000000269001345643005151942
00.0000000269001345643005151942
00.0000000269001345643005151942
00.0000000269001345643005151942
00.0000000269001345643005151942
00.0000000269001345643005151942
00.0000000269001345643005151942
00.0000000269001345643005151942
00.0000000269001345643005151942
00.0000000269001345643005151942
00.0000000269001345643005151942
00.0000000269001345643005151942
00.0000000269001345643005151942
00.0000000269001345643005151942
00.0000000269001345643005151942
00.0000000269001345643005151942
00.0000000269001345643005151942
00.0000000269001345643005151942
00.0000000269001345643005151942
00.0000000269001345643005151942
00.0000000269001345643005151942
00.0000000269001345643005151942
00.0000000269001345643005151942
00.0000000269001345643005151942
00.0000000269001345643005151942
00.0000000269001345643005151942
00.0000000269001345643005151942
00.0000000269001345643005151942
00.0000000269001345643005151942
00.0000000269001345643005151942
00.0000000269001345643005151942
00.0000000269001345643005151942
00.0000000269001345643005151942
00.0000000269001345643005151942
00.0000000269001345643005151942
00.0000000269001345643005151942
00.0000000269001345643005151942
00.0000000269001345643005151942
00.0000000269001345643005151942
00.0000000269001345643005151942
00.0000000269001345643005151942
00.0000000269001345643005151942
00.0000000269001345643005151942
00.0000000269001345643005151942
00.0000000269001345643005151942
00.0000000269001345643005151942
00.0000000269001345643005151942
00.0000000269001345643005151942
00.0000000269001345643005151942
00.0000000269001345643005151942
00.0000000269001345643005151942
00.0000000269001345643005151942
00.0000000269001345643005151942
00.0000000269001345643005151942
00.0000000269001345643005151942
00.0000000269001345643005151942
00.0000000269001345643005151942
00.0000000269001345643005151942
00.0000000269001345643005151942
00.0000000269001345643005151942
00.0000000269001345643005151942
00.0000000269001345643005151942
00.0000000269001345643005151942
00.0000000269001345643005151942
00.0000000269001345643005151942
00.0000000269001345643005151942
00.0000000269001345643005151942
00.0000000269001345643005151942
00.0000000269001345643005151942
00.0000000269001345643005151942
00.0000000269001345643005151942
00.0000000269001345643005151942
00.0000000269001345643005151942
00.0000000269001345643005151942
00.0000000269001345643005151942
00.0000000269001345643005151942
00.0000000269001345643005151942
00.0000000269001345643005151942
00.0000000269001345643005151942
00.0000000269001345643005151942
00.0000000269001345643005151942
00.0000000269001345643005151942
00.0000000269001345643005151942
00.0000000269001345643005151942
00.0000000269001345643005151942
00.0000000269001345643005151942
00.0000000269001345643005151942
00.0000000269001345643005151942
00.0000000269001345643005151942
00.0000000269001345643005151942
00.0000000269001345643005151942
00.0000000269001345643005151942
00.0000000269001345643005151942
00.0000000269001345643005151942
00.0000000269001345643005151942
00.0000000269001345643005151942
00.0000000269001345643005151942
00.0000000269001345643005151942
00.0000000269001345643005151942
00.0000000269001345643005151942
00.0000000269001345643005151942
00.0000000269001345643005151942
00.0000000269001345643005151942
00.0000000269001345643005151942
00.0000000269001345643005151942
00.0000000269001345643005151942
00.0000000269001345643005151942
00.0000000269001345643005151942
00.0000000269001345643005151942
00.0000000269001345643005151942
00.0000000269001345643005151942
00.0000000269001345643005151942
00.0000000269001345643005151942
00.0000000269001345643005151942
00.0000000269001345643005151942
00.0000000269001345643005151942
00.0000000269001345643005151942
00.0000000269001345643005151942
00.0000000269001345643005151942
00.0000000269001345643005151942
00.0000000269001345643005151942
00.0000000269001345643005151942
00.0000000269001345643005151942
00.0000000269001345643005151942
00.0000000269001345643005151942
00.0000000269001345643005151942
00.0000000269001345643005151942
00.0000000269001345643005151942
00.0000000269001345643005151942
00.0000000269001345643005151942
00.0000000269001345643005151942
00.0000000269001345643005151942
00.0000000269001345643005151942
00.0000000269001345643005151942
00.0000000269001345643005151942
00.0000000269001345643005151942
00.0000000269001345643005151942
00.0000000269001345643005151942
00.0000000269001345643005151942
00.0000000269001345643005151942
00.0000000269001345643005151942
00.0000000269001345643005151942
00.0000000269001345643005151942
00.0000000269001345643005151942
00.0000000269001345643005151942
00.0000000269001345643005151942
00.0000000269001345643005151942
00.0000000269001345643005151942
00.0000000269001345643005151942
00.0000000269001345643005151942
00.0000000269001345643005151942
00.0000000269001345643005151942
00.0000000269001345643005151942
00.0000000269001345643005151942
00.0000000269001345643005151942
00.0000000269001345643005151942
00.0000000269001345643005151942
00.0000000269001345643005151942
00.0000000269001345643005151942
00.0000000269001345643005151942
00.0000000269001345643005151942
00.0000000269001345643005151942
00.0000000269001345643005151942
00.0000000269001345643005151942
00.0000000269001345643005151942
00.0000000269001345643005151942
00.0000000269001345643005151942
00.0000000269001345643005151942
00.0000000269001345643005151942
00.0000000269001345643005151942
00.0000000269001345643005151942
00.0000000269001345643005151942
00.0000000269001345643005151942
00.0000000269001345643005151942
00.0000000269001345643005151942
00.0000000269001345643005151942
00.0000000269001345643005151942
00.0000000269001345643005151942
00.0000000269001345643005151942
00.0000000269001345643005151942
00.0000000269001345643005151942
00.0000000269001345643005151942
00.0000000269001345643005151942
00.0000000269001345643005151942
00.0000000269001345643005151942
00.0000000269001345643005151942
00.0000000269001345643005151942
00.0000000269001345643005151942
00.0000000269001345643005151942
00.0000000269001345643005151942
00.0000000269001345643005151942
00.0000000269001345643005151942
00.0000000269001345643005151942
00.0000000269001345643005151942
00.0000000269001345643005151942
00.0000000269001345643005151942
00.0000000269001345643005151942
00.0000000269001345643005151942
00.0000000269001345643005151942
00.0000000269001345643005151942
00.0000000269001345643005151942
00.0000000269001345643005151942
00.0000000269001345643005151942
00.0000000269001345643005151942
00.0000000269001345643005151942
00.0000000269001345643005151942
00.0000000269001345643005151942
00.0000000269001345643005151942
00.0000000269001345643005151942
00.0000000269001345643005151942
00.0000000269001345643005151942
00.0000000269001345643005151942
00.0000000269001345643005151942
00.0000000269001345643005151942
00.0000000269001345643005151942
00.0000000269001345643005151942
00.0000000269001345643005151942
00.0000000269001345643005151942
00.0000000269001345643005151942
00.0000000269001345643005151942
00.0000000269001345643005151942
00.0000000269001345643005151942
00.0000000269001345643005151942
00.0000000269001345643005151942
00.0000000269001345643005151942
00.0000000269001345643005151942
00.0000000269001345643005151942
00.0000000269001345643005151942
00.0000000269001345643005151942
00.0000000269001345643005151942
00.0000000269001345643005151942
00.0000000269001345643005151942
00.0000000269001345643005151942
00.0000000269001345643005151942
00.0000000269001345643005151942
00.0000000269001345643005151942
00.0000000269001345643005151942
00.0000000269001345643005151942
00.0000000269001345643005151942
00.0000000269001345643005151942
00.0000000269001345643005151942
00.0000000269001345643005151942
00.0000000269001345643005151942
00.0000000269001345643005151942
00.0000000269001345643005151942
00.0000000269001345643005151942
00.0000000269001345643005151942
00.0000000269001345643005151942
00.0000000269001345643005151942
00.0000000269001345643005151942
00.0000000269001345643005151942
00.0000000269001345643005151942
00.0000000269001345643005151942
00.0000000269001345643005151942
00.0000000269001345643005151942
00.0000000269001345643005151942
00.0000000269001345643005151942
00.0000000269001345643005151942
00.0000000269001345643005151942
00.0000000269001345643005151942
00.0000000269001345643005151942
00.0000000269001345643005151942
00.0000000269001345643005151942
00.0000000269001345643005151942
00.0000000269001345643005151942
00.0000000269001345643005151942
00.0000000269001345643005151942
00.0000000269001345643005151942
00.0000000269001345643005151942
00.0000000269001345643005151942
00.0000000269001345643005151942
00.0000000269001345643005151942
00.0000000269001345643005151942
00.0000000269001345643005151942
00.0000000269001345643005151942
00.0000000269001345643005151942
00.0000000269001345643005151942
00.0000000269001345643005151942
00.0000000269001345643005151942
00.0000000269001345643005151942
00.0000000269001345643005151942
00.0000000269001345643005151942
00.0000000269001345643005151942
00.0000000269001345643005151942
00.0000000269001345643005151942
00.0000000269001345643005151942
00.0000000269001345643005151942
00.0000000269001345643005151942
00.0000000269001345643005151942
00.0000000269001345643005151942
00.0000000269001345643005151942
00.0000000269001345643005151942
00.0000000269001345643005151942
00.0000000269001345643005151942
00.0000000269001345643005151942
00.0000000269001345643005151942
00.0000000269001345643005151942
00.0000000269001345643005151942
00.0000000269001345643005151942
00.0000000269001345643005151942
00.0000000269001345643005151942
00.0000000269001345643005151942
00.0000000269001345643005151942
00.0000000269001345643005151942
00.0000000269001345643005151942
00.0000000269001345643005151942
00.0000000269001345643005151942
00.0000000269001345643005151942
00.0000000269001345643005151942
00.0000000269001345643005151942
00.0000000269001345643005151942
00.0000000269001345643005151942
00.0000000269001345643005151942
00.0000000269001345643005151942
00.0000000269001345643005151942
00.0000000269001345643005151942
00.0000000269001345643005151942
00.0000000269001345643005151942
00.0000000269001345643005151942
00.0000000269001345643005151942
00.0000000269001345643005151942
00.0000000269001345643005151942
00.0000000269001345643005151942
00.0000000269001345643005151942
00.0000000269001345643005151942
00.0000000269001345643005151942
00.0000000269001345643005151942
00.0000000269001345643005151942
00.0000000269001345643005151942
00.0000000269001345643005151942
00.0000000269001345643005151942
00.0000000269001345643005151942
00.0000000269001345643005151942
00.0000000269001345643005151942
00.0000000269001345643005151942
00.0000000269001345643005151942
00.0000000269001345643005151942
00.0000000269001345643005151942
00.0000000269001345643005151942
00.0000000269001345643005151942
00.0000000269001345643005151942
00.0000000269001345643005151942
00.0000000269001345643005151942
00.0000000269001345643005151942
00.0000000269001345643005151942
00.0000000269001345643005151942
00.0000000269001345643005151942
00.0000000269001345643005151942
00.0000000269001345643005151942
00.0000000269001345643005151942
00.0000000269001345643005151942
00.0000000269001345643005151942
00.0000000269001345643005151942
00.0000000269001345643005151942
00.0000000269001345643005151942
00.0000000269001345643005151942
00.0000000269001345643005151942
00.0000000269001345643005151942
00.0000000269001345643005151942
00.0000000269001345643005151942
00.0000000269001345643005151942
00.0000000269001345643005151942
00.0000000269001345643005151942
00.0000000269001345643005151942
00.0000000269001345643005151942
00.0000000269001345643005151942
00.0000000269001345643005151942
00.0000000269001345643005151942
00.0000000269001345643005151942
00.0000000269001345643005151942
00.0000000269001345643005151942
00.0000000269001345643005151942
00.0000000269001345643005151942
00.0000000269001345643005151942
00.0000000269001345643005151942
00.0000000269001345643005151942
00.0000000269001345643005151942
00.0000000269001345643005151942
00.0000000254590010184685411332
00.0000000254590010184685411332
00.0000000254590010184685411332
00.0000000254590010184685411332
00.0000000254590010184685411332
00.0000000254590010184685411332
00.0000000254590010184685411332
00.0000000254590010184685411332
00.0000000254590010184685411332
00.0000000254590010184685411332
00.0000000254590010184685411332
00.0000000254590010184685411332
00.0000000254590010184685411332
00.0000000254590010184685411332
00.0000000254590010184685411332
00.0000000254590010184685411332
00.0000000254590010184685411332
00.0000000254590010184685411332
00.0000000254590010184685411332
00.0000000254590010184685411332
00.0000000254590010184685411332
00.0000000254590010184685411332
00.0000000254590010184685411332
00.0000000254590010184685411332
00.0000000254590010184685411332
00.0000000254590010184685411332
00.0000000254590010184685411332
00.0000000254590010184685411332
00.0000000254590010184685411332
00.0000000254590010184685411332
00.0000000254590010184685411332
00.0000000254590010184685411332
00.0000000254590010184685411332
00.0000000254590010184685411332
00.0000000254590010184685411332
00.0000000254590010184685411332
00.0000000254590010184685411332
00.0000000254590010184685411332
00.0000000254590010184685411332
00.0000000254590010184685411332
00.0000000254590010184685411332
00.0000000254590010184685411332
00.0000000254590010184685411332
00.0000000254590010184685411332
00.0000000254590010184685411332
00.0000000254590010184685411332
00.0000000254590010184685411332
00.0000000254590010184685411332
00.0000000254590010184685411332
00.0000000254590010184685411332
00.0000000254590010184685411332
00.0000000254590010184685411332
00.0000000254590010184685411332
00.0000000254590010184685411332
00.0000000254590010184685411332
00.0000000254590010184685411332
00.0000000254590010184685411332
00.0000000254590010184685411332
00.0000000254590010184685411332
00.0000000254590010184685411332
00.0000000254590010184685411332
00.0000000254590010184685411332
00.0000000254590010184685411332
00.0000000254590010184685411332
00.0000000254590010184685411332
00.0000000254590010184685411332
00.0000000254590010184685411332
00.0000000254590010184685411332
00.0000000254590010184685411332
00.0000000254590010184685411332
00.0000000254590010184685411332
00.0000000254590010184685411332
00.0000000254590010184685411332
00.0000000254590010184685411332
00.0000000254590010184685411332
00.0000000254590010184685411332
00.0000000254590010184685411332
00.0000000254590010184685411332
00.0000000254590010184685411332
00.0000000254590010184685411332
00.0000000254590010184685411332
00.0000000254590010184685411332
00.0000000254590010184685411332
00.0000000254590010184685411332
00.0000000254590010184685411332
00.0000000254590010184685411332
00.0000000254590010184685411332
00.0000000254590010184685411332
00.0000000254590010184685411332
00.0000000254590010184685411332
00.0000000254590010184685411332
00.0000000254590010184685411332
00.0000000254590010184685411332
00.0000000254590010184685411332
00.0000000254590010184685411332
00.0000000254590010184685411332
00.0000000254590010184685411332
00.0000000254590010184685411332
00.0000000254590010184685411332
00.0000000254590010184685411332
00.0000000254590010184685411332
00.0000000254590010184685411332
00.0000000254590010184685411332
00.0000000254590010184685411332
00.0000000254590010184685411332
00.0000000254590010184685411332
00.0000000254590010184685411332
00.0000000254590010184685411332
00.0000000254590010184685411332
00.0000000254590010184685411332
00.0000000254590010184685411332
00.0000000254590010184685411332
00.0000000254590010184685411332
00.0000000254590010184685411332
00.0000000254590010184685411332
00.0000000254590010184685411332
00.0000000254590010184685411332
00.0000000254590010184685411332
00.0000000254590010184685411332
00.0000000254590010184685411332
00.0000000254590010184685411332
00.0000000254590010184685411332
00.0000000254590010184685411332
00.0000000254590010184685411332
00.0000000254590010184685411332
00.0000000254590010184685411332
00.0000000254590010184685411332
00.0000000254590010184685411332
00.0000000254590010184685411332
00.0000000254590010184685411332
00.0000000254590010184685411332
00.0000000254590010184685411332
00.0000000254590010184685411332
00.0000000254590010184685411332
00.0000000254590010184685411332
00.0000000254590010184685411332
00.0000000254590010184685411332
00.0000000254590010184685411332
00.0000000254590010184685411332
00.0000000254590010184685411332
00.0000000254590010184685411332
00.0000000254590010184685411332
00.0000000254590010184685411332
00.0000000254590010184685411332
00.0000000254590010184685411332
00.0000000254590010184685411332
00.0000000254590010184685411332
00.0000000254590010184685411332
00.0000000254590010184685411332
00.0000000254590010184685411332
00.0000000254590010184685411332
00.0000000254590010184685411332
00.0000000254590010184685411332
00.0000000254590010184685411332
00.0000000254590010184685411332
00.0000000254590010184685411332
00.0000000254590010184685411332
00.0000000254590010184685411332
00.0000000254590010184685411332
00.0000000254590010184685411332
00.0000000254590010184685411332
00.0000000254590010184685411332
00.0000000254590010184685411332
00.0000000254590010184685411332
00.0000000254590010184685411332
00.0000000254590010184685411332
00.0000000254590010184685411332
00.0000000254590010184685411332
00.0000000254590010184685411332
00.0000000254590010184685411332
00.0000000254590010184685411332
00.0000000254590010184685411332
00.0000000254590010184685411332
00.0000000254590010184685411332
00.0000000254590010184685411332
00.0000000254590010184685411332
00.0000000254590010184685411332
00.0000000254590010184685411332
00.0000000254590010184685411332
00.0000000254590010184685411332
00.0000000254590010184685411332
00.0000000254590010184685411332
00.0000000254590010184685411332
00.0000000254590010184685411332
00.0000000254590010184685411332
00.0000000254590010184685411332
00.0000000254590010184685411332
00.0000000254590010184685411332
00.0000000254590010184685411332
00.0000000254590010184685411332
00.0000000254590010184685411332
00.0000000254590010184685411332
00.0000000254590010184685411332
00.0000000254590010184685411332
00.0000000254590010184685411332
00.0000000254590010184685411332
00.0000000254590010184685411332
00.0000000254590010184685411332
00.0000000254590010184685411332
00.0000000254590010184685411332
00.0000000254590010184685411332
00.0000000254590010184685411332
00.0000000254590010184685411332
00.0000000254590010184685411332
00.0000000254590010184685411332
00.0000000254590010184685411332
00.0000000254590010184685411332
00.0000000254590010184685411332
00.0000000254590010184685411332
00.0000000254590010184685411332
00.0000000254590010184685411332
00.0000000254590010184685411332
00.0000000254590010184685411332
00.0000000254590010184685411332
00.0000000254590010184685411332
00.0000000254590010184685411332
00.0000000254590010184685411332
00.0000000254590010184685411332
00.0000000254590010184685411332
00.0000000254590010184685411332
00.0000000254590010184685411332
00.0000000254590010184685411332
00.0000000254590010184685411332
00.0000000254590010184685411332
00.0000000254590010184685411332
00.0000000254590010184685411332
00.0000000254590010184685411332
00.0000000254590010184685411332
00.0000000254590010184685411332
00.0000000254590010184685411332
00.0000000254590010184685411332
00.0000000254590010184685411332
00.0000000254590010184685411332
00.0000000254590010184685411332
00.0000000254590010184685411332
00.0000000254590010184685411332
00.0000000254590010184685411332
00.0000000254590010184685411332
00.0000000254590010184685411332
00.0000000254590010184685411332
00.0000000254590010184685411332
00.0000000254590010184685411332
00.0000000254590010184685411332
00.0000000254590010184685411332
00.0000000254590010184685411332
00.0000000254590010184685411332
00.0000000254590010184685411332
00.0000000254590010184685411332
00.0000000254590010184685411332
00.0000000254590010184685411332
00.0000000254590010184685411332
00.0000000254590010184685411332
00.0000000254590010184685411332
00.0000000254590010184685411332
00.0000000254590010184685411332
00.0000000254590010184685411332
00.0000000254590010184685411332
00.0000000254590010184685411332
00.0000000254590010184685411332
00.0000000254590010184685411332
00.0000000254590010184685411332
00.0000000254590010184685411332
00.0000000254590010184685411332
00.0000000254590010184685411332
00.0000000254590010184685411332
00.0000000254590010184685411332
00.0000000254590010184685411332
00.0000000254590010184685411332
00.0000000254590010184685411332
00.0000000254590010184685411332
00.0000000254590010184685411332
00.0000000254590010184685411332
00.0000000254590010184685411332
00.0000000254590010184685411332
00.0000000254590010184685411332
00.0000000254590010184685411332
00.0000000254590010184685411332
00.0000000254590010184685411332
00.0000000254590010184685411332
00.0000000254590010184685411332
00.0000000254590010184685411332
00.0000000254590010184685411332
00.0000000254590010184685411332
00.0000000254590010184685411332
00.0000000254590010184685411332
00.0000000254590010184685411332
00.0000000254590010184685411332
00.0000000254590010184685411332
00.0000000254590010184685411332
00.0000000254590010184685411332
00.0000000254590010184685411332
00.0000000254590010184685411332
00.0000000254590010184685411332
00.0000000254590010184685411332
00.0000000254590010184685411332
00.0000000254590010184685411332
00.0000000254590010184685411332
00.0000000254590010184685411332
00.0000000254590010184685411332
00.0000000254590010184685411332
00.0000000254590010184685411332
00.0000000254590010184685411332
00.0000000254590010184685411332
00.0000000254590010184685411332
00.0000000254590010184685411332
00.0000000254590010184685411332
00.0000000254590010184685411332
00.0000000254590010184685411332
00.0000000254590010184685411332
00.0000000254590010184685411332
00.0000000254590010184685411332
00.0000000254590010184685411332
00.0000000254590010184685411332
00.0000000254590010184685411332
00.0000000254590010184685411332
00.0000000254590010184685411332
00.0000000254590010184685411332
00.0000000254590010184685411332
00.0000000254590010184685411332
00.0000000254590010184685411332
00.0000000254590010184685411332
00.0000000254590010184685411332
00.0000000254590010184685411332
00.0000000254590010184685411332
00.0000000254590010184685411332
00.0000000254590010184685411332
00.0000000254590010184685411332
00.0000000254590010184685411332
00.0000000254590010184685411332
00.0000000254590010184685411332
00.0000000254590010184685411332
00.0000000254590010184685411332
00.0000000254590010184685411332
00.0000000254590010184685411332
00.0000000254590010184685411332
00.0000000254590010184685411332
00.0000000254590010184685411332
00.0000000254590010184685411332
00.0000000254590010184685411332
00.0000000254590010184685411332
00.0000000254590010184685411332
00.0000000254590010184685411332
00.0000000254590010184685411332
00.0000000254590010184685411332
00.0000000254590010184685411332
00.0000000254590010184685411332
00.0000000254590010184685411332
00.0000000254590010184685411332
00.0000000254590010184685411332
00.0000000254590010184685411332
00.0000000254590010184685411332
00.0000000254590010184685411332
00.0000000254590010184685411332
00.0000000254590010184685411332
00.0000000254590010184685411332
00.0000000254590010184685411332
00.0000000254590010184685411332
00.0000000254590010184685411332
00.0000000254590010184685411332
00.0000000254590010184685411332
00.0000000254590010184685411332
00.0000000254590010184685411332
00.0000000254590010184685411332
00.0000000254590010184685411332
00.0000000254590010184685411332
00.0000000254590010184685411332
00.0000000254590010184685411332
00.0000000254590010184685411332
00.0000000254590010184685411332
00.0000000254590010184685411332
00.0000000254590010184685411332
00.0000000254590010184685411332
00.0000000254590010184685411332
00.0000000254590010184685411332
00.0000000254590010184685411332
00.0000000254590010184685411332
00.0000000254590010184685411332
00.0000000254590010184685411332
00.0000000254590010184685411332
00.0000000254590010184685411332
00.0000000254590010184685411332
00.0000000254590010184685411332
00.0000000254590010184685411332
00.0000000254590010184685411332
00.0000000254590010184685411332
00.0000000254590010184685411332
00.0000000254590010184685411332
00.0000000254590010184685411332
00.0000000254590010184685411332
00.0000000254590010184685411332
00.0000000254590010184685411332
00.0000000254590010184685411332
00.0000000254590010184685411332
00.0000000254590010184685411332
00.0000000254590010184685411332
00.0000000254590010184685411332
00.0000000254590010184685411332
00.0000000254590010184685411332
00.0000000254590010184685411332
00.0000000254590010184685411332
00.0000000254590010184685411332
00.0000000254590010184685411332
00.0000000254590010184685411332
00.0000000254590010184685411332
00.0000000254590010184685411332
00.0000000254590010184685411332
00.0000000254590010184685411332
00.0000000254590010184685411332
00.0000000254590010184685411332
00.0000000254590010184685411332
00.0000000254590010184685411332
00.0000000254590010184685411332
00.0000000254590010184685411332
00.0000000254590010184685411332
00.0000000254590010184685411332
00.0000000254590010184685411332
00.0000000254590010184685411332
00.0000000254590010184685411332
00.0000000254590010184685411332
00.0000000254590010184685411332
00.0000000254590010184685411332
00.0000000254590010184685411332
00.0000000254590010184685411332
00.0000000254590010184685411332
00.0000000254590010184685411332
00.0000000254590010184685411332
00.0000000254590010184685411332
00.0000000254590010184685411332
00.0000000254590010184685411332
00.0000000254590010184685411332
00.0000000254590010184685411332
00.0000000254590010184685411332
00.0000000254590010184685411332
00.0000000254590010184685411332
00.0000000254590010184685411332
00.0000000254590010184685411332
00.0000000254590010184685411332
00.0000000254590010184685411332
00.0000000254590010184685411332
00.0000000254590010184685411332
00.0000000254590010184685411332
00.0000000254590010184685411332
00.0000000254590010184685411332
00.0000000254590010184685411332
00.0000000254590010184685411332
00.0000000254590010184685411332
00.0000000254590010184685411332
00.0000000254590010184685411332
00.0000000254590010184685411332
00.0000000254590010184685411332
00.0000000254590010184685411332
00.0000000254590010184685411332
00.0000000254590010184685411332
00.0000000254590010184685411332
00.0000000254590010184685411332
00.0000000254590010184685411332
00.0000000254590010184685411332
00.0000000254590010184685411332
00.0000000254590010184685411332
00.0000000254590010184685411332
00.0000000254590010184685411332
00.0000000254590010184685411332
00.0000000254590010184685411332
00.0000000254590010184685411332
00.0000000254590010184685411332
00.0000000254590010184685411332
00.0000000254590010184685411332
00.0000000254590010184685411332
00.0000000254590010184685411332
00.0000000254590010184685411332
00.0000000254590010184685411332
00.0000000254590010184685411332
00.0000000254590010184685411332
00.0000000254590010184685411332
00.0000000254590010184685411332
00.0000000254590010184685411332
00.0000000254590010184685411332
00.0000000254590010184685411332
00.0000000254590010184685411332
00.0000000254590010184685411332
00.0000000254590010184685411332
00.0000000254590010184685411332
00.0000000254590010184685411332
00.0000000254590010184685411332
00.0000000254590010184685411332
00.0000000254590010184685411332
00.0000000254590010184685411332
00.0000000254590010184685411332
00.0000000254590010184685411332
00.0000000254590010184685411332
00.0000000254590010184685411332
00.0000000254590010184685411332
00.0000000254590010184685411332
00.0000000254590010184685411332
00.0000000254590010184685411332
00.0000000254590010184685411332
00.0000000254590010184685411332
00.0000000254590010184685411332
00.0000000254590010184685411332
00.0000000254590010184685411332
00.0000000254590010184685411332
00.0000000254590010184685411332
00.0000000254590010184685411332
00.0000000254590010184685411332
00.0000000254590010184685411332
00.0000000254590010184685411332
00.0000000254590010184685411332
00.0000000254590010184685411332
00.0000000254590010184685411332
00.0000000254590010184685411332
00.0000000254590010184685411332
00.0000000254590010184685411332
00.0000000254590010184685411332
00.0000000254590010184685411332
00.0000000254590010184685411332
00.0000000254590010184685411332
00.0000000254590010184685411332
00.0000000254590010184685411332
00.0000000254590010184685411332
00.0000000254590010184685411332
00.0000000254590010184685411332
00.0000000254590010184685411332
00.0000000254590010184685411332
00.0000000254590010184685411332
00.0000000254590010184685411332
00.0000000254590010184685411332
00.0000000254590010184685411332
00.0000000254590010184685411332
00.0000000254590010184685411332
00.0000000254590010184685411332
00.0000000254590010184685411332
00.0000000254590010184685411332
00.0000000254590010184685411332
00.0000000254590010184685411332
00.0000000254590010184685411332
00.0000000254590010184685411332
00.0000000254590010184685411332
00.0000000254590010184685411332
00.0000000254590010184685411332
00.0000000254590010184685411332
00.0000000254590010184685411332
00.0000000254590010184685411332
00.0000000254590010184685411332
00.0000000254590010184685411332
00.0000000254590010184685411332
00.0000000254590010184685411332
00.0000000254590010184685411332
00.0000000254590010184685411332
00.0000000254590010184685411332
00.0000000254590010184685411332
00.0000000254590010184685411332
00.0000000254590010184685411332
00.0000000254590010184685411332
00.0000000254590010184685411332
00.0000000254590010184685411332
00.0000000254590010184685411332
00.0000000254590010184685411332
00.0000000254590010184685411332
00.0000000254590010184685411332
00.0000000254590010184685411332
00.0000000254590010184685411332
00.0000000254590010184685411332
00.0000000254590010184685411332
00.0000000254590010184685411332
00.0000000254590010184685411332
00.0000000254590010184685411332
00.0000000254590010184685411332
00.0000000254590010184685411332
00.0000000254590010184685411332
00.0000000254590010184685411332
00.0000000254590010184685411332
00.0000000254590010184685411332
00.0000000254590010184685411332
00.0000000254590010184685411332
00.0000000254590010184685411332
00.0000000254590010184685411332
00.0000000254590010184685411332
00.0000000254590010184685411332
00.0000000254590010184685411332
00.0000000254590010184685411332
00.0000000254590010184685411332
00.0000000254590010184685411332
00.0000000254590010184685411332
00.0000000254590010184685411332
00.0000000254590010184685411332
00.0000000254590010184685411332
00.0000000254590010184685411332
00.0000000254590010184685411332
00.0000000254590010184685411332
00.0000000254590010184685411332
00.0000000254590010184685411332
00.0000000254590010184685411332
00.0000000254590010184685411332
00.0000000254590010184685411332
00.0000000254590010184685411332
00.0000000254590010184685411332
00.0000000254590010184685411332
00.0000000254590010184685411332
00.0000000254590010184685411332
00.0000000254590010184685411332
00.0000000254590010184685411332
00.0000000254590010184685411332
00.0000000254590010184685411332
00.0000000254590010184685411332
00.0000000254590010184685411332
00.0000000254590010184685411332
00.0000000254590010184685411332
00.0000000254590010184685411332
00.0000000254590010184685411332
00.0000000254590010184685411332
00.0000000254590010184685411332
00.0000000254590010184685411332
00.0000000254590010184685411332
00.0000000254590010184685411332
00.0000000254590010184685411332
00.0000000254590010184685411332
00.0000000254590010184685411332
00.0000000254590010184685411332
00.0000000254590010184685411332
00.0000000254590010184685411332
00.0000000254590010184685411332
00.0000000254590010184685411332
00.0000000254590010184685411332
00.0000000254590010184685411332
00.0000000254590010184685411332
00.0000000254590010184685411332
00.0000000254590010184685411332
00.0000000254590010184685411332
00.0000000254590010184685411332
00.0000000254590010184685411332
00.0000000254590010184685411332
00.0000000254590010184685411332
00.0000000254590010184685411332
00.0000000254590010184685411332
00.0000000254590010184685411332
00.0000000254590010184685411332
00.0000000254590010184685411332
00.0000000254590010184685411332
00.0000000254590010184685411332
00.0000000254590010184685411332
00.0000000254590010184685411332
00.0000000254590010184685411332
00.0000000254590010184685411332
00.0000000254590010184685411332
00.0000000254590010184685411332
00.0000000254590010184685411332
00.0000000254590010184685411332
00.0000000254590010184685411332
00.0000000254590010184685411332
00.0000000254590010184685411332
00.0000000254590010184685411332
00.0000000254590010184685411332
00.0000000254590010184685411332
00.0000000254590010184685411332
00.0000000254590010184685411332
00.0000000254590010184685411332
00.0000000254590010184685411332
00.0000000254590010184685411332
00.0000000254590010184685411332
00.0000000254590010184685411332
00.0000000254590010184685411332
00.0000000254590010184685411332
00.0000000254590010184685411332
00.0000000254590010184685411332
00.0000000254590010184685411332
00.0000000254590010184685411332
00.0000000254590010184685411332
00.0000000254590010184685411332
00.0000000254590010184685411332
00.0000000254590010184685411332
00.0000000254590010184685411332
00.0000000254590010184685411332
00.0000000254590010184685411332
00.0000000254590010184685411332
00.0000000254590010184685411332
00.0000000254590010184685411332
00.0000000254590010184685411332
00.0000000254590010184685411332
00.0000000254590010184685411332
00.0000000254590010184685411332
00.0000000254590010184685411332
00.0000000254590010184685411332
00.0000000254590010184685411332
00.0000000254590010184685411332
00.0000000254590010184685411332
00.0000000254590010184685411332
00.0000000254590010184685411332
00.0000000254590010184685411332
00.0000000254590010184685411332
00.0000000254590010184685411332
00.0000000254590010184685411332
00.0000000254590010184685411332
00.0000000254590010184685411332
00.0000000254590010184685411332
00.0000000254590010184685411332
00.0000000254590010184685411332
00.0000000254590010184685411332
00.0000000254590010184685411332
00.0000000254590010184685411332
00.0000000254590010184685411332
00.0000000254590010184685411332
00.0000000254590010184685411332
00.0000000254590010184685411332
00.0000000254590010184685411332
00.0000000254590010184685411332
00.0000000254590010184685411332
00.0000000254590010184685411332
00.0000000254590010184685411332
00.0000000254590010184685411332
00.0000000254590010184685411332
00.0000000254590010184685411332
00.0000000254590010184685411332
00.0000000254590010184685411332
00.0000000254590010184685411332
00.0000000254590010184685411332
00.0000000254590010184685411332
00.0000000254590010184685411332
00.0000000254590010184685411332
00.0000000254590010184685411332
00.0000000254590010184685411332
00.0000000254590010184685411332
00.0000000254590010184685411332
00.0000000254590010184685411332
00.0000000254590010184685411332
00.0000000254590010184685411332
00.0000000254590010184685411332
00.0000000254590010184685411332
00.0000000254590010184685411332
00.0000000254590010184685411332
00.0000000254590010184685411332
00.0000000254590010184685411332
00.0000000254590010184685411332
00.0000000254590010184685411332
00.0000000254590010184685411332
00.0000000254590010184685411332
00.0000000254590010184685411332
00.0000000254590010184685411332
00.0000000254590010184685411332
00.0000000254590010184685411332
00.0000000254590010184685411332
00.0000000254590010184685411332
00.0000000254590010184685411332
00.0000000254590010184685411332
00.0000000254590010184685411332
00.0000000254590010184685411332
00.0000000254590010184685411332
00.0000000254590010184685411332
00.0000000254590010184685411332
00.0000000254590010184685411332
00.0000000254590010184685411332
00.0000000254590010184685411332
00.0000000254590010184685411332
00.0000000254590010184685411332
00.0000000254590010184685411332
00.0000000254590010184685411332
00.0000000254590010184685411332
00.0000000254590010184685411332
00.0000000254590010184685411332
00.0000000254590010184685411332
00.0000000254590010184685411332
00.0000000254590010184685411332
00.0000000254590010184685411332
00.0000000254590010184685411332
00.0000000254590010184685411332
00.0000000254590010184685411332
00.0000000254590010184685411332
00.0000000254590010184685411332
00.0000000254590010184685411332
00.0000000254590010184685411332
00.0000000254590010184685411332
00.0000000254590010184685411332
00.0000000254590010184685411332
00.0000000254590010184685411332
00.0000000254590010184685411332
00.0000000254590010184685411332
00.0000000254590010184685411332
00.0000000254590010184685411332
00.0000000254590010184685411332
00.0000000254590010184685411332
00.0000000254590010184685411332
00.0000000254590010184685411332
00.0000000254590010184685411332
00.0000000254590010184685411332
00.0000000254590010184685411332
00.0000000254590010184685411332
00.0000000254590010184685411332
00.0000000254590010184685411332
00.0000000254590010184685411332
00.0000000254590010184685411332
00.0000000254590010184685411332
00.0000000254590010184685411332
00.0000000254590010184685411332
00.0000000254590010184685411332
00.0000000254590010184685411332
00.0000000254590010184685411332
00.0000000254590010184685411332
00.0000000254590010184685411332
00.0000000254590010184685411332
00.0000000254590010184685411332
00.0000000254590010184685411332
00.0000000254590010184685411332
00.0000000254590010184685411332
00.0000000254590010184685411332
00.0000000254590010184685411332
00.0000000254590010184685411332
00.0000000254590010184685411332
00.0000000254590010184685411332
00.0000000254590010184685411332
00.0000000254590010184685411332
00.0000000254590010184685411332
00.0000000254590010184685411332
00.0000000254590010184685411332
00.0000000254590010184685411332
00.0000000254590010184685411332
00.0000000254590010184685411332
00.0000000254590010184685411332
00.0000000254590010184685411332
00.0000000254590010184685411332
00.0000000254590010184685411332
00.0000000254590010184685411332
00.0000000254590010184685411332
00.0000000254590010184685411332
00.0000000254590010184685411332
00.0000000254590010184685411332
00.0000000254590010184685411332
00.0000000254590010184685411332
00.0000000254590010184685411332
00.0000000254590010184685411332
00.0000000254590010184685411332
00.0000000254590010184685411332
00.0000000254590010184685411332
00.0000000254590010184685411332
00.0000000254590010184685411332
00.0000000254590010184685411332
00.0000000254590010184685411332
00.0000000254590010184685411332
00.0000000254590010184685411332
00.0000000254590010184685411332
00.0000000254590010184685411332
00.0000000254590010184685411332
00.0000000254590010184685411332
00.0000000254590010184685411332
00.0000000254590010184685411332
00.0000000254590010184685411332
00.0000000254590010184685411332
00.0000000254590010184685411332
00.0000000254590010184685411332
00.0000000254590010184685411332
00.0000000254590010184685411332
00.0000000254590010184685411332
00.0000000254590010184685411332
00.0000000254590010184685411332
00.0000000254590010184685411332
00.0000000254590010184685411332
00.0000000254590010184685411332
00.0000000254590010184685411332
00.0000000254590010184685411332
00.0000000254590010184685411332
00.0000000254590010184685411332
00.0000000254590010184685411332
00.0000000254590010184685411332
00.0000000254590010184685411332
00.0000000254590010184685411332
00.0000000254590010184685411332
00.0000000254590010184685411332
00.0000000254590010184685411332
00.0000000254590010184685411332
00.0000000254590010184685411332
00.0000000254590010184685411332
00.0000000254590010184685411332
00.0000000254590010184685411332
00.0000000254590010184685411332
00.0000000254590010184685411332
00.0000000254590010184685411332
00.0000000254590010184685411332
00.0000000254590010184685411332
00.0000000254590010184685411332
00.0000000254590010184685411332
00.0000000254590010184685411332
00.0000000254590010184685411332
00.0000000254590010184685411332
00.0000000254590010184685411332
00.0000000254590010184685411332
00.0000000254590010184685411332
00.0000000254590010184685411332
00.0000000254590010184685411332
00.0000000254590010184685411332
00.0000000254590010184685411332
00.0000000254590010184685411332
00.0000000254590010184685411332
00.0000000254590010184685411332
00.0000000254590010184685411332
00.0000000254590010184685411332
00.0000000254590010184685411332
00.0000000254590010184685411332
00.0000000254590010184685411332
00.0000000254590010184685411332
00.0000000254590010184685411332
00.0000000254590010184685411332
00.0000000254590010184685411332
00.0000000254590010184685411332
00.0000000254590010184685411332
00.0000000254590010184685411332
00.0000000254590010184685411332
00.0000000254590010184685411332
00.0000000254590010184685411332
00.0000000254590010184685411332
00.0000000254590010184685411332
00.0000000254590010184685411332
00.0000000254590010184685411332
00.0000000254590010184685411332
00.0000000254590010184685411332
00.0000000254590010184685411332
00.0000000254590010184685411332
00.0000000254590010184685411332
00.0000000254590010184685411332
00.0000000254590010184685411332
00.0000000254590010184685411332
00.0000000254590010184685411332
00.0000000254590010184685411332
00.0000000254590010184685411332
00.0000000254590010184685411332
00.0000000254590010184685411332
00.0000000254590010184685411332
00.0000000254590010184685411332
00.0000000254590010184685411332
00.0000000254590010184685411332
00.0000000254590010184685411332
00.0000000254590010184685411332
00.0000000254590010184685411332
00.0000000254590010184685411332
00.0000000254590010184685411332
00.0000000254590010184685411332
00.0000000254590010184685411332
00.0000000254590010184685411332
00.0000000254590010184685411332
00.0000000254590010184685411332
00.0000000254590010184685411332
00.0000000254590010184685411332
00.0000000254590010184685411332
00.0000000254590010184685411332
00.0000000254590010184685411332
00.0000000254590010184685411332
00.0000000254590010184685411332
00.0000000254590010184685411332
00.0000000254590010184685411332
00.0000000254590010184685411332
00.0000000254590010184685411332
00.0000000254590010184685411332
00.0000000254590010184685411332
00.0000000254590010184685411332
00.0000000254590010184685411332
00.0000000254590010184685411332
00.0000000254590010184685411332
00.0000000254590010184685411332
00.0000000254590010184685411332
00.0000000254590010184685411332
00.0000000254590010184685411332
00.0000000254590010184685411332
00.0000000254590010184685411332
00.0000000254590010184685411332
00.0000000254590010184685411332
00.0000000254590010184685411332
00.0000000254590010184685411332
00.0000000254590010184685411332
00.0000000254590010184685411332
00.0000000254590010184685411332
00.0000000254590010184685411332
00.0000000254590010184685411332
00.0000000254590010184685411332
00.0000000254590010184685411332
00.0000000254590010184685411332
00.0000000254590010184685411332
00.0000000254590010184685411332
00.0000000254590010184685411332
00.0000000254590010184685411332
00.0000000254590010184685411332
00.0000000254590010184685411332
00.0000000254590010184685411332
00.0000000254590010184685411332
00.0000000254590010184685411332
00.0000000254590010184685411332
00.0000000254590010184685411332
00.0000000254590010184685411332
00.0000000254590010184685411332
00.0000000254590010184685411332
00.0000000254590010184685411332
00.0000000254590010184685411332
00.0000000254590010184685411332
00.0000000254590010184685411332
00.0000000254590010184685411332
00.0000000254590010184685411332
00.0000000254590010184685411332
00.0000000254590010184685411332
00.0000000254590010184685411332
00.0000000254590010184685411332
00.0000000254590010184685411332
00.0000000254590010184685411332
00.0000000254590010184685411332
00.0000000254590010184685411332
00.0000000240935089657057233126
00.0000000240935089657057233126
00.0000000240935089657057233126
00.0000000240935089657057233126
00.0000000240935089657057233126
00.0000000240935089657057233126
00.0000000240935089657057233126
00.0000000240935089657057233126
00.0000000240935089657057233126
00.0000000240935089657057233126
00.0000000240935089657057233126
00.0000000240935089657057233126
00.0000000240935089657057233126
00.0000000240935089657057233126
00.0000000240935089657057233126
00.0000000240935089657057233126
00.0000000240935089657057233126
00.0000000240935089657057233126
00.0000000240935089657057233126
00.0000000240935089657057233126
00.0000000240935089657057233126
00.0000000240935089657057233126
00.0000000240935089657057233126
00.0000000240935089657057233126
00.0000000240935089657057233126
00.0000000240935089657057233126
00.0000000240935089657057233126
00.0000000240935089657057233126
00.0000000240935089657057233126
00.0000000240935089657057233126
00.0000000240935089657057233126
00.0000000240935089657057233126
00.0000000240935089657057233126
00.0000000240935089657057233126
00.0000000240935089657057233126
00.0000000240935089657057233126
00.0000000240935089657057233126
00.0000000240935089657057233126
00.0000000240935089657057233126
00.0000000240935089657057233126
00.0000000240935089657057233126
00.0000000240935089657057233126
00.0000000240935089657057233126
00.0000000240935089657057233126
00.0000000240935089657057233126
00.0000000240935089657057233126
00.0000000240935089657057233126
00.0000000240935089657057233126
00.0000000240935089657057233126
00.0000000240935089657057233126
00.0000000240935089657057233126
00.0000000240935089657057233126
00.0000000240935089657057233126
00.0000000240935089657057233126
00.0000000240935089657057233126
00.0000000240935089657057233126
00.0000000240935089657057233126
00.0000000240935089657057233126
00.0000000240935089657057233126
00.0000000240935089657057233126
00.0000000240935089657057233126
00.0000000240935089657057233126
00.0000000240935089657057233126
00.0000000240935089657057233126
00.0000000240935089657057233126
00.0000000240935089657057233126
00.0000000240935089657057233126
00.0000000240935089657057233126
00.0000000240935089657057233126
00.0000000240935089657057233126
00.0000000240935089657057233126
00.0000000240935089657057233126
00.0000000240935089657057233126
00.0000000240935089657057233126
00.0000000240935089657057233126
00.0000000240935089657057233126
00.0000000240935089657057233126
00.0000000240935089657057233126
00.0000000240935089657057233126
00.0000000240935089657057233126
00.0000000240935089657057233126
00.0000000240935089657057233126
00.0000000240935089657057233126
00.0000000240935089657057233126
00.0000000240935089657057233126
00.0000000240935089657057233126
00.0000000240935089657057233126
00.0000000240935089657057233126
00.0000000240935089657057233126
00.0000000240935089657057233126
00.0000000240935089657057233126
00.0000000240935089657057233126
00.0000000240935089657057233126
00.0000000240935089657057233126
00.0000000240935089657057233126
00.0000000240935089657057233126
00.0000000240935089657057233126
00.0000000240935089657057233126
00.0000000240935089657057233126
00.0000000240935089657057233126
00.0000000240935089657057233126
00.0000000240935089657057233126
00.0000000240935089657057233126
00.0000000240935089657057233126
00.0000000240935089657057233126
00.0000000240935089657057233126
00.0000000240935089657057233126
00.0000000240935089657057233126
00.0000000240935089657057233126
00.0000000240935089657057233126
00.0000000240935089657057233126
00.0000000240935089657057233126
00.0000000240935089657057233126
00.0000000240935089657057233126
00.0000000240935089657057233126
00.0000000240935089657057233126
00.0000000240935089657057233126
00.0000000240935089657057233126
00.0000000240935089657057233126
00.0000000240935089657057233126
00.0000000240935089657057233126
00.0000000240935089657057233126
00.0000000240935089657057233126
00.0000000240935089657057233126
00.0000000240935089657057233126
00.0000000240935089657057233126
00.0000000240935089657057233126
00.0000000240935089657057233126
00.0000000240935089657057233126
00.0000000240935089657057233126
00.0000000240935089657057233126
00.0000000240935089657057233126
00.0000000240935089657057233126
00.0000000240935089657057233126
00.0000000240935089657057233126
00.0000000240935089657057233126
00.0000000240935089657057233126
00.0000000240935089657057233126
00.0000000240935089657057233126
00.0000000240935089657057233126
00.0000000240935089657057233126
00.0000000240935089657057233126
00.0000000240935089657057233126
00.0000000240935089657057233126
00.0000000240935089657057233126
00.0000000240935089657057233126
00.0000000240935089657057233126
00.0000000240935089657057233126
00.0000000240935089657057233126
00.0000000240935089657057233126
00.0000000240935089657057233126
00.0000000240935089657057233126
00.0000000240935089657057233126
00.0000000240935089657057233126
00.0000000240935089657057233126
00.0000000240935089657057233126
00.0000000240935089657057233126
00.0000000240935089657057233126
00.0000000240935089657057233126
00.0000000240935089657057233126
00.0000000240935089657057233126
00.0000000240935089657057233126
00.0000000240935089657057233126
00.0000000240935089657057233126
00.0000000240935089657057233126
00.0000000240935089657057233126
00.0000000240935089657057233126
00.0000000240935089657057233126
00.0000000240935089657057233126
00.0000000240935089657057233126
00.0000000240935089657057233126
00.0000000240935089657057233126
00.0000000240935089657057233126
00.0000000240935089657057233126
00.0000000240935089657057233126
00.0000000240935089657057233126
00.0000000240935089657057233126
00.0000000240935089657057233126
00.0000000240935089657057233126
00.0000000240935089657057233126
00.0000000240935089657057233126
00.0000000240935089657057233126
00.0000000240935089657057233126
00.0000000240935089657057233126
00.0000000240935089657057233126
00.0000000240935089657057233126
00.0000000240935089657057233126
00.0000000240935089657057233126
00.0000000240935089657057233126
00.0000000240935089657057233126
00.0000000240935089657057233126
00.0000000240935089657057233126
00.0000000240935089657057233126
00.0000000240935089657057233126
00.0000000240935089657057233126
00.0000000240935089657057233126
00.0000000240935089657057233126
00.0000000240935089657057233126
00.0000000240935089657057233126
00.0000000240935089657057233126
00.0000000240935089657057233126
00.0000000240935089657057233126
00.0000000240935089657057233126
00.0000000240935089657057233126
00.0000000240935089657057233126
00.0000000240935089657057233126
00.0000000240935089657057233126
00.0000000240935089657057233126
00.0000000240935089657057233126
00.0000000240935089657057233126
00.0000000240935089657057233126
00.0000000240935089657057233126
00.0000000240935089657057233126
00.0000000240935089657057233126
00.0000000240935089657057233126
00.0000000240935089657057233126
00.0000000240935089657057233126
00.0000000240935089657057233126
00.0000000240935089657057233126
00.0000000240935089657057233126
00.0000000240935089657057233126
00.0000000240935089657057233126
00.0000000240935089657057233126
00.0000000240935089657057233126
00.0000000240935089657057233126
00.0000000240935089657057233126
00.0000000240935089657057233126
00.0000000240935089657057233126
00.0000000240935089657057233126
00.0000000240935089657057233126
00.0000000240935089657057233126
00.0000000240935089657057233126
00.0000000240935089657057233126
00.0000000240935089657057233126
00.0000000240935089657057233126
00.0000000240935089657057233126
00.0000000240935089657057233126
00.0000000240935089657057233126
00.0000000240935089657057233126
00.0000000240935089657057233126
00.0000000240935089657057233126
00.0000000240935089657057233126
00.0000000240935089657057233126
00.0000000240935089657057233126
00.0000000240935089657057233126
00.0000000240935089657057233126
00.0000000240935089657057233126
00.0000000240935089657057233126
00.0000000240935089657057233126
00.0000000240935089657057233126
00.0000000240935089657057233126
00.0000000240935089657057233126
00.0000000240935089657057233126
00.0000000240935089657057233126
00.0000000240935089657057233126
00.0000000240935089657057233126
00.0000000240935089657057233126
00.0000000240935089657057233126
00.0000000240935089657057233126
00.0000000240935089657057233126
00.0000000240935089657057233126
00.0000000240935089657057233126
00.0000000240935089657057233126
00.0000000240935089657057233126
00.0000000240935089657057233126
00.0000000240935089657057233126
00.0000000240935089657057233126
00.0000000240935089657057233126
00.0000000240935089657057233126
00.0000000240935089657057233126
00.0000000240935089657057233126
00.0000000240935089657057233126
00.0000000240935089657057233126
00.0000000240935089657057233126
00.0000000240935089657057233126
00.0000000240935089657057233126
00.0000000240935089657057233126
00.0000000240935089657057233126
00.0000000240935089657057233126
00.0000000240935089657057233126
00.0000000240935089657057233126
00.0000000240935089657057233126
00.0000000240935089657057233126
00.0000000240935089657057233126
00.0000000240935089657057233126
00.0000000240935089657057233126
00.0000000240935089657057233126
00.0000000240935089657057233126
00.0000000240935089657057233126
00.0000000240935089657057233126
00.0000000240935089657057233126
00.0000000240935089657057233126
00.0000000240935089657057233126
00.0000000240935089657057233126
00.0000000240935089657057233126
00.0000000240935089657057233126
00.0000000240935089657057233126
00.0000000240935089657057233126
00.0000000240935089657057233126
00.0000000240935089657057233126
00.0000000240935089657057233126
00.0000000240935089657057233126
00.0000000240935089657057233126
00.0000000240935089657057233126
00.0000000240935089657057233126
00.0000000240935089657057233126
00.0000000240935089657057233126
00.0000000240935089657057233126
00.0000000240935089657057233126
00.0000000240935089657057233126
00.0000000240935089657057233126
00.0000000240935089657057233126
00.0000000240935089657057233126
00.0000000240935089657057233126
00.0000000240935089657057233126
00.0000000240935089657057233126
00.0000000240935089657057233126
00.0000000240935089657057233126
00.0000000240935089657057233126
00.0000000240935089657057233126
00.0000000240935089657057233126
00.0000000240935089657057233126
00.0000000240935089657057233126
00.0000000240935089657057233126
00.0000000240935089657057233126
00.0000000240935089657057233126
00.0000000240935089657057233126
00.0000000240935089657057233126
00.0000000240935089657057233126
00.0000000240935089657057233126
00.0000000240935089657057233126
00.0000000240935089657057233126
00.0000000240935089657057233126
00.0000000240935089657057233126
00.0000000240935089657057233126
00.0000000240935089657057233126
00.0000000240935089657057233126
00.0000000240935089657057233126
00.0000000240935089657057233126
00.0000000240935089657057233126
00.0000000240935089657057233126
00.0000000240935089657057233126
00.0000000240935089657057233126
00.0000000240935089657057233126
00.0000000240935089657057233126
00.0000000240935089657057233126
00.0000000240935089657057233126
00.0000000240935089657057233126
00.0000000240935089657057233126
00.0000000240935089657057233126
00.0000000240935089657057233126
00.0000000240935089657057233126
00.0000000240935089657057233126
00.0000000240935089657057233126
00.0000000240935089657057233126
00.0000000240935089657057233126
00.0000000240935089657057233126
00.0000000240935089657057233126
00.0000000240935089657057233126
00.0000000240935089657057233126
00.0000000240935089657057233126
00.0000000240935089657057233126
00.0000000240935089657057233126
00.0000000240935089657057233126
00.0000000240935089657057233126
00.0000000240935089657057233126
00.0000000240935089657057233126
00.0000000240935089657057233126
00.0000000240935089657057233126
00.0000000240935089657057233126
00.0000000240935089657057233126
00.0000000240935089657057233126
00.0000000240935089657057233126
00.0000000240935089657057233126
00.0000000240935089657057233126
00.0000000240935089657057233126
00.0000000240935089657057233126
00.0000000240935089657057233126
00.0000000240935089657057233126
00.0000000240935089657057233126
00.0000000240935089657057233126
00.0000000240935089657057233126
00.0000000240935089657057233126
00.0000000240935089657057233126
00.0000000240935089657057233126
00.0000000240935089657057233126
00.0000000240935089657057233126
00.0000000240935089657057233126
00.0000000240935089657057233126
00.0000000240935089657057233126
00.0000000240935089657057233126
00.0000000240935089657057233126
00.0000000240935089657057233126
00.0000000240935089657057233126
00.0000000240935089657057233126
00.0000000240935089657057233126
00.0000000240935089657057233126
00.0000000240935089657057233126
00.0000000240935089657057233126
00.0000000240935089657057233126
00.0000000240935089657057233126
00.0000000240935089657057233126
00.0000000240935089657057233126
00.0000000240935089657057233126
00.0000000240935089657057233126
00.0000000240935089657057233126
00.0000000240935089657057233126
00.0000000240935089657057233126
00.0000000240935089657057233126
00.0000000240935089657057233126
00.0000000240935089657057233126
00.0000000240935089657057233126
00.0000000240935089657057233126
00.0000000240935089657057233126
00.0000000240935089657057233126
00.0000000240935089657057233126
00.0000000240935089657057233126
00.0000000240935089657057233126
00.0000000240935089657057233126
00.0000000240935089657057233126
00.0000000240935089657057233126
00.0000000240935089657057233126
00.0000000240935089657057233126
00.0000000240935089657057233126
00.0000000240935089657057233126
00.0000000240935089657057233126
00.0000000240935089657057233126
00.0000000240935089657057233126
00.0000000240935089657057233126
00.0000000240935089657057233126
00.0000000240935089657057233126
00.0000000240935089657057233126
00.0000000240935089657057233126
00.0000000240935089657057233126
00.0000000240935089657057233126
00.0000000240935089657057233126
00.0000000240935089657057233126
00.0000000240935089657057233126
00.0000000240935089657057233126
00.0000000240935089657057233126
00.0000000240935089657057233126
00.0000000240935089657057233126
00.0000000240935089657057233126
00.0000000240935089657057233126
00.0000000240935089657057233126
00.0000000240935089657057233126
00.0000000240935089657057233126
00.0000000240935089657057233126
00.0000000240935089657057233126
00.0000000240935089657057233126
00.0000000240935089657057233126
00.0000000240935089657057233126
00.0000000240935089657057233126
00.0000000240935089657057233126
00.0000000240935089657057233126
00.0000000240935089657057233126
00.0000000240935089657057233126
00.0000000240935089657057233126
00.0000000240935089657057233126
00.0000000240935089657057233126
00.0000000240935089657057233126
00.0000000240935089657057233126
00.0000000240935089657057233126
00.0000000240935089657057233126
00.0000000240935089657057233126
00.0000000240935089657057233126
00.0000000240935089657057233126
00.0000000240935089657057233126
00.0000000240935089657057233126
00.0000000240935089657057233126
00.0000000240935089657057233126
00.0000000240935089657057233126
00.0000000240935089657057233126
00.0000000240935089657057233126
00.0000000240935089657057233126
00.0000000240935089657057233126
00.0000000240935089657057233126
00.0000000240935089657057233126
00.0000000240935089657057233126
00.0000000240935089657057233126
00.0000000240935089657057233126
00.0000000240935089657057233126
00.0000000240935089657057233126
00.0000000240935089657057233126
00.0000000240935089657057233126
00.0000000240935089657057233126
00.0000000240935089657057233126
00.0000000240935089657057233126
00.0000000240935089657057233126
00.0000000240935089657057233126
00.0000000240935089657057233126
00.0000000240935089657057233126
00.0000000240935089657057233126
00.0000000240935089657057233126
00.0000000240935089657057233126
00.0000000240935089657057233126
00.0000000240935089657057233126
00.0000000240935089657057233126
00.0000000240935089657057233126
00.0000000240935089657057233126
00.0000000240935089657057233126
00.0000000240935089657057233126
00.0000000240935089657057233126
00.0000000240935089657057233126
00.0000000240935089657057233126
00.0000000240935089657057233126
00.0000000240935089657057233126
00.0000000240935089657057233126
00.0000000240935089657057233126
00.0000000240935089657057233126
00.0000000240935089657057233126
00.0000000240935089657057233126
00.0000000240935089657057233126
00.0000000240935089657057233126
00.0000000240935089657057233126
00.0000000240935089657057233126
00.0000000240935089657057233126
00.0000000240935089657057233126
00.0000000240935089657057233126
00.0000000240935089657057233126
00.0000000240935089657057233126
00.0000000240935089657057233126
00.0000000240935089657057233126
00.0000000240935089657057233126
00.0000000240935089657057233126
00.0000000240935089657057233126
00.0000000240935089657057233126
00.0000000240935089657057233126
00.0000000240935089657057233126
00.0000000240935089657057233126
00.0000000240935089657057233126
00.0000000240935089657057233126
00.0000000240935089657057233126
00.0000000240935089657057233126
00.0000000240935089657057233126
00.0000000240935089657057233126
00.0000000240935089657057233126
00.0000000240935089657057233126
00.0000000240935089657057233126
00.0000000240935089657057233126
00.0000000240935089657057233126
00.0000000240935089657057233126
00.0000000240935089657057233126
00.0000000240935089657057233126
00.0000000240935089657057233126
00.0000000240935089657057233126
00.0000000240935089657057233126
00.0000000240935089657057233126
00.0000000240935089657057233126
00.0000000240935089657057233126
00.0000000240935089657057233126
00.0000000240935089657057233126
00.0000000240935089657057233126
00.0000000240935089657057233126
00.0000000240935089657057233126
00.0000000240935089657057233126
00.0000000240935089657057233126
00.0000000240935089657057233126
00.0000000240935089657057233126
00.0000000240935089657057233126
00.0000000240935089657057233126
00.0000000240935089657057233126
00.0000000240935089657057233126
00.0000000240935089657057233126
00.0000000240935089657057233126
00.0000000240935089657057233126
00.0000000240935089657057233126
00.0000000240935089657057233126
00.0000000240935089657057233126
00.0000000240935089657057233126
00.0000000240935089657057233126
00.0000000240935089657057233126
00.0000000240935089657057233126
00.0000000240935089657057233126
00.0000000240935089657057233126
00.0000000240935089657057233126
00.0000000240935089657057233126
00.0000000240935089657057233126
00.0000000240935089657057233126
00.0000000240935089657057233126
00.0000000240935089657057233126
00.0000000240935089657057233126
00.0000000240935089657057233126
00.0000000240935089657057233126
00.0000000240935089657057233126
00.0000000240935089657057233126
00.0000000240935089657057233126
00.0000000240935089657057233126
00.0000000240935089657057233126
00.0000000240935089657057233126
00.0000000240935089657057233126
00.0000000240935089657057233126
00.0000000240935089657057233126
00.0000000240935089657057233126
00.0000000240935089657057233126
00.0000000240935089657057233126
00.0000000240935089657057233126
00.0000000240935089657057233126
00.0000000240935089657057233126
00.0000000240935089657057233126
00.0000000240935089657057233126
00.0000000240935089657057233126
00.0000000240935089657057233126
00.0000000240935089657057233126
00.0000000240935089657057233126
00.0000000240935089657057233126
00.0000000240935089657057233126
00.0000000240935089657057233126
00.0000000240935089657057233126
00.0000000240935089657057233126
00.0000000240935089657057233126
00.0000000240935089657057233126
00.0000000240935089657057233126
00.0000000240935089657057233126
00.0000000240935089657057233126
00.0000000240935089657057233126
00.0000000240935089657057233126
00.0000000240935089657057233126
00.0000000240935089657057233126
00.0000000240935089657057233126
00.0000000240935089657057233126
00.0000000240935089657057233126
00.0000000240935089657057233126
00.0000000240935089657057233126
00.0000000240935089657057233126
00.0000000240935089657057233126
00.0000000240935089657057233126
00.0000000240935089657057233126
00.0000000240935089657057233126
00.0000000240935089657057233126
00.0000000240935089657057233126
00.0000000240935089657057233126
00.0000000240935089657057233126
00.0000000240935089657057233126
00.0000000240935089657057233126
00.0000000240935089657057233126
00.0000000240935089657057233126
00.0000000240935089657057233126
00.0000000240935089657057233126
00.0000000240935089657057233126
00.0000000240935089657057233126
00.0000000240935089657057233126
00.0000000240935089657057233126
00.0000000240935089657057233126
00.0000000240935089657057233126
00.0000000240935089657057233126
00.0000000240935089657057233126
00.0000000240935089657057233126
00.0000000240935089657057233126
00.0000000240935089657057233126
00.0000000240935089657057233126
00.0000000240935089657057233126
00.0000000240935089657057233126
00.0000000240935089657057233126
00.0000000240935089657057233126
00.0000000240935089657057233126
00.0000000240935089657057233126
00.0000000240935089657057233126
00.0000000240935089657057233126
00.0000000240935089657057233126
00.0000000240935089657057233126
00.0000000240935089657057233126
00.0000000240935089657057233126
00.0000000240935089657057233126
00.0000000240935089657057233126
00.0000000240935089657057233126
00.0000000240935089657057233126
00.0000000240935089657057233126
00.0000000240935089657057233126
00.0000000240935089657057233126
00.0000000240935089657057233126
00.0000000240935089657057233126
00.0000000240935089657057233126
00.0000000240935089657057233126
00.0000000240935089657057233126
00.0000000240935089657057233126
00.0000000240935089657057233126
00.0000000240935089657057233126
00.0000000240935089657057233126
00.0000000240935089657057233126
00.0000000240935089657057233126
00.0000000240935089657057233126
00.0000000240935089657057233126
00.0000000240935089657057233126
00.0000000240935089657057233126
00.0000000240935089657057233126
00.0000000240935089657057233126
00.0000000240935089657057233126
00.0000000240935089657057233126
00.0000000240935089657057233126
00.0000000240935089657057233126
00.0000000240935089657057233126
00.0000000240935089657057233126
00.0000000240935089657057233126
00.0000000240935089657057233126
00.0000000240935089657057233126
00.0000000240935089657057233126
00.0000000240935089657057233126
00.0000000240935089657057233126
00.0000000240935089657057233126
00.0000000240935089657057233126
00.0000000240935089657057233126
00.0000000240935089657057233126
00.0000000240935089657057233126
00.0000000240935089657057233126
00.0000000240935089657057233126
00.0000000240935089657057233126
00.0000000240935089657057233126
00.0000000240935089657057233126
00.0000000240935089657057233126
00.0000000240935089657057233126
00.0000000240935089657057233126
00.0000000240935089657057233126
00.0000000240935089657057233126
00.0000000240935089657057233126
00.0000000240935089657057233126
00.0000000240935089657057233126
00.0000000240935089657057233126
00.0000000240935089657057233126
00.0000000240935089657057233126
00.0000000240935089657057233126
00.0000000240935089657057233126
00.0000000240935089657057233126
00.0000000240935089657057233126
00.0000000240935089657057233126
00.0000000240935089657057233126
00.0000000240935089657057233126
00.0000000240935089657057233126
00.0000000240935089657057233126
00.0000000240935089657057233126
00.0000000240935089657057233126
00.0000000240935089657057233126
00.0000000240935089657057233126
00.0000000240935089657057233126
00.0000000240935089657057233126
00.0000000240935089657057233126
00.0000000240935089657057233126
00.0000000240935089657057233126
00.0000000240935089657057233126
00.0000000240935089657057233126
00.0000000240935089657057233126
00.0000000240935089657057233126
00.0000000240935089657057233126
00.0000000240935089657057233126
00.0000000240935089657057233126
00.0000000240935089657057233126
00.0000000240935089657057233126
00.0000000240935089657057233126
00.0000000240935089657057233126
00.0000000240935089657057233126
00.0000000240935089657057233126
00.0000000240935089657057233126
00.0000000240935089657057233126
00.0000000240935089657057233126
00.0000000240935089657057233126
00.0000000240935089657057233126
00.0000000240935089657057233126
00.0000000240935089657057233126
00.0000000240935089657057233126
00.0000000240935089657057233126
00.0000000240935089657057233126
00.0000000240935089657057233126
00.0000000240935089657057233126
00.0000000240935089657057233126
00.0000000240935089657057233126
00.0000000240935089657057233126
00.0000000240935089657057233126
00.0000000240935089657057233126
00.0000000240935089657057233126
00.0000000240935089657057233126
00.0000000240935089657057233126
00.0000000240935089657057233126
00.0000000240935089657057233126
00.0000000240935089657057233126
00.0000000240935089657057233126
00.0000000240935089657057233126
00.0000000240935089657057233126
00.0000000240935089657057233126
00.0000000240935089657057233126
00.0000000240935089657057233126
00.0000000240935089657057233126
00.0000000240935089657057233126
00.0000000240935089657057233126
00.0000000240935089657057233126
00.0000000240935089657057233126
00.0000000240935089657057233126
00.0000000240935089657057233126
00.0000000240935089657057233126
00.0000000240935089657057233126
00.0000000240935089657057233126
00.0000000240935089657057233126
00.0000000240935089657057233126
00.0000000240935089657057233126
00.0000000240935089657057233126
00.0000000240935089657057233126
00.0000000240935089657057233126
00.0000000240935089657057233126
00.0000000240935089657057233126
00.0000000240935089657057233126
00.0000000240935089657057233126
00.0000000240935089657057233126
00.0000000240935089657057233126
00.0000000240935089657057233126
00.0000000240935089657057233126
00.0000000240935089657057233126
00.0000000240935089657057233126
00.0000000240935089657057233126
00.0000000240935089657057233126
00.0000000240935089657057233126
00.0000000240935089657057233126
00.0000000240935089657057233126
00.0000000240935089657057233126
00.0000000240935089657057233126
00.0000000240935089657057233126
00.0000000240935089657057233126
00.0000000240935089657057233126
00.0000000240935089657057233126
00.0000000240935089657057233126
00.0000000240935089657057233126
00.0000000240935089657057233126
00.0000000240935089657057233126
00.0000000240935089657057233126
00.0000000240935089657057233126
00.0000000240935089657057233126
00.0000000240935089657057233126
00.0000000240935089657057233126
00.0000000240935089657057233126
00.0000000240935089657057233126
00.0000000240935089657057233126
00.0000000240935089657057233126
00.0000000240935089657057233126
00.0000000240935089657057233126
00.0000000240935089657057233126
00.0000000240935089657057233126
00.0000000240935089657057233126
00.0000000240935089657057233126
00.0000000240935089657057233126
00.0000000240935089657057233126
00.0000000240935089657057233126
00.0000000240935089657057233126
00.0000000240935089657057233126
00.0000000240935089657057233126
00.0000000240935089657057233126
00.0000000240935089657057233126
00.0000000240935089657057233126
00.0000000240935089657057233126
00.0000000240935089657057233126
00.0000000240935089657057233126
00.0000000240935089657057233126
00.0000000240935089657057233126
00.0000000240935089657057233126
00.0000000240935089657057233126
00.0000000240935089657057233126
00.0000000240935089657057233126
00.0000000240935089657057233126
00.0000000240935089657057233126
00.0000000240935089657057233126
00.0000000240935089657057233126
00.0000000240935089657057233126
00.0000000240935089657057233126
00.0000000240935089657057233126
00.0000000240935089657057233126
00.0000000240935089657057233126
00.0000000240935089657057233126
00.0000000240935089657057233126
00.0000000240935089657057233126
00.0000000240935089657057233126
00.0000000240935089657057233126
00.0000000240935089657057233126
00.0000000240935089657057233126
00.0000000240935089657057233126
00.0000000240935089657057233126
00.0000000240935089657057233126
00.0000000240935089657057233126
00.0000000240935089657057233126
00.0000000240935089657057233126
00.0000000240935089657057233126
00.0000000240935089657057233126
00.0000000240935089657057233126
00.0000000240935089657057233126
00.0000000240935089657057233126
00.0000000240935089657057233126
00.0000000240935089657057233126
00.0000000240935089657057233126
00.0000000240935089657057233126
00.0000000240935089657057233126
00.0000000240935089657057233126
00.0000000240935089657057233126
00.0000000240935089657057233126
00.0000000240935089657057233126
00.0000000240935089657057233126
00.0000000240935089657057233126
00.0000000240935089657057233126
00.0000000240935089657057233126
00.0000000240935089657057233126
00.0000000240935089657057233126
00.0000000240935089657057233126
00.0000000240935089657057233126
00.0000000240935089657057233126
00.0000000240935089657057233126
00.0000000240935089657057233126
00.0000000240935089657057233126
00.0000000240935089657057233126
00.0000000240935089657057233126
00.0000000240935089657057233126
00.0000000240935089657057233126
00.0000000240935089657057233126
00.0000000240935089657057233126
00.0000000240935089657057233126
00.0000000240935089657057233126
00.0000000240935089657057233126
00.0000000240935089657057233126
00.0000000240935089657057233126
00.0000000240935089657057233126
00.0000000240935089657057233126
00.0000000240935089657057233126
00.0000000240935089657057233126
00.0000000240935089657057233126
00.0000000240935089657057233126
00.0000000240935089657057233126
00.0000000240935089657057233126
00.0000000240935089657057233126
00.0000000240935089657057233126
00.0000000240935089657057233126
00.0000000240935089657057233126
00.0000000240935089657057233126
00.0000000240935089657057233126
00.0000000240935089657057233126
00.0000000240935089657057233126
00.0000000240935089657057233126
00.0000000240935089657057233126
00.0000000240935089657057233126
00.0000000240935089657057233126
00.0000000240935089657057233126
00.0000000240935089657057233126
00.0000000240935089657057233126
00.0000000240935089657057233126
00.0000000240935089657057233126
00.0000000240935089657057233126
00.0000000240935089657057233126
00.0000000240935089657057233126
00.0000000240935089657057233126
00.0000000240935089657057233126
00.0000000240935089657057233126
00.0000000240935089657057233126
00.0000000240935089657057233126
00.0000000240935089657057233126
00.0000000240935089657057233126
00.0000000240935089657057233126
00.0000000240935089657057233126
00.0000000240935089657057233126
00.0000000240935089657057233126
00.0000000240935089657057233126
00.0000000240935089657057233126
00.0000000240935089657057233126
00.0000000240935089657057233126
00.0000000240935089657057233126
00.0000000240935089657057233126
00.0000000240935089657057233126
00.0000000240935089657057233126
00.0000000240935089657057233126
00.0000000240935089657057233126
00.0000000240935089657057233126
00.0000000240935089657057233126
00.0000000240935089657057233126
00.0000000240935089657057233126
00.0000000240935089657057233126
00.0000000240935089657057233126
00.0000000240935089657057233126
00.0000000240935089657057233126
00.0000000240935089657057233126
00.0000000240935089657057233126
00.0000000240935089657057233126
00.0000000240935089657057233126
00.0000000240935089657057233126
00.0000000240935089657057233126
00.0000000240935089657057233126
00.0000000240935089657057233126
00.0000000240935089657057233126
00.0000000240935089657057233126
00.0000000240935089657057233126
00.0000000240935089657057233126
00.0000000240935089657057233126
00.0000000240935089657057233126
00.0000000240935089657057233126
00.0000000240935089657057233126
00.0000000240935089657057233126
00.0000000240935089657057233126
00.0000000240935089657057233126
00.0000000240935089657057233126
00.0000000240935089657057233126
00.0000000240935089657057233126
00.0000000240935089657057233126
00.0000000240935089657057233126
00.0000000240935089657057233126
00.0000000240935089657057233126
00.0000000240935089657057233126
00.0000000240935089657057233126
00.0000000240935089657057233126
00.0000000240935089657057233126
00.0000000276503376861469973846
00.0000000276503376861469973846
00.0000000276503376861469973846
00.0000000276503376861469973846
00.0000000276503376861469973846
00.0000000276503376861469973846
00.0000000276503376861469973846
00.0000000276503376861469973846
00.0000000276503376861469973846
00.0000000276503376861469973846
00.0000000276503376861469973846
00.0000000276503376861469973846
00.0000000276503376861469973846
00.0000000276503376861469973846
00.0000000276503376861469973846
00.0000000276503376861469973846
00.0000000276503376861469973846
00.0000000276503376861469973846
00.0000000276503376861469973846
00.0000000276503376861469973846
00.0000000276503376861469973846
00.0000000276503376861469973846
00.0000000276503376861469973846
00.0000000276503376861469973846
00.0000000276503376861469973846
00.0000000276503376861469973846
00.0000000276503376861469973846
00.0000000276503376861469973846
00.0000000276503376861469973846
00.0000000276503376861469973846
00.0000000276503376861469973846
00.0000000276503376861469973846
00.0000000276503376861469973846
00.0000000276503376861469973846
00.0000000276503376861469973846
00.0000000276503376861469973846
00.0000000276503376861469973846
00.0000000276503376861469973846
00.0000000276503376861469973846
00.0000000276503376861469973846
00.0000000276503376861469973846
00.0000000276503376861469973846
00.0000000276503376861469973846
00.0000000276503376861469973846
00.0000000276503376861469973846
00.0000000276503376861469973846
00.0000000276503376861469973846
00.0000000276503376861469973846
00.0000000276503376861469973846
00.0000000276503376861469973846
00.0000000276503376861469973846
00.0000000276503376861469973846
00.0000000276503376861469973846
00.0000000276503376861469973846
00.0000000276503376861469973846
00.0000000276503376861469973846
00.0000000276503376861469973846
00.0000000276503376861469973846
00.0000000276503376861469973846
00.0000000276503376861469973846
00.0000000276503376861469973846
00.0000000276503376861469973846
00.0000000276503376861469973846
00.0000000276503376861469973846
00.0000000276503376861469973846
00.0000000276503376861469973846
00.0000000276503376861469973846
00.0000000276503376861469973846
00.0000000276503376861469973846
00.0000000276503376861469973846
00.0000000276503376861469973846
00.0000000276503376861469973846
00.0000000276503376861469973846
00.0000000276503376861469973846
00.0000000276503376861469973846
00.0000000276503376861469973846
00.0000000276503376861469973846
00.0000000276503376861469973846
00.0000000276503376861469973846
00.0000000276503376861469973846
00.0000000276503376861469973846
00.0000000276503376861469973846
00.0000000276503376861469973846
00.0000000276503376861469973846
00.0000000276503376861469973846
00.0000000276503376861469973846
00.0000000276503376861469973846
00.0000000276503376861469973846
00.0000000276503376861469973846
00.0000000276503376861469973846
00.0000000276503376861469973846
00.0000000276503376861469973846
00.0000000276503376861469973846
00.0000000276503376861469973846
00.0000000276503376861469973846
00.0000000276503376861469973846
00.0000000276503376861469973846
00.0000000276503376861469973846
00.0000000276503376861469973846
00.0000000276503376861469973846
00.0000000276503376861469973846
00.0000000276503376861469973846
00.0000000276503376861469973846
00.0000000276503376861469973846
00.0000000276503376861469973846
00.0000000276503376861469973846
00.0000000276503376861469973846
00.0000000276503376861469973846
00.0000000276503376861469973846
00.0000000276503376861469973846
00.0000000276503376861469973846
00.0000000276503376861469973846
00.0000000276503376861469973846
00.0000000276503376861469973846
00.0000000276503376861469973846
00.0000000276503376861469973846
00.0000000276503376861469973846
00.0000000276503376861469973846
00.0000000276503376861469973846
00.0000000276503376861469973846
00.0000000276503376861469973846
00.0000000276503376861469973846
00.0000000276503376861469973846
00.0000000276503376861469973846
00.0000000276503376861469973846
00.0000000276503376861469973846
00.0000000276503376861469973846
00.0000000276503376861469973846
00.0000000276503376861469973846
00.0000000276503376861469973846
00.0000000276503376861469973846
00.0000000276503376861469973846
00.0000000276503376861469973846
00.0000000276503376861469973846
00.0000000276503376861469973846
00.0000000276503376861469973846
00.0000000276503376861469973846
00.0000000276503376861469973846
00.0000000276503376861469973846
00.0000000276503376861469973846
00.0000000276503376861469973846
00.0000000276503376861469973846
00.0000000276503376861469973846
00.0000000276503376861469973846
00.0000000276503376861469973846
00.0000000276503376861469973846
00.0000000276503376861469973846
00.0000000276503376861469973846
00.0000000276503376861469973846
00.0000000276503376861469973846
00.0000000276503376861469973846
00.0000000276503376861469973846
00.0000000276503376861469973846
00.0000000276503376861469973846
00.0000000276503376861469973846
00.0000000276503376861469973846
00.0000000276503376861469973846
00.0000000276503376861469973846
00.0000000276503376861469973846
00.0000000276503376861469973846
00.0000000276503376861469973846
00.0000000276503376861469973846
00.0000000276503376861469973846
00.0000000276503376861469973846
00.0000000276503376861469973846
00.0000000276503376861469973846
00.0000000276503376861469973846
00.0000000276503376861469973846
00.0000000276503376861469973846
00.0000000276503376861469973846
00.0000000276503376861469973846
00.0000000276503376861469973846
00.0000000276503376861469973846
00.0000000276503376861469973846
00.0000000276503376861469973846
00.0000000276503376861469973846
00.0000000276503376861469973846
00.0000000276503376861469973846
00.0000000276503376861469973846
00.0000000276503376861469973846
00.0000000276503376861469973846
00.0000000276503376861469973846
00.0000000276503376861469973846
00.0000000276503376861469973846
00.0000000276503376861469973846
00.0000000276503376861469973846
00.0000000276503376861469973846
00.0000000276503376861469973846
00.0000000276503376861469973846
00.0000000276503376861469973846
00.0000000276503376861469973846
00.0000000276503376861469973846
00.0000000276503376861469973846
00.0000000276503376861469973846
00.0000000276503376861469973846
00.0000000276503376861469973846
00.0000000276503376861469973846
00.0000000276503376861469973846
00.0000000276503376861469973846
00.0000000276503376861469973846
00.0000000276503376861469973846
00.0000000276503376861469973846
00.0000000276503376861469973846
00.0000000276503376861469973846
00.0000000276503376861469973846
00.0000000276503376861469973846
00.0000000276503376861469973846
00.0000000276503376861469973846
00.0000000276503376861469973846
00.0000000276503376861469973846
00.0000000276503376861469973846
00.0000000276503376861469973846
00.0000000276503376861469973846
00.0000000276503376861469973846
00.0000000276503376861469973846
00.0000000276503376861469973846
00.0000000276503376861469973846
00.0000000276503376861469973846
00.0000000276503376861469973846
00.0000000276503376861469973846
00.0000000276503376861469973846
00.0000000276503376861469973846
00.0000000276503376861469973846
00.0000000276503376861469973846
00.0000000276503376861469973846
00.0000000276503376861469973846
00.0000000276503376861469973846
00.0000000276503376861469973846
00.0000000276503376861469973846
00.0000000276503376861469973846
00.0000000276503376861469973846
00.0000000276503376861469973846
00.0000000276503376861469973846
00.0000000276503376861469973846
00.0000000276503376861469973846
00.0000000276503376861469973846
00.0000000276503376861469973846
00.0000000276503376861469973846
00.0000000276503376861469973846
00.0000000276503376861469973846
00.0000000276503376861469973846
00.0000000276503376861469973846
00.0000000276503376861469973846
00.0000000276503376861469973846
00.0000000276503376861469973846
00.0000000276503376861469973846
00.0000000276503376861469973846
00.0000000276503376861469973846
00.0000000276503376861469973846
00.0000000276503376861469973846
00.0000000276503376861469973846
00.0000000276503376861469973846
00.0000000276503376861469973846
00.0000000276503376861469973846
00.0000000276503376861469973846
00.0000000276503376861469973846
00.0000000276503376861469973846
00.0000000276503376861469973846
00.0000000276503376861469973846
00.0000000276503376861469973846
00.0000000276503376861469973846
00.0000000276503376861469973846
00.0000000276503376861469973846
00.0000000276503376861469973846
00.0000000276503376861469973846
00.0000000276503376861469973846
00.0000000276503376861469973846
00.0000000276503376861469973846
00.0000000276503376861469973846
00.0000000276503376861469973846
00.0000000276503376861469973846
00.0000000276503376861469973846
00.0000000276503376861469973846
00.0000000276503376861469973846
00.0000000276503376861469973846
00.0000000276503376861469973846
00.0000000276503376861469973846
00.0000000276503376861469973846
00.0000000276503376861469973846
00.0000000276503376861469973846
00.0000000276503376861469973846
00.0000000276503376861469973846
00.0000000276503376861469973846
00.0000000276503376861469973846
00.0000000276503376861469973846
00.0000000276503376861469973846
00.0000000276503376861469973846
00.0000000276503376861469973846
00.0000000276503376861469973846
00.0000000276503376861469973846
00.0000000276503376861469973846
00.0000000276503376861469973846
00.0000000276503376861469973846
00.0000000276503376861469973846
00.0000000276503376861469973846
00.0000000276503376861469973846
00.0000000276503376861469973846
00.0000000276503376861469973846
00.0000000276503376861469973846
00.0000000276503376861469973846
00.0000000276503376861469973846
00.0000000276503376861469973846
00.0000000276503376861469973846
00.0000000276503376861469973846
00.0000000276503376861469973846
00.0000000276503376861469973846
00.0000000276503376861469973846
00.0000000276503376861469973846
00.0000000276503376861469973846
00.0000000276503376861469973846
00.0000000276503376861469973846
00.0000000276503376861469973846
00.0000000276503376861469973846
00.0000000276503376861469973846
00.0000000276503376861469973846
00.0000000276503376861469973846
00.0000000276503376861469973846
00.0000000276503376861469973846
00.0000000276503376861469973846
00.0000000276503376861469973846
00.0000000276503376861469973846
00.0000000276503376861469973846
00.0000000276503376861469973846
00.0000000276503376861469973846
00.0000000276503376861469973846
00.0000000276503376861469973846
00.0000000276503376861469973846
00.0000000276503376861469973846
00.0000000276503376861469973846
00.0000000276503376861469973846
00.0000000276503376861469973846
00.0000000276503376861469973846
00.0000000276503376861469973846
00.0000000276503376861469973846
00.0000000276503376861469973846
00.0000000276503376861469973846
00.0000000276503376861469973846
00.0000000276503376861469973846
00.0000000276503376861469973846
00.0000000276503376861469973846
00.0000000276503376861469973846
00.0000000276503376861469973846
00.0000000276503376861469973846
00.0000000276503376861469973846
00.0000000276503376861469973846
00.0000000276503376861469973846
00.0000000276503376861469973846
00.0000000276503376861469973846
00.0000000276503376861469973846
00.0000000276503376861469973846
00.0000000276503376861469973846
00.0000000276503376861469973846
00.0000000276503376861469973846
00.0000000276503376861469973846
00.0000000276503376861469973846
00.0000000276503376861469973846
00.0000000276503376861469973846
00.0000000276503376861469973846
00.0000000276503376861469973846
00.0000000276503376861469973846
00.0000000276503376861469973846
00.0000000276503376861469973846
00.0000000276503376861469973846
00.0000000276503376861469973846
00.0000000276503376861469973846
00.0000000276503376861469973846
00.0000000276503376861469973846
00.0000000276503376861469973846
00.0000000276503376861469973846
00.0000000276503376861469973846
00.0000000276503376861469973846
00.0000000276503376861469973846
00.0000000276503376861469973846
00.0000000276503376861469973846
00.0000000276503376861469973846
00.0000000276503376861469973846
00.0000000276503376861469973846
00.0000000276503376861469973846
00.0000000276503376861469973846
00.0000000276503376861469973846
00.0000000276503376861469973846
00.0000000276503376861469973846
00.0000000276503376861469973846
00.0000000276503376861469973846
00.0000000276503376861469973846
00.0000000276503376861469973846
00.0000000276503376861469973846
00.0000000276503376861469973846
00.0000000276503376861469973846
00.0000000276503376861469973846
00.0000000276503376861469973846
00.0000000276503376861469973846
00.0000000276503376861469973846
00.0000000276503376861469973846
00.0000000276503376861469973846
00.0000000276503376861469973846
00.0000000276503376861469973846
00.0000000276503376861469973846
00.0000000276503376861469973846
00.0000000276503376861469973846
00.0000000276503376861469973846
00.0000000276503376861469973846
00.0000000276503376861469973846
00.0000000276503376861469973846
00.0000000276503376861469973846
00.0000000276503376861469973846
00.0000000276503376861469973846
00.0000000276503376861469973846
00.0000000276503376861469973846
00.0000000276503376861469973846
00.0000000276503376861469973846
00.0000000276503376861469973846
00.0000000276503376861469973846
00.0000000276503376861469973846
00.0000000276503376861469973846
00.0000000276503376861469973846
00.0000000276503376861469973846
00.0000000276503376861469973846
00.0000000276503376861469973846
00.0000000276503376861469973846
00.0000000276503376861469973846
00.0000000276503376861469973846
00.0000000276503376861469973846
00.0000000276503376861469973846
00.0000000276503376861469973846
00.0000000276503376861469973846
00.0000000276503376861469973846
00.0000000276503376861469973846
00.0000000276503376861469973846
00.0000000276503376861469973846
00.0000000276503376861469973846
00.0000000276503376861469973846
00.0000000276503376861469973846
00.0000000276503376861469973846
00.0000000276503376861469973846
00.0000000276503376861469973846
00.0000000276503376861469973846
00.0000000276503376861469973846
00.0000000276503376861469973846
00.0000000276503376861469973846
00.0000000276503376861469973846
00.0000000276503376861469973846
00.0000000276503376861469973846
00.0000000276503376861469973846
00.0000000276503376861469973846
00.0000000276503376861469973846
00.0000000276503376861469973846
00.0000000276503376861469973846
00.0000000276503376861469973846
00.0000000276503376861469973846
00.0000000276503376861469973846
00.0000000276503376861469973846
00.0000000276503376861469973846
00.0000000276503376861469973846
00.0000000276503376861469973846
00.0000000276503376861469973846
00.0000000276503376861469973846
00.0000000276503376861469973846
00.0000000276503376861469973846
00.0000000276503376861469973846
00.0000000276503376861469973846
00.0000000276503376861469973846
00.0000000276503376861469973846
00.0000000276503376861469973846
00.0000000276503376861469973846
00.0000000276503376861469973846
00.0000000276503376861469973846
00.0000000276503376861469973846
00.0000000276503376861469973846
00.0000000276503376861469973846
00.0000000276503376861469973846
00.0000000276503376861469973846
00.0000000276503376861469973846
00.0000000276503376861469973846
00.0000000276503376861469973846
00.0000000276503376861469973846
00.0000000276503376861469973846
00.0000000276503376861469973846
00.0000000276503376861469973846
00.0000000276503376861469973846
00.0000000276503376861469973846
00.0000000276503376861469973846
00.0000000276503376861469973846
00.0000000276503376861469973846
00.0000000276503376861469973846
00.0000000276503376861469973846
00.0000000276503376861469973846
00.0000000276503376861469973846
00.0000000276503376861469973846
00.0000000276503376861469973846
00.0000000276503376861469973846
00.0000000276503376861469973846
00.0000000276503376861469973846
00.0000000276503376861469973846
00.0000000276503376861469973846
00.0000000276503376861469973846
00.0000000276503376861469973846
00.0000000276503376861469973846
00.0000000276503376861469973846
00.0000000276503376861469973846
00.0000000276503376861469973846
00.0000000276503376861469973846
00.0000000276503376861469973846
00.0000000276503376861469973846
00.0000000276503376861469973846
00.0000000276503376861469973846
00.0000000276503376861469973846
00.0000000276503376861469973846
00.0000000276503376861469973846
00.0000000276503376861469973846
00.0000000276503376861469973846
00.0000000276503376861469973846
00.0000000276503376861469973846
00.0000000276503376861469973846
00.0000000276503376861469973846
00.0000000276503376861469973846
00.0000000276503376861469973846
00.0000000276503376861469973846
00.0000000276503376861469973846
00.0000000276503376861469973846
00.0000000276503376861469973846
00.0000000276503376861469973846
00.0000000276503376861469973846
00.0000000276503376861469973846
00.0000000276503376861469973846
00.0000000276503376861469973846
00.0000000276503376861469973846
00.0000000276503376861469973846
00.0000000276503376861469973846
00.0000000276503376861469973846
00.0000000276503376861469973846
00.0000000276503376861469973846
00.0000000276503376861469973846
00.0000000276503376861469973846
00.0000000276503376861469973846
00.0000000276503376861469973846
00.0000000276503376861469973846
00.0000000276503376861469973846
00.0000000276503376861469973846
00.0000000276503376861469973846
00.0000000276503376861469973846
00.0000000276503376861469973846
00.0000000276503376861469973846
00.0000000276503376861469973846
00.0000000276503376861469973846
00.0000000276503376861469973846
00.0000000276503376861469973846
00.0000000276503376861469973846
00.0000000276503376861469973846
00.0000000276503376861469973846
00.0000000276503376861469973846
00.0000000276503376861469973846
00.0000000276503376861469973846
00.0000000276503376861469973846
00.0000000276503376861469973846
00.0000000276503376861469973846
00.0000000276503376861469973846
00.0000000276503376861469973846
00.0000000276503376861469973846
00.0000000276503376861469973846
00.0000000276503376861469973846
00.0000000276503376861469973846
00.0000000276503376861469973846
00.0000000276503376861469973846
00.0000000276503376861469973846
00.0000000276503376861469973846
00.0000000276503376861469973846
00.0000000276503376861469973846
00.0000000276503376861469973846
00.0000000276503376861469973846
00.0000000276503376861469973846
00.0000000276503376861469973846
00.0000000276503376861469973846
00.0000000276503376861469973846
00.0000000276503376861469973846
00.0000000276503376861469973846
00.0000000276503376861469973846
00.0000000276503376861469973846
00.0000000276503376861469973846
00.0000000276503376861469973846
00.0000000276503376861469973846
00.0000000276503376861469973846
00.0000000276503376861469973846
00.0000000276503376861469973846
00.0000000276503376861469973846
00.0000000276503376861469973846
00.0000000276503376861469973846
00.0000000276503376861469973846
00.0000000276503376861469973846
00.0000000276503376861469973846
00.0000000276503376861469973846
00.0000000276503376861469973846
00.0000000276503376861469973846
00.0000000276503376861469973846
00.0000000276503376861469973846
00.0000000276503376861469973846
00.0000000276503376861469973846
00.0000000276503376861469973846
00.0000000276503376861469973846
00.0000000276503376861469973846
00.0000000276503376861469973846
00.0000000276503376861469973846
00.0000000276503376861469973846
00.0000000276503376861469973846
00.0000000276503376861469973846
00.0000000276503376861469973846
00.0000000276503376861469973846
00.0000000276503376861469973846
00.0000000276503376861469973846
00.0000000276503376861469973846
00.0000000276503376861469973846
00.0000000276503376861469973846
00.0000000276503376861469973846
00.0000000276503376861469973846
00.0000000276503376861469973846
00.0000000276503376861469973846
00.0000000276503376861469973846
00.0000000276503376861469973846
00.0000000276503376861469973846
00.0000000276503376861469973846
00.0000000276503376861469973846
00.0000000276503376861469973846
00.0000000276503376861469973846
00.0000000276503376861469973846
00.0000000276503376861469973846
00.0000000276503376861469973846
00.0000000276503376861469973846
00.0000000276503376861469973846
00.0000000276503376861469973846
00.0000000276503376861469973846
00.0000000276503376861469973846
00.0000000276503376861469973846
00.0000000276503376861469973846
00.0000000276503376861469973846
00.0000000276503376861469973846
00.0000000276503376861469973846
00.0000000276503376861469973846
00.0000000276503376861469973846
00.0000000276503376861469973846
00.0000000276503376861469973846
00.0000000276503376861469973846
00.0000000276503376861469973846
00.0000000276503376861469973846
00.0000000276503376861469973846
00.0000000276503376861469973846
00.0000000276503376861469973846
00.0000000276503376861469973846
00.0000000276503376861469973846
00.0000000276503376861469973846
00.0000000276503376861469973846
00.0000000276503376861469973846
00.0000000276503376861469973846
00.0000000276503376861469973846
00.0000000276503376861469973846
00.0000000276503376861469973846
00.0000000276503376861469973846
00.0000000276503376861469973846
00.0000000276503376861469973846
00.0000000276503376861469973846
00.0000000276503376861469973846
00.0000000276503376861469973846
00.0000000276503376861469973846
00.0000000276503376861469973846
00.0000000276503376861469973846
00.0000000276503376861469973846
00.0000000276503376861469973846
00.0000000276503376861469973846
00.0000000276503376861469973846
00.0000000276503376861469973846
00.0000000276503376861469973846
00.0000000276503376861469973846
00.0000000276503376861469973846
00.0000000276503376861469973846
00.0000000276503376861469973846
00.0000000276503376861469973846
00.0000000276503376861469973846
00.0000000276503376861469973846
00.0000000276503376861469973846
00.0000000276503376861469973846
00.0000000276503376861469973846
00.0000000276503376861469973846
00.0000000276503376861469973846
00.0000000276503376861469973846
00.0000000276503376861469973846
00.0000000276503376861469973846
00.0000000276503376861469973846
00.0000000276503376861469973846
00.0000000276503376861469973846
00.0000000276503376861469973846
00.0000000276503376861469973846
00.0000000276503376861469973846
00.0000000276503376861469973846
00.0000000276503376861469973846
00.0000000276503376861469973846
00.0000000276503376861469973846
00.0000000276503376861469973846
00.0000000276503376861469973846
00.0000000276503376861469973846
00.0000000276503376861469973846
00.0000000276503376861469973846
00.0000000276503376861469973846
00.0000000276503376861469973846
00.0000000276503376861469973846
00.0000000276503376861469973846
00.0000000276503376861469973846
00.0000000276503376861469973846
00.0000000276503376861469973846
00.0000000276503376861469973846
00.0000000276503376861469973846
00.0000000276503376861469973846
00.0000000276503376861469973846
00.0000000276503376861469973846
00.0000000276503376861469973846
00.0000000276503376861469973846
00.0000000276503376861469973846
00.0000000276503376861469973846
00.0000000276503376861469973846
00.0000000276503376861469973846
00.0000000276503376861469973846
00.0000000276503376861469973846
00.0000000276503376861469973846
00.0000000276503376861469973846
00.0000000276503376861469973846
00.0000000276503376861469973846
00.0000000276503376861469973846
00.0000000276503376861469973846
00.0000000276503376861469973846
00.0000000276503376861469973846
00.0000000276503376861469973846
00.0000000276503376861469973846
00.0000000276503376861469973846
00.0000000276503376861469973846
00.0000000276503376861469973846
00.0000000276503376861469973846
00.0000000276503376861469973846
00.0000000276503376861469973846
00.0000000276503376861469973846
00.0000000276503376861469973846
00.0000000276503376861469973846
00.0000000276503376861469973846
00.0000000276503376861469973846
00.0000000276503376861469973846
00.0000000276503376861469973846
00.0000000276503376861469973846
00.0000000276503376861469973846
00.0000000276503376861469973846
00.0000000276503376861469973846
00.0000000276503376861469973846
00.0000000276503376861469973846
00.0000000276503376861469973846
00.0000000276503376861469973846
00.0000000276503376861469973846
00.0000000276503376861469973846
00.0000000276503376861469973846
00.0000000276503376861469973846
00.0000000276503376861469973846
00.0000000276503376861469973846
00.0000000276503376861469973846
00.0000000276503376861469973846
00.0000000276503376861469973846
00.0000000276503376861469973846
00.0000000276503376861469973846
00.0000000276503376861469973846
00.0000000276503376861469973846
00.0000000276503376861469973846
00.0000000276503376861469973846
00.0000000276503376861469973846
00.0000000276503376861469973846
00.0000000276503376861469973846
00.0000000276503376861469973846
00.0000000276503376861469973846
00.0000000276503376861469973846
00.0000000276503376861469973846
00.0000000276503376861469973846
00.0000000276503376861469973846
00.0000000276503376861469973846
00.0000000276503376861469973846
00.0000000276503376861469973846
00.0000000276503376861469973846
00.0000000276503376861469973846
00.0000000276503376861469973846
00.0000000276503376861469973846
00.0000000276503376861469973846
00.0000000276503376861469973846
00.0000000276503376861469973846
00.0000000276503376861469973846
00.0000000276503376861469973846
00.0000000276503376861469973846
00.0000000276503376861469973846
00.0000000276503376861469973846
00.0000000276503376861469973846
00.0000000276503376861469973846
00.0000000276503376861469973846
00.0000000276503376861469973846
00.0000000276503376861469973846
00.0000000276503376861469973846
00.0000000276503376861469973846
00.0000000276503376861469973846
00.0000000276503376861469973846
00.0000000276503376861469973846
00.0000000276503376861469973846
00.0000000276503376861469973846
00.0000000276503376861469973846
00.0000000276503376861469973846
00.0000000276503376861469973846
00.0000000276503376861469973846
00.0000000276503376861469973846
00.0000000276503376861469973846
00.0000000276503376861469973846
00.0000000276503376861469973846
00.0000000276503376861469973846
00.0000000276503376861469973846
00.0000000276503376861469973846
00.0000000276503376861469973846
00.0000000276503376861469973846
00.0000000276503376861469973846
00.0000000276503376861469973846
00.0000000276503376861469973846
00.0000000276503376861469973846
00.0000000276503376861469973846
00.0000000276503376861469973846
00.0000000276503376861469973846
00.0000000276503376861469973846
00.0000000276503376861469973846
00.0000000276503376861469973846
00.0000000276503376861469973846
00.0000000276503376861469973846
00.0000000276503376861469973846
00.0000000276503376861469973846
00.0000000276503376861469973846
00.0000000276503376861469973846
00.0000000276503376861469973846
00.0000000276503376861469973846
00.0000000276503376861469973846
00.0000000276503376861469973846
00.0000000276503376861469973846
00.0000000276503376861469973846
00.0000000276503376861469973846
00.0000000276503376861469973846
00.0000000276503376861469973846
00.0000000276503376861469973846
00.0000000276503376861469973846
00.0000000276503376861469973846
00.0000000276503376861469973846
00.0000000276503376861469973846
00.0000000276503376861469973846
00.0000000276503376861469973846
00.0000000276503376861469973846
00.0000000276503376861469973846
00.0000000276503376861469973846
00.0000000276503376861469973846
00.0000000276503376861469973846
00.0000000276503376861469973846
00.0000000276503376861469973846
00.0000000276503376861469973846
00.0000000276503376861469973846
00.0000000276503376861469973846
00.0000000276503376861469973846
00.0000000276503376861469973846
00.0000000276503376861469973846
00.0000000276503376861469973846
00.0000000276503376861469973846
00.0000000276503376861469973846
00.0000000276503376861469973846
00.0000000276503376861469973846
00.0000000276503376861469973846
00.0000000276503376861469973846
00.0000000276503376861469973846
00.0000000276503376861469973846
00.0000000276503376861469973846
00.0000000276503376861469973846
00.0000000276503376861469973846
00.0000000276503376861469973846
00.0000000276503376861469973846
00.0000000276503376861469973846
00.0000000276503376861469973846
00.0000000276503376861469973846
00.0000000276503376861469973846
00.0000000276503376861469973846
00.0000000276503376861469973846
00.0000000276503376861469973846
00.0000000276503376861469973846
00.0000000276503376861469973846
00.0000000276503376861469973846
00.0000000276503376861469973846
00.0000000276503376861469973846
00.0000000276503376861469973846
00.0000000276503376861469973846
00.0000000276503376861469973846
00.0000000276503376861469973846
00.0000000276503376861469973846
00.0000000276503376861469973846
00.0000000276503376861469973846
00.0000000276503376861469973846
00.0000000276503376861469973846
00.0000000276503376861469973846
00.0000000276503376861469973846
00.0000000276503376861469973846
00.0000000276503376861469973846
00.0000000276503376861469973846
00.0000000276503376861469973846
00.0000000276503376861469973846
00.0000000276503376861469973846
00.0000000276503376861469973846
00.0000000276503376861469973846
00.0000000276503376861469973846
00.0000000276503376861469973846
00.0000000276503376861469973846
00.0000000276503376861469973846
00.0000000276503376861469973846
00.0000000276503376861469973846
00.0000000276503376861469973846
00.0000000276503376861469973846
00.0000000276503376861469973846
00.0000000276503376861469973846
00.0000000276503376861469973846
00.0000000276503376861469973846
00.0000000276503376861469973846
00.0000000276503376861469973846
00.0000000276503376861469973846
00.0000000276503376861469973846
00.0000000276503376861469973846
00.0000000276503376861469973846
00.0000000276503376861469973846
00.0000000276503376861469973846
00.0000000276503376861469973846
00.0000000276503376861469973846
00.0000000276503376861469973846
00.0000000276503376861469973846
00.0000000276503376861469973846
00.0000000276503376861469973846
00.0000000276503376861469973846
00.0000000276503376861469973846
00.0000000276503376861469973846
00.0000000276503376861469973846
00.0000000276503376861469973846
00.0000000276503376861469973846
00.0000000276503376861469973846
00.0000000276503376861469973846
00.0000000276503376861469973846
00.0000000276503376861469973846
00.0000000276503376861469973846
00.0000000276503376861469973846
00.0000000276503376861469973846
00.0000000276503376861469973846
00.0000000276503376861469973846
00.0000000276503376861469973846
00.0000000276503376861469973846
00.0000000276503376861469973846
00.0000000276503376861469973846
00.0000000276503376861469973846
00.0000000276503376861469973846
00.0000000276503376861469973846
00.0000000276503376861469973846
00.0000000276503376861469973846
00.0000000276503376861469973846
00.0000000276503376861469973846
00.0000000276503376861469973846
00.0000000276503376861469973846
00.0000000276503376861469973846
00.0000000276503376861469973846
00.0000000276503376861469973846
00.0000000276503376861469973846
00.0000000276503376861469973846
00.0000000276503376861469973846
00.0000000276503376861469973846
00.0000000276503376861469973846
00.0000000276503376861469973846
00.0000000276503376861469973846
00.0000000276503376861469973846
00.0000000276503376861469973846
00.0000000276503376861469973846
00.0000000276503376861469973846
00.0000000276503376861469973846
00.0000000276503376861469973846
00.0000000276503376861469973846
00.0000000276503376861469973846
00.0000000276503376861469973846
00.0000000276503376861469973846
00.0000000276503376861469973846
00.0000000276503376861469973846
00.0000000276503376861469973846
00.0000000276503376861469973846
00.0000000276503376861469973846
00.0000000276503376861469973846
00.0000000276503376861469973846
00.0000000276503376861469973846
00.0000000276503376861469973846
00.0000000276503376861469973846
00.0000000276503376861469973846
00.0000000276503376861469973846
00.0000000276503376861469973846
00.0000000276503376861469973846
00.0000000276503376861469973846
00.0000000276503376861469973846
00.0000000276503376861469973846
00.0000000276503376861469973846
00.0000000276503376861469973846
00.0000000276503376861469973846
00.0000000276503376861469973846
00.0000000261698617221028939639
00.0000000261698617221028939639
00.0000000261698617221028939639
00.0000000261698617221028939639
00.0000000261698617221028939639
00.0000000261698617221028939639
00.0000000261698617221028939639
00.0000000261698617221028939639
00.0000000261698617221028939639
00.0000000261698617221028939639
00.0000000261698617221028939639
00.0000000261698617221028939639
00.0000000261698617221028939639
00.0000000261698617221028939639
00.0000000261698617221028939639
00.0000000261698617221028939639
00.0000000261698617221028939639
00.0000000261698617221028939639
00.0000000261698617221028939639
00.0000000261698617221028939639
00.0000000261698617221028939639
00.0000000261698617221028939639
00.0000000261698617221028939639
00.0000000261698617221028939639
00.0000000261698617221028939639
00.0000000261698617221028939639
00.0000000261698617221028939639
00.0000000261698617221028939639
00.0000000261698617221028939639
00.0000000261698617221028939639
00.0000000261698617221028939639
00.0000000261698617221028939639
00.0000000261698617221028939639
00.0000000261698617221028939639
00.0000000261698617221028939639
00.0000000261698617221028939639
00.0000000261698617221028939639
00.0000000261698617221028939639
00.0000000261698617221028939639
00.0000000261698617221028939639
00.0000000261698617221028939639
00.0000000261698617221028939639
00.0000000261698617221028939639
00.0000000261698617221028939639
00.0000000261698617221028939639
00.0000000261698617221028939639
00.0000000261698617221028939639
00.0000000261698617221028939639
00.0000000261698617221028939639
00.0000000261698617221028939639
00.0000000261698617221028939639
00.0000000261698617221028939639
00.0000000261698617221028939639
00.0000000261698617221028939639
00.0000000261698617221028939639
00.0000000261698617221028939639
00.0000000261698617221028939639
00.0000000261698617221028939639
00.0000000261698617221028939639
00.0000000261698617221028939639
00.0000000261698617221028939639
00.0000000261698617221028939639
00.0000000261698617221028939639
00.0000000261698617221028939639
00.0000000261698617221028939639
00.0000000261698617221028939639
00.0000000261698617221028939639
00.0000000261698617221028939639
00.0000000261698617221028939639
00.0000000261698617221028939639
00.0000000261698617221028939639
00.0000000261698617221028939639
00.0000000261698617221028939639
00.0000000261698617221028939639
00.0000000261698617221028939639
00.0000000261698617221028939639
00.0000000261698617221028939639
00.0000000261698617221028939639
00.0000000261698617221028939639
00.0000000261698617221028939639
00.0000000261698617221028939639
00.0000000261698617221028939639
00.0000000261698617221028939639
00.0000000261698617221028939639
00.0000000261698617221028939639
00.0000000261698617221028939639
00.0000000261698617221028939639
00.0000000261698617221028939639
00.0000000261698617221028939639
00.0000000261698617221028939639
00.0000000261698617221028939639
00.0000000261698617221028939639
00.0000000261698617221028939639
00.0000000261698617221028939639
00.0000000261698617221028939639
00.0000000261698617221028939639
00.0000000261698617221028939639
00.0000000261698617221028939639
00.0000000261698617221028939639
00.0000000261698617221028939639
00.0000000261698617221028939639
00.0000000261698617221028939639
00.0000000261698617221028939639
00.0000000261698617221028939639
00.0000000261698617221028939639
00.0000000261698617221028939639
00.0000000261698617221028939639
00.0000000261698617221028939639
00.0000000261698617221028939639
00.0000000261698617221028939639
00.0000000261698617221028939639
00.0000000261698617221028939639
00.0000000261698617221028939639
00.0000000261698617221028939639
00.0000000261698617221028939639
00.0000000261698617221028939639
00.0000000261698617221028939639
00.0000000261698617221028939639
00.0000000261698617221028939639
00.0000000261698617221028939639
00.0000000261698617221028939639
00.0000000261698617221028939639
00.0000000261698617221028939639
00.0000000261698617221028939639
00.0000000261698617221028939639
00.0000000261698617221028939639
00.0000000261698617221028939639
00.0000000261698617221028939639
00.0000000261698617221028939639
00.0000000261698617221028939639
00.0000000261698617221028939639
00.0000000261698617221028939639
00.0000000261698617221028939639
00.0000000261698617221028939639
00.0000000261698617221028939639
00.0000000261698617221028939639
00.0000000261698617221028939639
00.0000000261698617221028939639
00.0000000261698617221028939639
00.0000000261698617221028939639
00.0000000261698617221028939639
00.0000000261698617221028939639
00.0000000261698617221028939639
00.0000000261698617221028939639
00.0000000261698617221028939639
00.0000000261698617221028939639
00.0000000261698617221028939639
00.0000000261698617221028939639
00.0000000261698617221028939639
00.0000000261698617221028939639
00.0000000261698617221028939639
00.0000000261698617221028939639
00.0000000261698617221028939639
00.0000000261698617221028939639
00.0000000261698617221028939639
00.0000000261698617221028939639
00.0000000261698617221028939639
00.0000000261698617221028939639
00.0000000261698617221028939639
00.0000000261698617221028939639
00.0000000261698617221028939639
00.0000000261698617221028939639
00.0000000261698617221028939639
00.0000000261698617221028939639
00.0000000261698617221028939639
00.0000000261698617221028939639
00.0000000261698617221028939639
00.0000000261698617221028939639
00.0000000261698617221028939639
00.0000000261698617221028939639
00.0000000261698617221028939639
00.0000000261698617221028939639
00.0000000261698617221028939639
00.0000000261698617221028939639
00.0000000261698617221028939639
00.0000000261698617221028939639
00.0000000261698617221028939639
00.0000000261698617221028939639
00.0000000261698617221028939639
00.0000000261698617221028939639
00.0000000261698617221028939639
00.0000000261698617221028939639
00.0000000261698617221028939639
00.0000000261698617221028939639
00.0000000261698617221028939639
00.0000000261698617221028939639
00.0000000261698617221028939639
00.0000000261698617221028939639
00.0000000261698617221028939639
00.0000000261698617221028939639
00.0000000261698617221028939639
00.0000000261698617221028939639
00.0000000261698617221028939639
00.0000000261698617221028939639
00.0000000261698617221028939639
00.0000000261698617221028939639
00.0000000261698617221028939639
00.0000000261698617221028939639
00.0000000261698617221028939639
00.0000000261698617221028939639
00.0000000261698617221028939639
00.0000000261698617221028939639
00.0000000261698617221028939639
00.0000000261698617221028939639
00.0000000261698617221028939639
00.0000000261698617221028939639
00.0000000261698617221028939639
00.0000000261698617221028939639
00.0000000261698617221028939639
00.0000000261698617221028939639
00.0000000261698617221028939639
00.0000000261698617221028939639
00.0000000261698617221028939639
00.0000000261698617221028939639
00.0000000261698617221028939639
00.0000000261698617221028939639
00.0000000261698617221028939639
00.0000000261698617221028939639
00.0000000261698617221028939639
00.0000000261698617221028939639
00.0000000261698617221028939639
00.0000000261698617221028939639
00.0000000261698617221028939639
00.0000000261698617221028939639
00.0000000261698617221028939639
00.0000000261698617221028939639
00.0000000261698617221028939639
00.0000000261698617221028939639
00.0000000261698617221028939639
00.0000000261698617221028939639
00.0000000261698617221028939639
00.0000000261698617221028939639
00.0000000261698617221028939639
00.0000000261698617221028939639
00.0000000261698617221028939639
00.0000000261698617221028939639
00.0000000261698617221028939639
00.0000000261698617221028939639
00.0000000261698617221028939639
00.0000000261698617221028939639
00.0000000261698617221028939639
00.0000000261698617221028939639
00.0000000261698617221028939639
00.0000000261698617221028939639
00.0000000261698617221028939639
00.0000000261698617221028939639
00.0000000261698617221028939639
00.0000000261698617221028939639
00.0000000261698617221028939639
00.0000000261698617221028939639
00.0000000261698617221028939639
00.0000000261698617221028939639
00.0000000261698617221028939639
00.0000000261698617221028939639
00.0000000261698617221028939639
00.0000000261698617221028939639
00.0000000261698617221028939639
00.0000000261698617221028939639
00.0000000261698617221028939639
00.0000000261698617221028939639
00.0000000261698617221028939639
00.0000000261698617221028939639
00.0000000261698617221028939639
00.0000000261698617221028939639
00.0000000261698617221028939639
00.0000000261698617221028939639
00.0000000261698617221028939639
00.0000000261698617221028939639
00.0000000261698617221028939639
00.0000000261698617221028939639
00.0000000261698617221028939639
00.0000000261698617221028939639
00.0000000261698617221028939639
00.0000000261698617221028939639
00.0000000261698617221028939639
00.0000000261698617221028939639
00.0000000261698617221028939639
00.0000000261698617221028939639
00.0000000261698617221028939639
00.0000000261698617221028939639
00.0000000261698617221028939639
00.0000000261698617221028939639
00.0000000261698617221028939639
00.0000000261698617221028939639
00.0000000261698617221028939639
00.0000000261698617221028939639
00.0000000261698617221028939639
00.0000000261698617221028939639
00.0000000261698617221028939639
00.0000000261698617221028939639
00.0000000261698617221028939639
00.0000000261698617221028939639
00.0000000261698617221028939639
00.0000000261698617221028939639
00.0000000261698617221028939639
00.0000000261698617221028939639
00.0000000261698617221028939639
00.0000000261698617221028939639
00.0000000261698617221028939639
00.0000000261698617221028939639
00.0000000261698617221028939639
00.0000000261698617221028939639
00.0000000261698617221028939639
00.0000000261698617221028939639
00.0000000261698617221028939639
00.0000000261698617221028939639
00.0000000261698617221028939639
00.0000000261698617221028939639
00.0000000261698617221028939639
00.0000000261698617221028939639
00.0000000261698617221028939639
00.0000000261698617221028939639
00.0000000261698617221028939639
00.0000000261698617221028939639
00.0000000261698617221028939639
00.0000000261698617221028939639
00.0000000261698617221028939639
00.0000000261698617221028939639
00.0000000261698617221028939639
00.0000000261698617221028939639
00.0000000261698617221028939639
00.0000000261698617221028939639
00.0000000261698617221028939639
00.0000000261698617221028939639
00.0000000261698617221028939639
00.0000000261698617221028939639
00.0000000261698617221028939639
00.0000000261698617221028939639
00.0000000261698617221028939639
00.0000000261698617221028939639
00.0000000261698617221028939639
00.0000000261698617221028939639
00.0000000261698617221028939639
00.0000000261698617221028939639
00.0000000261698617221028939639
00.0000000261698617221028939639
00.0000000261698617221028939639
00.0000000261698617221028939639
00.0000000261698617221028939639
00.0000000261698617221028939639
00.0000000261698617221028939639
00.0000000261698617221028939639
00.0000000261698617221028939639
00.0000000261698617221028939639
00.0000000261698617221028939639
00.0000000261698617221028939639
00.0000000261698617221028939639
00.0000000261698617221028939639
00.0000000261698617221028939639
00.0000000261698617221028939639
00.0000000261698617221028939639
00.0000000261698617221028939639
00.0000000261698617221028939639
00.0000000261698617221028939639
00.0000000261698617221028939639
00.0000000261698617221028939639
00.0000000261698617221028939639
00.0000000261698617221028939639
00.0000000261698617221028939639
00.0000000261698617221028939639
00.0000000261698617221028939639
00.0000000261698617221028939639
00.0000000261698617221028939639
00.0000000261698617221028939639
00.0000000261698617221028939639
00.0000000261698617221028939639
00.0000000261698617221028939639
00.0000000261698617221028939639
00.0000000261698617221028939639
00.0000000261698617221028939639
00.0000000261698617221028939639
00.0000000261698617221028939639
00.0000000261698617221028939639
00.0000000261698617221028939639
00.0000000261698617221028939639
00.0000000261698617221028939639
00.0000000261698617221028939639
00.0000000261698617221028939639
00.0000000261698617221028939639
00.0000000261698617221028939639
00.0000000261698617221028939639
00.0000000261698617221028939639
00.0000000261698617221028939639
00.0000000261698617221028939639
00.0000000261698617221028939639
00.0000000261698617221028939639
00.0000000261698617221028939639
00.0000000261698617221028939639
00.0000000261698617221028939639
00.0000000261698617221028939639
00.0000000261698617221028939639
00.0000000261698617221028939639
00.0000000261698617221028939639
00.0000000261698617221028939639
00.0000000261698617221028939639
00.0000000261698617221028939639
00.0000000261698617221028939639
00.0000000261698617221028939639
00.0000000261698617221028939639
00.0000000261698617221028939639
00.0000000261698617221028939639
00.0000000261698617221028939639
00.0000000261698617221028939639
00.0000000261698617221028939639
00.0000000261698617221028939639
00.0000000261698617221028939639
00.0000000261698617221028939639
00.0000000261698617221028939639
00.0000000261698617221028939639
00.0000000261698617221028939639
00.0000000261698617221028939639
00.0000000261698617221028939639
00.0000000261698617221028939639
00.0000000261698617221028939639
00.0000000261698617221028939639
00.0000000261698617221028939639
00.0000000261698617221028939639
00.0000000261698617221028939639
00.0000000261698617221028939639
00.0000000261698617221028939639
00.0000000261698617221028939639
00.0000000261698617221028939639
00.0000000261698617221028939639
00.0000000261698617221028939639
00.0000000261698617221028939639
00.0000000261698617221028939639
00.0000000261698617221028939639
00.0000000261698617221028939639
00.0000000261698617221028939639
00.0000000261698617221028939639
00.0000000261698617221028939639
00.0000000261698617221028939639
00.0000000261698617221028939639
00.0000000261698617221028939639
00.0000000261698617221028939639
00.0000000261698617221028939639
00.0000000261698617221028939639
00.0000000261698617221028939639
00.0000000261698617221028939639
00.0000000261698617221028939639
00.0000000261698617221028939639
00.0000000261698617221028939639
00.0000000261698617221028939639
00.0000000261698617221028939639
00.0000000261698617221028939639
00.0000000261698617221028939639
00.0000000261698617221028939639
00.0000000261698617221028939639
00.0000000261698617221028939639
00.0000000261698617221028939639
00.0000000261698617221028939639
00.0000000261698617221028939639
00.0000000261698617221028939639
00.0000000261698617221028939639
00.0000000261698617221028939639
00.0000000261698617221028939639
00.0000000261698617221028939639
00.0000000261698617221028939639
00.0000000261698617221028939639
00.0000000261698617221028939639
00.0000000261698617221028939639
00.0000000261698617221028939639
00.0000000261698617221028939639
00.0000000261698617221028939639
00.0000000261698617221028939639
00.0000000261698617221028939639
00.0000000261698617221028939639
00.0000000261698617221028939639
00.0000000261698617221028939639
00.0000000261698617221028939639
00.0000000261698617221028939639
00.0000000261698617221028939639
00.0000000261698617221028939639
00.0000000261698617221028939639
00.0000000261698617221028939639
00.0000000261698617221028939639
00.0000000261698617221028939639
00.0000000261698617221028939639
00.0000000261698617221028939639
00.0000000261698617221028939639
00.0000000261698617221028939639
00.0000000261698617221028939639
00.0000000261698617221028939639
00.0000000261698617221028939639
00.0000000261698617221028939639
00.0000000261698617221028939639
00.0000000261698617221028939639
00.0000000261698617221028939639
00.0000000261698617221028939639
00.0000000261698617221028939639
00.0000000261698617221028939639
00.0000000261698617221028939639
00.0000000261698617221028939639
00.0000000261698617221028939639
00.0000000261698617221028939639
00.0000000261698617221028939639
00.0000000261698617221028939639
00.0000000261698617221028939639
00.0000000261698617221028939639
00.0000000261698617221028939639
00.0000000261698617221028939639
00.0000000261698617221028939639
00.0000000261698617221028939639
00.0000000261698617221028939639
00.0000000261698617221028939639
00.0000000261698617221028939639
00.0000000261698617221028939639
00.0000000261698617221028939639
00.0000000261698617221028939639
00.0000000261698617221028939639
00.0000000261698617221028939639
00.0000000261698617221028939639
00.0000000261698617221028939639
00.0000000261698617221028939639
00.0000000261698617221028939639
00.0000000261698617221028939639
00.0000000261698617221028939639
00.0000000261698617221028939639
00.0000000261698617221028939639
00.0000000261698617221028939639
00.0000000261698617221028939639
00.0000000261698617221028939639
00.0000000261698617221028939639
00.0000000261698617221028939639
00.0000000261698617221028939639
00.0000000261698617221028939639
00.0000000261698617221028939639
00.0000000261698617221028939639
00.0000000261698617221028939639
00.0000000261698617221028939639
00.0000000261698617221028939639
00.0000000261698617221028939639
00.0000000261698617221028939639
00.0000000261698617221028939639
00.0000000261698617221028939639
00.0000000261698617221028939639
00.0000000261698617221028939639
00.0000000261698617221028939639
00.0000000261698617221028939639
00.0000000261698617221028939639
00.0000000261698617221028939639
00.0000000261698617221028939639
00.0000000261698617221028939639
00.0000000261698617221028939639
00.0000000261698617221028939639
00.0000000261698617221028939639
00.0000000261698617221028939639
00.0000000261698617221028939639
00.0000000261698617221028939639
00.0000000261698617221028939639
00.0000000261698617221028939639
00.0000000261698617221028939639
00.0000000261698617221028939639
00.0000000261698617221028939639
00.0000000261698617221028939639
00.0000000261698617221028939639
00.0000000261698617221028939639
00.0000000261698617221028939639
00.0000000261698617221028939639
00.0000000261698617221028939639
00.0000000261698617221028939639
00.0000000261698617221028939639
00.0000000261698617221028939639
00.0000000261698617221028939639
00.0000000261698617221028939639
00.0000000261698617221028939639
00.0000000261698617221028939639
00.0000000261698617221028939639
00.0000000261698617221028939639
00.0000000261698617221028939639
00.0000000261698617221028939639
00.0000000261698617221028939639
00.0000000261698617221028939639
00.0000000261698617221028939639
00.0000000261698617221028939639
00.0000000261698617221028939639
00.0000000261698617221028939639
00.0000000261698617221028939639
00.0000000261698617221028939639
00.0000000261698617221028939639
00.0000000261698617221028939639
00.0000000261698617221028939639
00.0000000261698617221028939639
00.0000000261698617221028939639
00.0000000261698617221028939639
00.0000000261698617221028939639
00.0000000261698617221028939639
00.0000000261698617221028939639
00.0000000261698617221028939639
00.0000000261698617221028939639
00.0000000261698617221028939639
00.0000000261698617221028939639
00.0000000261698617221028939639
00.0000000261698617221028939639
00.0000000261698617221028939639
00.0000000261698617221028939639
00.0000000261698617221028939639
00.0000000261698617221028939639
00.0000000261698617221028939639
00.0000000261698617221028939639
00.0000000261698617221028939639
00.0000000261698617221028939639
00.0000000261698617221028939639
00.0000000261698617221028939639
00.0000000261698617221028939639
00.0000000261698617221028939639
00.0000000261698617221028939639
00.0000000261698617221028939639
00.0000000261698617221028939639
00.0000000261698617221028939639
00.0000000261698617221028939639
00.0000000261698617221028939639
00.0000000261698617221028939639
00.0000000261698617221028939639
00.0000000261698617221028939639
00.0000000261698617221028939639
00.0000000261698617221028939639
00.0000000261698617221028939639
00.0000000261698617221028939639
00.0000000261698617221028939639
00.0000000261698617221028939639
00.0000000261698617221028939639
00.0000000261698617221028939639
00.0000000261698617221028939639
00.0000000261698617221028939639
00.0000000261698617221028939639
00.0000000261698617221028939639
00.0000000261698617221028939639
00.0000000261698617221028939639
00.0000000261698617221028939639
00.0000000261698617221028939639
00.0000000261698617221028939639
00.0000000261698617221028939639
00.0000000261698617221028939639
00.0000000261698617221028939639
00.0000000261698617221028939639
00.0000000261698617221028939639
00.0000000261698617221028939639
00.0000000261698617221028939639
00.0000000261698617221028939639
00.0000000261698617221028939639
00.0000000261698617221028939639
00.0000000261698617221028939639
00.0000000261698617221028939639
00.0000000261698617221028939639
00.0000000261698617221028939639
00.0000000261698617221028939639
00.0000000261698617221028939639
00.0000000261698617221028939639
00.0000000261698617221028939639
00.0000000261698617221028939639
00.0000000261698617221028939639
00.0000000261698617221028939639
00.0000000261698617221028939639
00.0000000261698617221028939639
00.0000000261698617221028939639
00.0000000261698617221028939639
00.0000000261698617221028939639
00.0000000261698617221028939639
00.0000000261698617221028939639
00.0000000261698617221028939639
00.0000000261698617221028939639
00.0000000261698617221028939639
00.0000000261698617221028939639
00.0000000261698617221028939639
00.0000000261698617221028939639
00.0000000261698617221028939639
00.0000000261698617221028939639
00.0000000261698617221028939639
00.0000000261698617221028939639
00.0000000261698617221028939639
00.0000000261698617221028939639
00.0000000261698617221028939639
00.0000000261698617221028939639
00.0000000261698617221028939639
00.0000000261698617221028939639
00.0000000261698617221028939639
00.0000000261698617221028939639
00.0000000261698617221028939639
00.0000000261698617221028939639
00.0000000261698617221028939639
00.0000000261698617221028939639
00.0000000261698617221028939639
00.0000000261698617221028939639
00.0000000261698617221028939639
00.0000000261698617221028939639
00.0000000261698617221028939639
00.0000000261698617221028939639
00.0000000261698617221028939639
00.0000000261698617221028939639
00.0000000261698617221028939639
00.0000000261698617221028939639
00.0000000261698617221028939639
00.0000000261698617221028939639
00.0000000261698617221028939639
00.0000000261698617221028939639
00.0000000261698617221028939639
00.0000000261698617221028939639
00.0000000261698617221028939639
00.0000000261698617221028939639
00.0000000261698617221028939639
00.0000000261698617221028939639
00.0000000261698617221028939639
00.0000000261698617221028939639
00.0000000261698617221028939639
00.0000000261698617221028939639
00.0000000261698617221028939639
00.0000000261698617221028939639
00.0000000261698617221028939639
00.0000000261698617221028939639
00.0000000261698617221028939639
00.0000000261698617221028939639
00.0000000261698617221028939639
00.0000000261698617221028939639
00.0000000261698617221028939639
00.0000000261698617221028939639
00.0000000261698617221028939639
00.0000000261698617221028939639
00.0000000261698617221028939639
00.0000000261698617221028939639
00.0000000261698617221028939639
00.0000000261698617221028939639
00.0000000261698617221028939639
00.0000000261698617221028939639
00.0000000261698617221028939639
00.0000000261698617221028939639
00.0000000261698617221028939639
00.0000000261698617221028939639
00.0000000261698617221028939639
00.0000000261698617221028939639
00.0000000261698617221028939639
00.0000000261698617221028939639
00.0000000261698617221028939639
00.0000000261698617221028939639
00.0000000261698617221028939639
00.0000000261698617221028939639
00.0000000261698617221028939639
00.0000000261698617221028939639
00.0000000261698617221028939639
00.0000000261698617221028939639
00.0000000261698617221028939639
00.0000000261698617221028939639
00.0000000261698617221028939639
00.0000000261698617221028939639
00.0000000261698617221028939639
00.0000000261698617221028939639
00.0000000261698617221028939639
00.0000000261698617221028939639
00.0000000261698617221028939639
00.0000000261698617221028939639
00.0000000261698617221028939639
00.0000000261698617221028939639
00.0000000261698617221028939639
00.0000000261698617221028939639
00.0000000261698617221028939639
00.0000000261698617221028939639
00.0000000261698617221028939639
00.0000000261698617221028939639
00.0000000261698617221028939639
00.0000000261698617221028939639
00.0000000261698617221028939639
00.0000000261698617221028939639
00.0000000261698617221028939639
00.0000000261698617221028939639
00.0000000261698617221028939639
00.0000000261698617221028939639
00.0000000261698617221028939639
00.0000000261698617221028939639
00.0000000261698617221028939639
00.0000000261698617221028939639
00.0000000261698617221028939639
00.0000000261698617221028939639
00.0000000261698617221028939639
00.0000000261698617221028939639
00.0000000261698617221028939639
00.0000000261698617221028939639
00.0000000261698617221028939639
00.0000000261698617221028939639
00.0000000261698617221028939639
00.0000000261698617221028939639
00.0000000261698617221028939639
00.0000000261698617221028939639
00.0000000261698617221028939639
00.0000000261698617221028939639
00.0000000261698617221028939639
00.0000000261698617221028939639
00.0000000261698617221028939639
00.0000000261698617221028939639
00.0000000261698617221028939639
00.0000000261698617221028939639
00.0000000261698617221028939639
00.0000000261698617221028939639
00.0000000261698617221028939639
00.0000000261698617221028939639
00.0000000261698617221028939639
00.0000000261698617221028939639
00.0000000261698617221028939639
00.0000000261698617221028939639
00.0000000261698617221028939639
00.0000000261698617221028939639
00.0000000261698617221028939639
00.0000000261698617221028939639
00.0000000261698617221028939639
00.0000000261698617221028939639
00.0000000261698617221028939639
00.0000000261698617221028939639
00.0000000261698617221028939639
00.0000000261698617221028939639
00.0000000261698617221028939639
00.0000000261698617221028939639
00.0000000261698617221028939639
00.0000000261698617221028939639
00.0000000261698617221028939639
00.0000000261698617221028939639
00.0000000261698617221028939639
00.0000000261698617221028939639
00.0000000261698617221028939639
00.0000000261698617221028939639
00.0000000261698617221028939639
00.0000000261698617221028939639
00.0000000261698617221028939639
00.0000000261698617221028939639
00.0000000261698617221028939639
00.0000000261698617221028939639
00.0000000261698617221028939639
00.0000000261698617221028939639
00.0000000261698617221028939639
00.0000000261698617221028939639
00.0000000261698617221028939639
00.0000000261698617221028939639
00.0000000261698617221028939639
00.0000000261698617221028939639
00.0000000261698617221028939639
00.0000000261698617221028939639
00.0000000261698617221028939639
00.0000000261698617221028939639
00.0000000261698617221028939639
00.0000000261698617221028939639
00.0000000261698617221028939639
00.0000000261698617221028939639
00.0000000261698617221028939639
00.0000000261698617221028939639
00.0000000261698617221028939639
00.0000000261698617221028939639
00.0000000261698617221028939639
00.0000000261698617221028939639
00.0000000261698617221028939639
00.0000000261698617221028939639
00.0000000261698617221028939639
00.0000000261698617221028939639
00.0000000261698617221028939639
00.0000000261698617221028939639
00.0000000261698617221028939639
00.0000000261698617221028939639
00.0000000261698617221028939639
00.0000000261698617221028939639
00.0000000261698617221028939639
00.0000000261698617221028939639
00.0000000261698617221028939639
00.0000000261698617221028939639
00.0000000261698617221028939639
00.0000000261698617221028939639
00.0000000261698617221028939639
00.0000000261698617221028939639
00.0000000261698617221028939639
00.0000000261698617221028939639
00.0000000261698617221028939639
00.0000000261698617221028939639
00.0000000261698617221028939639
00.0000000261698617221028939639
00.0000000261698617221028939639
00.0000000261698617221028939639
00.0000000261698617221028939639
00.0000000261698617221028939639
00.0000000261698617221028939639
00.0000000261698617221028939639
00.0000000261698617221028939639
00.0000000261698617221028939639
00.0000000261698617221028939639
00.0000000261698617221028939639
00.0000000261698617221028939639
00.0000000261698617221028939639
00.0000000261698617221028939639
00.0000000261698617221028939639
00.0000000261698617221028939639
00.0000000261698617221028939639
00.0000000261698617221028939639
00.0000000261698617221028939639
00.0000000261698617221028939639
00.0000000261698617221028939639
00.0000000261698617221028939639
00.0000000261698617221028939639
00.0000000261698617221028939639
00.0000000261698617221028939639
00.0000000261698617221028939639
00.0000000261698617221028939639
00.0000000261698617221028939639
00.0000000261698617221028939639
00.0000000261698617221028939639
00.0000000261698617221028939639
00.0000000261698617221028939639
00.0000000261698617221028939639
00.0000000261698617221028939639
00.0000000261698617221028939639
00.0000000261698617221028939639
00.0000000261698617221028939639
00.0000000261698617221028939639
00.0000000261698617221028939639
00.0000000261698617221028939639
00.0000000261698617221028939639
00.0000000261698617221028939639
00.0000000261698617221028939639
00.0000000261698617221028939639
00.0000000261698617221028939639
00.0000000261698617221028939639
00.0000000261698617221028939639
00.0000000261698617221028939639
00.0000000261698617221028939639
00.0000000261698617221028939639
00.0000000261698617221028939639
00.0000000261698617221028939639
00.0000000261698617221028939639
00.0000000261698617221028939639
00.0000000261698617221028939639
00.0000000261698617221028939639
00.0000000261698617221028939639
00.0000000261698617221028939639
00.0000000261698617221028939639
00.0000000261698617221028939639
00.0000000261698617221028939639
00.0000000261698617221028939639
00.0000000261698617221028939639
00.0000000261698617221028939639
00.0000000261698617221028939639
00.0000000261698617221028939639
00.0000000261698617221028939639
00.0000000261698617221028939639
00.0000000261698617221028939639
00.0000000261698617221028939639
00.0000000261698617221028939639
00.0000000261698617221028939639
00.0000000261698617221028939639
00.0000000261698617221028939639
00.0000000261698617221028939639
00.0000000261698617221028939639
00.0000000261698617221028939639
00.0000000261698617221028939639
00.0000000261698617221028939639
00.0000000261698617221028939639
00.0000000261698617221028939639
00.0000000261698617221028939639
00.0000000261698617221028939639
00.0000000261698617221028939639
00.0000000261698617221028939639
00.0000000261698617221028939639
00.0000000261698617221028939639
00.0000000261698617221028939639
00.0000000261698617221028939639
00.0000000261698617221028939639
00.0000000261698617221028939639
00.0000000261698617221028939639
00.0000000261698617221028939639
00.0000000261698617221028939639
00.0000000261698617221028939639
00.0000000261698617221028939639
00.0000000261698617221028939639
00.0000000261698617221028939639
00.0000000261698617221028939639
00.0000000261698617221028939639
00.0000000261698617221028939639
00.0000000261698617221028939639
00.0000000261698617221028939639
00.0000000261698617221028939639
00.0000000261698617221028939639
00.0000000261698617221028939639
00.0000000261698617221028939639
00.0000000261698617221028939639
00.0000000261698617221028939639
00.0000000261698617221028939639
00.0000000261698617221028939639
00.0000000261698617221028939639
00.0000000261698617221028939639
00.0000000261698617221028939639
00.0000000261698617221028939639
00.0000000261698617221028939639
00.0000000261698617221028939639
00.0000000261698617221028939639
00.0000000261698617221028939639
00.0000000261698617221028939639
00.0000000261698617221028939639
00.0000000261698617221028939639
00.0000000261698617221028939639
00.0000000261698617221028939639
00.0000000261698617221028939639
00.0000000261698617221028939639
00.0000000261698617221028939639
00.0000000261698617221028939639
00.0000000261698617221028939639
00.0000000261698617221028939639
00.0000000261698617221028939639
00.0000000284210028844711359852
00.0000000284210028844711359852
00.0000000284210028844711359852
00.0000000284210028844711359852
00.0000000284210028844711359852
00.0000000284210028844711359852
00.0000000284210028844711359852
00.0000000284210028844711359852
00.0000000284210028844711359852
00.0000000284210028844711359852
00.0000000284210028844711359852
00.0000000284210028844711359852
00.0000000284210028844711359852
00.0000000284210028844711359852
00.0000000284210028844711359852
00.0000000284210028844711359852
00.0000000284210028844711359852
00.0000000284210028844711359852
00.0000000284210028844711359852
00.0000000284210028844711359852
00.0000000284210028844711359852
00.0000000284210028844711359852
00.0000000284210028844711359852
00.0000000284210028844711359852
00.0000000284210028844711359852
00.0000000284210028844711359852
00.0000000284210028844711359852
00.0000000284210028844711359852
00.0000000284210028844711359852
00.0000000284210028844711359852
00.0000000284210028844711359852
00.0000000284210028844711359852
00.0000000284210028844711359852
00.0000000284210028844711359852
00.0000000284210028844711359852
00.0000000284210028844711359852
00.0000000284210028844711359852
00.0000000284210028844711359852
00.0000000284210028844711359852
00.0000000284210028844711359852
00.0000000284210028844711359852
00.0000000284210028844711359852
00.0000000284210028844711359852
00.0000000284210028844711359852
00.0000000284210028844711359852
00.0000000284210028844711359852
00.0000000284210028844711359852
00.0000000284210028844711359852
00.0000000284210028844711359852
00.0000000284210028844711359852
00.0000000284210028844711359852
00.0000000284210028844711359852
00.0000000284210028844711359852
00.0000000284210028844711359852
00.0000000284210028844711359852
00.0000000284210028844711359852
00.0000000284210028844711359852
00.0000000284210028844711359852
00.0000000284210028844711359852
00.0000000284210028844711359852
00.0000000284210028844711359852
00.0000000284210028844711359852
00.0000000284210028844711359852
00.0000000284210028844711359852
00.0000000284210028844711359852
00.0000000284210028844711359852
00.0000000284210028844711359852
00.0000000284210028844711359852
00.0000000284210028844711359852
00.0000000284210028844711359852
00.0000000284210028844711359852
00.0000000284210028844711359852
00.0000000284210028844711359852
00.0000000284210028844711359852
00.0000000284210028844711359852
00.0000000284210028844711359852
00.0000000284210028844711359852
00.0000000284210028844711359852
00.0000000284210028844711359852
00.0000000284210028844711359852
00.0000000284210028844711359852
00.0000000284210028844711359852
00.0000000284210028844711359852
00.0000000284210028844711359852
00.0000000284210028844711359852
00.0000000284210028844711359852
00.0000000284210028844711359852
00.0000000284210028844711359852
00.0000000284210028844711359852
00.0000000284210028844711359852
00.0000000284210028844711359852
00.0000000284210028844711359852
00.0000000284210028844711359852
00.0000000284210028844711359852
00.0000000284210028844711359852
00.0000000284210028844711359852
00.0000000284210028844711359852
00.0000000284210028844711359852
00.0000000284210028844711359852
00.0000000284210028844711359852
00.0000000284210028844711359852
00.0000000284210028844711359852
00.0000000284210028844711359852
00.0000000284210028844711359852
00.0000000284210028844711359852
00.0000000284210028844711359852
00.0000000284210028844711359852
00.0000000284210028844711359852
00.0000000284210028844711359852
00.0000000284210028844711359852
00.0000000284210028844711359852
00.0000000284210028844711359852
00.0000000284210028844711359852
00.0000000284210028844711359852
00.0000000284210028844711359852
00.0000000284210028844711359852
00.0000000284210028844711359852
00.0000000284210028844711359852
00.0000000284210028844711359852
00.0000000284210028844711359852
00.0000000284210028844711359852
00.0000000284210028844711359852
00.0000000284210028844711359852
00.0000000284210028844711359852
00.0000000284210028844711359852
00.0000000284210028844711359852
00.0000000284210028844711359852
00.0000000284210028844711359852
00.0000000284210028844711359852
00.0000000284210028844711359852
00.0000000284210028844711359852
00.0000000284210028844711359852
00.0000000284210028844711359852
00.0000000284210028844711359852
00.0000000284210028844711359852
00.0000000284210028844711359852
00.0000000284210028844711359852
00.0000000284210028844711359852
00.0000000284210028844711359852
00.0000000284210028844711359852
00.0000000284210028844711359852
00.0000000284210028844711359852
00.0000000284210028844711359852
00.0000000284210028844711359852
00.0000000284210028844711359852
00.0000000284210028844711359852
00.0000000284210028844711359852
00.0000000284210028844711359852
00.0000000284210028844711359852
00.0000000284210028844711359852
00.0000000284210028844711359852
00.0000000284210028844711359852
00.0000000284210028844711359852
00.0000000284210028844711359852
00.0000000284210028844711359852
00.0000000284210028844711359852
00.0000000284210028844711359852
00.0000000284210028844711359852
00.0000000284210028844711359852
00.0000000284210028844711359852
00.0000000284210028844711359852
00.0000000284210028844711359852
00.0000000284210028844711359852
00.0000000284210028844711359852
00.0000000284210028844711359852
00.0000000284210028844711359852
00.0000000284210028844711359852
00.0000000284210028844711359852
00.0000000284210028844711359852
00.0000000284210028844711359852
00.0000000284210028844711359852
00.0000000284210028844711359852
00.0000000284210028844711359852
00.0000000284210028844711359852
00.0000000284210028844711359852
00.0000000284210028844711359852
00.0000000284210028844711359852
00.0000000284210028844711359852
00.0000000284210028844711359852
00.0000000284210028844711359852
00.0000000284210028844711359852
00.0000000284210028844711359852
00.0000000284210028844711359852
00.0000000284210028844711359852
00.0000000284210028844711359852
00.0000000284210028844711359852
00.0000000284210028844711359852
00.0000000284210028844711359852
00.0000000284210028844711359852
00.0000000284210028844711359852
00.0000000284210028844711359852
00.0000000284210028844711359852
00.0000000284210028844711359852
00.0000000284210028844711359852
00.0000000284210028844711359852
00.0000000284210028844711359852
00.0000000284210028844711359852
00.0000000284210028844711359852
00.0000000284210028844711359852
00.0000000284210028844711359852
00.0000000284210028844711359852
00.0000000284210028844711359852
00.0000000284210028844711359852
00.0000000284210028844711359852
00.0000000284210028844711359852
00.0000000284210028844711359852
00.0000000284210028844711359852
00.0000000284210028844711359852
00.0000000284210028844711359852
00.0000000284210028844711359852
00.0000000284210028844711359852
00.0000000284210028844711359852
00.0000000284210028844711359852
00.0000000284210028844711359852
00.0000000284210028844711359852
00.0000000284210028844711359852
00.0000000284210028844711359852
00.0000000284210028844711359852
00.0000000284210028844711359852
00.0000000284210028844711359852
00.0000000284210028844711359852
00.0000000284210028844711359852
00.0000000284210028844711359852
00.0000000284210028844711359852
00.0000000284210028844711359852
00.0000000284210028844711359852
00.0000000284210028844711359852
00.0000000284210028844711359852
00.0000000284210028844711359852
00.0000000284210028844711359852
00.0000000284210028844711359852
00.0000000284210028844711359852
00.0000000284210028844711359852
00.0000000284210028844711359852
00.0000000284210028844711359852
00.0000000284210028844711359852
00.0000000284210028844711359852
00.0000000284210028844711359852
00.0000000284210028844711359852
00.0000000284210028844711359852
00.0000000284210028844711359852
00.0000000284210028844711359852
00.0000000284210028844711359852
00.0000000284210028844711359852
00.0000000284210028844711359852
00.0000000284210028844711359852
00.0000000284210028844711359852
00.0000000284210028844711359852
00.0000000284210028844711359852
00.0000000284210028844711359852
00.0000000284210028844711359852
00.0000000284210028844711359852
00.0000000284210028844711359852
00.0000000284210028844711359852
00.0000000284210028844711359852
00.0000000284210028844711359852
00.0000000284210028844711359852
00.0000000284210028844711359852
00.0000000284210028844711359852
00.0000000284210028844711359852
00.0000000284210028844711359852
00.0000000284210028844711359852
00.0000000284210028844711359852
00.0000000284210028844711359852
00.0000000284210028844711359852
00.0000000284210028844711359852
00.0000000284210028844711359852
00.0000000284210028844711359852
00.0000000284210028844711359852
00.0000000284210028844711359852
00.0000000284210028844711359852
00.0000000284210028844711359852
00.0000000284210028844711359852
00.0000000284210028844711359852
00.0000000284210028844711359852
00.0000000284210028844711359852
00.0000000284210028844711359852
00.0000000284210028844711359852
00.0000000284210028844711359852
00.0000000284210028844711359852
00.0000000284210028844711359852
00.0000000284210028844711359852
00.0000000284210028844711359852
00.0000000284210028844711359852
00.0000000284210028844711359852
00.0000000284210028844711359852
00.0000000284210028844711359852
00.0000000284210028844711359852
00.0000000284210028844711359852
00.0000000284210028844711359852
00.0000000284210028844711359852
00.0000000284210028844711359852
00.0000000284210028844711359852
00.0000000284210028844711359852
00.0000000284210028844711359852
00.0000000284210028844711359852
00.0000000284210028844711359852
00.0000000284210028844711359852
00.0000000284210028844711359852
00.0000000284210028844711359852
00.0000000284210028844711359852
00.0000000284210028844711359852
00.0000000284210028844711359852
00.0000000284210028844711359852
00.0000000284210028844711359852
00.0000000284210028844711359852
00.0000000284210028844711359852
00.0000000284210028844711359852
00.0000000284210028844711359852
00.0000000284210028844711359852
00.0000000284210028844711359852
00.0000000284210028844711359852
00.0000000284210028844711359852
00.0000000284210028844711359852
00.0000000284210028844711359852
00.0000000284210028844711359852
00.0000000284210028844711359852
00.0000000284210028844711359852
00.0000000284210028844711359852
00.0000000284210028844711359852
00.0000000284210028844711359852
00.0000000284210028844711359852
00.0000000284210028844711359852
00.0000000284210028844711359852
00.0000000284210028844711359852
00.0000000284210028844711359852
00.0000000284210028844711359852
00.0000000284210028844711359852
00.0000000284210028844711359852
00.0000000284210028844711359852
00.0000000284210028844711359852
00.0000000284210028844711359852
00.0000000284210028844711359852
00.0000000284210028844711359852
00.0000000284210028844711359852
00.0000000284210028844711359852
00.0000000284210028844711359852
00.0000000284210028844711359852
00.0000000284210028844711359852
00.0000000284210028844711359852
00.0000000284210028844711359852
00.0000000284210028844711359852
00.0000000284210028844711359852
00.0000000284210028844711359852
00.0000000284210028844711359852
00.0000000284210028844711359852
00.0000000284210028844711359852
00.0000000284210028844711359852
00.0000000284210028844711359852
00.0000000284210028844711359852
00.0000000284210028844711359852
00.0000000284210028844711359852
00.0000000284210028844711359852
00.0000000284210028844711359852
00.0000000284210028844711359852
00.0000000284210028844711359852
00.0000000284210028844711359852
00.0000000284210028844711359852
00.0000000284210028844711359852
00.0000000284210028844711359852
00.0000000284210028844711359852
00.0000000284210028844711359852
00.0000000284210028844711359852
00.0000000284210028844711359852
00.0000000284210028844711359852
00.0000000284210028844711359852
00.0000000284210028844711359852
00.0000000284210028844711359852
00.0000000284210028844711359852
00.0000000284210028844711359852
00.0000000284210028844711359852
00.0000000284210028844711359852
00.0000000284210028844711359852
00.0000000284210028844711359852
00.0000000284210028844711359852
00.0000000284210028844711359852
00.0000000284210028844711359852
00.0000000284210028844711359852
00.0000000284210028844711359852
00.0000000284210028844711359852
00.0000000284210028844711359852
00.0000000284210028844711359852
00.0000000284210028844711359852
00.0000000284210028844711359852
00.0000000284210028844711359852
00.0000000284210028844711359852
00.0000000284210028844711359852
00.0000000284210028844711359852
00.0000000284210028844711359852
00.0000000284210028844711359852
00.0000000284210028844711359852
00.0000000284210028844711359852
00.0000000284210028844711359852
00.0000000284210028844711359852
00.0000000284210028844711359852
00.0000000284210028844711359852
00.0000000284210028844711359852
00.0000000284210028844711359852
00.0000000284210028844711359852
00.0000000284210028844711359852
00.0000000284210028844711359852
00.0000000284210028844711359852
00.0000000284210028844711359852
00.0000000284210028844711359852
00.0000000284210028844711359852
00.0000000284210028844711359852
00.0000000284210028844711359852
00.0000000284210028844711359852
00.0000000284210028844711359852
00.0000000284210028844711359852
00.0000000284210028844711359852
00.0000000284210028844711359852
00.0000000284210028844711359852
00.0000000284210028844711359852
00.0000000284210028844711359852
00.0000000284210028844711359852
00.0000000284210028844711359852
00.0000000284210028844711359852
00.0000000284210028844711359852
00.0000000284210028844711359852
00.0000000284210028844711359852
00.0000000284210028844711359852
00.0000000284210028844711359852
00.0000000284210028844711359852
00.0000000284210028844711359852
00.0000000284210028844711359852
00.0000000284210028844711359852
00.0000000284210028844711359852
00.0000000284210028844711359852
00.0000000284210028844711359852
00.0000000284210028844711359852
00.0000000284210028844711359852
00.0000000284210028844711359852
00.0000000284210028844711359852
00.0000000284210028844711359852
00.0000000284210028844711359852
00.0000000284210028844711359852
00.0000000284210028844711359852
00.0000000284210028844711359852
00.0000000284210028844711359852
00.0000000284210028844711359852
00.0000000284210028844711359852
00.0000000284210028844711359852
00.0000000284210028844711359852
00.0000000284210028844711359852
00.0000000284210028844711359852
00.0000000284210028844711359852
00.0000000284210028844711359852
00.0000000284210028844711359852
00.0000000284210028844711359852
00.0000000284210028844711359852
00.0000000284210028844711359852
00.0000000284210028844711359852
00.0000000284210028844711359852
00.0000000284210028844711359852
00.0000000284210028844711359852
00.0000000284210028844711359852
00.0000000284210028844711359852
00.0000000284210028844711359852
00.0000000284210028844711359852
00.0000000284210028844711359852
00.0000000284210028844711359852
00.0000000284210028844711359852
00.0000000284210028844711359852
00.0000000284210028844711359852
00.0000000284210028844711359852
00.0000000284210028844711359852
00.0000000284210028844711359852
00.0000000284210028844711359852
00.0000000284210028844711359852
00.0000000284210028844711359852
00.0000000284210028844711359852
00.0000000284210028844711359852
00.0000000284210028844711359852
00.0000000284210028844711359852
00.0000000284210028844711359852
00.0000000284210028844711359852
00.0000000284210028844711359852
00.0000000284210028844711359852
00.0000000284210028844711359852
00.0000000284210028844711359852
00.0000000284210028844711359852
00.0000000284210028844711359852
00.0000000284210028844711359852
00.0000000284210028844711359852
00.0000000284210028844711359852
00.0000000284210028844711359852
00.0000000284210028844711359852
00.0000000284210028844711359852
00.0000000284210028844711359852
00.0000000284210028844711359852
00.0000000284210028844711359852
00.0000000284210028844711359852
00.0000000284210028844711359852
00.0000000284210028844711359852
00.0000000284210028844711359852
00.0000000284210028844711359852
00.0000000284210028844711359852
00.0000000284210028844711359852
00.0000000284210028844711359852
00.0000000284210028844711359852
00.0000000284210028844711359852
00.0000000284210028844711359852
00.0000000284210028844711359852
00.0000000284210028844711359852
00.0000000284210028844711359852
00.0000000284210028844711359852
00.0000000284210028844711359852
00.0000000284210028844711359852
00.0000000284210028844711359852
00.0000000284210028844711359852
00.0000000284210028844711359852
00.0000000284210028844711359852
00.0000000284210028844711359852
00.0000000284210028844711359852
00.0000000284210028844711359852
00.0000000284210028844711359852
00.0000000284210028844711359852
00.0000000284210028844711359852
00.0000000284210028844711359852
00.0000000284210028844711359852
00.0000000284210028844711359852
00.0000000284210028844711359852
00.0000000284210028844711359852
00.0000000284210028844711359852
00.0000000284210028844711359852
00.0000000284210028844711359852
00.0000000284210028844711359852
00.0000000284210028844711359852
00.0000000284210028844711359852
00.0000000284210028844711359852
00.0000000284210028844711359852
00.0000000284210028844711359852
00.0000000284210028844711359852
00.0000000284210028844711359852
00.0000000284210028844711359852
00.0000000284210028844711359852
00.0000000284210028844711359852
00.0000000284210028844711359852
00.0000000284210028844711359852
00.0000000284210028844711359852
00.0000000284210028844711359852
00.0000000284210028844711359852
00.0000000284210028844711359852
00.0000000284210028844711359852
00.0000000284210028844711359852
00.0000000284210028844711359852
00.0000000284210028844711359852
00.0000000284210028844711359852
00.0000000284210028844711359852
00.0000000284210028844711359852
00.0000000284210028844711359852
00.0000000284210028844711359852
00.0000000284210028844711359852
00.0000000284210028844711359852
00.0000000284210028844711359852
00.0000000284210028844711359852
00.0000000284210028844711359852
00.0000000284210028844711359852
00.0000000284210028844711359852
00.0000000284210028844711359852
00.0000000284210028844711359852
00.0000000284210028844711359852
00.0000000284210028844711359852
00.0000000284210028844711359852
00.0000000284210028844711359852
00.0000000284210028844711359852
00.0000000284210028844711359852
00.0000000284210028844711359852
00.0000000284210028844711359852
00.0000000284210028844711359852
00.0000000284210028844711359852
00.0000000284210028844711359852
00.0000000284210028844711359852
00.0000000284210028844711359852
00.0000000284210028844711359852
00.0000000284210028844711359852
00.0000000284210028844711359852
00.0000000284210028844711359852
00.0000000284210028844711359852
00.0000000284210028844711359852
00.0000000284210028844711359852
00.0000000284210028844711359852
00.0000000284210028844711359852
00.0000000284210028844711359852
00.0000000284210028844711359852
00.0000000284210028844711359852
00.0000000284210028844711359852
00.0000000284210028844711359852
00.0000000284210028844711359852
00.0000000284210028844711359852
00.0000000284210028844711359852
00.0000000284210028844711359852
00.0000000284210028844711359852
00.0000000284210028844711359852
00.0000000284210028844711359852
00.0000000284210028844711359852
00.0000000284210028844711359852
00.0000000284210028844711359852
00.0000000284210028844711359852
00.0000000284210028844711359852
00.0000000284210028844711359852
00.0000000284210028844711359852
00.0000000284210028844711359852
00.0000000284210028844711359852
00.0000000284210028844711359852
00.0000000284210028844711359852
00.0000000284210028844711359852
00.0000000284210028844711359852
00.0000000284210028844711359852
00.0000000284210028844711359852
00.0000000284210028844711359852
00.0000000284210028844711359852
00.0000000284210028844711359852
00.0000000284210028844711359852
00.0000000284210028844711359852
00.0000000284210028844711359852
00.0000000284210028844711359852
00.0000000284210028844711359852
00.0000000284210028844711359852
00.0000000284210028844711359852
00.0000000284210028844711359852
00.0000000284210028844711359852
00.0000000284210028844711359852
00.0000000284210028844711359852
00.0000000284210028844711359852
00.0000000284210028844711359852
00.0000000284210028844711359852
00.0000000284210028844711359852
00.0000000284210028844711359852
00.0000000284210028844711359852
00.0000000284210028844711359852
00.0000000284210028844711359852
00.0000000284210028844711359852
00.0000000284210028844711359852
00.0000000284210028844711359852
00.0000000284210028844711359852
00.0000000284210028844711359852
00.0000000284210028844711359852
00.0000000284210028844711359852
00.0000000284210028844711359852
00.0000000284210028844711359852
00.0000000284210028844711359852
00.0000000284210028844711359852
00.0000000284210028844711359852
00.0000000284210028844711359852
00.0000000284210028844711359852
00.0000000284210028844711359852
00.0000000284210028844711359852
00.0000000284210028844711359852
00.0000000284210028844711359852
00.0000000284210028844711359852
00.0000000284210028844711359852
00.0000000284210028844711359852
00.0000000284210028844711359852
00.0000000284210028844711359852
00.0000000284210028844711359852
00.0000000284210028844711359852
00.0000000284210028844711359852
00.0000000284210028844711359852
00.0000000284210028844711359852
00.0000000284210028844711359852
00.0000000284210028844711359852
00.0000000284210028844711359852
00.0000000284210028844711359852
00.0000000284210028844711359852
00.0000000284210028844711359852
00.0000000284210028844711359852
00.0000000284210028844711359852
00.0000000284210028844711359852
00.0000000284210028844711359852
00.0000000284210028844711359852
00.0000000284210028844711359852
00.0000000284210028844711359852
00.0000000284210028844711359852
00.0000000284210028844711359852
00.0000000284210028844711359852
00.0000000284210028844711359852
00.0000000284210028844711359852
00.0000000284210028844711359852
00.0000000284210028844711359852
00.0000000284210028844711359852
00.0000000284210028844711359852
00.0000000284210028844711359852
00.0000000284210028844711359852
00.0000000284210028844711359852
00.0000000284210028844711359852
00.0000000284210028844711359852
00.0000000284210028844711359852
00.0000000284210028844711359852
00.0000000284210028844711359852
00.0000000284210028844711359852
00.0000000284210028844711359852
00.0000000284210028844711359852
00.0000000284210028844711359852
00.0000000284210028844711359852
00.0000000284210028844711359852
00.0000000284210028844711359852
00.0000000284210028844711359852
00.0000000284210028844711359852
00.0000000284210028844711359852
00.0000000284210028844711359852
00.0000000284210028844711359852
00.0000000284210028844711359852
00.0000000284210028844711359852
00.0000000284210028844711359852
00.0000000284210028844711359852
00.0000000284210028844711359852
00.0000000284210028844711359852
00.0000000284210028844711359852
00.0000000284210028844711359852
00.0000000284210028844711359852
00.0000000284210028844711359852
00.0000000284210028844711359852
00.0000000284210028844711359852
00.0000000284210028844711359852
00.0000000284210028844711359852
00.0000000284210028844711359852
00.0000000284210028844711359852
00.0000000284210028844711359852
00.0000000284210028844711359852
00.0000000284210028844711359852
00.0000000284210028844711359852
00.0000000284210028844711359852
00.0000000284210028844711359852
00.0000000284210028844711359852
00.0000000284210028844711359852
00.0000000284210028844711359852
00.0000000284210028844711359852
00.0000000284210028844711359852
00.0000000284210028844711359852
00.0000000284210028844711359852
00.0000000284210028844711359852
00.0000000284210028844711359852
00.0000000284210028844711359852
00.0000000284210028844711359852
00.0000000284210028844711359852
00.0000000284210028844711359852
00.0000000284210028844711359852
00.0000000284210028844711359852
00.0000000284210028844711359852
00.0000000284210028844711359852
00.0000000284210028844711359852
00.0000000284210028844711359852
00.0000000284210028844711359852
00.0000000284210028844711359852
00.0000000284210028844711359852
00.0000000284210028844711359852
00.0000000284210028844711359852
00.0000000284210028844711359852
00.0000000284210028844711359852
00.0000000284210028844711359852
00.0000000284210028844711359852
00.0000000284210028844711359852
00.0000000284210028844711359852
00.0000000284210028844711359852
00.0000000284210028844711359852
00.0000000284210028844711359852
00.0000000284210028844711359852
00.0000000284210028844711359852
00.0000000284210028844711359852
00.0000000284210028844711359852
00.0000000284210028844711359852
00.0000000284210028844711359852
00.0000000284210028844711359852
00.0000000284210028844711359852
00.0000000284210028844711359852
00.0000000284210028844711359852
00.0000000284210028844711359852
00.0000000284210028844711359852
00.0000000284210028844711359852
00.0000000284210028844711359852
00.0000000284210028844711359852
00.0000000284210028844711359852
00.0000000284210028844711359852
00.0000000284210028844711359852
00.0000000284210028844711359852
00.0000000284210028844711359852
00.0000000284210028844711359852
00.0000000284210028844711359852
00.0000000284210028844711359852
00.0000000284210028844711359852
00.0000000284210028844711359852
00.0000000284210028844711359852
00.0000000284210028844711359852
00.0000000284210028844711359852
00.0000000284210028844711359852
00.0000000284210028844711359852
00.0000000284210028844711359852
00.0000000284210028844711359852
00.0000000284210028844711359852
00.0000000284210028844711359852
00.0000000284210028844711359852
00.0000000284210028844711359852
00.0000000284210028844711359852
00.0000000284210028844711359852
00.0000000284210028844711359852
00.0000000284210028844711359852
00.0000000284210028844711359852
00.0000000284210028844711359852
00.0000000284210028844711359852
00.0000000284210028844711359852
00.0000000284210028844711359852
00.0000000284210028844711359852
00.0000000284210028844711359852
00.0000000284210028844711359852
00.0000000284210028844711359852
00.0000000284210028844711359852
00.0000000284210028844711359852
00.0000000284210028844711359852
00.0000000284210028844711359852
00.0000000284210028844711359852
00.0000000284210028844711359852
00.0000000284210028844711359852
00.0000000284210028844711359852
00.0000000284210028844711359852
00.0000000284210028844711359852
00.0000000284210028844711359852
00.0000000284210028844711359852
00.0000000284210028844711359852
00.0000000284210028844711359852
00.0000000284210028844711359852
00.0000000284210028844711359852
00.0000000284210028844711359852
00.0000000284210028844711359852
00.0000000284210028844711359852
00.0000000284210028844711359852
00.0000000284210028844711359852
00.0000000284210028844711359852
00.0000000284210028844711359852
00.0000000284210028844711359852
00.0000000284210028844711359852
00.0000000284210028844711359852
00.0000000284210028844711359852
00.0000000284210028844711359852
00.0000000284210028844711359852
00.0000000284210028844711359852
00.0000000284210028844711359852
00.0000000284210028844711359852
00.0000000284210028844711359852
00.0000000284210028844711359852
00.0000000284210028844711359852
00.0000000284210028844711359852
00.0000000284210028844711359852
00.0000000284210028844711359852
00.0000000284210028844711359852
00.0000000284210028844711359852
00.0000000284210028844711359852
00.0000000284210028844711359852
00.0000000284210028844711359852
00.0000000284210028844711359852
00.0000000284210028844711359852
00.0000000284210028844711359852
00.0000000284210028844711359852
00.0000000284210028844711359852
00.0000000284210028844711359852
00.0000000284210028844711359852
00.0000000284210028844711359852
00.0000000284210028844711359852
00.0000000284210028844711359852
00.0000000284210028844711359852
00.0000000284210028844711359852
00.0000000284210028844711359852
00.0000000284210028844711359852
00.0000000284210028844711359852
00.0000000284210028844711359852
00.0000000284210028844711359852
00.0000000284210028844711359852
00.0000000284210028844711359852
00.0000000284210028844711359852
00.0000000284210028844711359852
00.0000000284210028844711359852
00.0000000284210028844711359852
00.0000000284210028844711359852
00.0000000284210028844711359852
00.0000000284210028844711359852
00.0000000284210028844711359852
00.0000000284210028844711359852
00.0000000284210028844711359852
00.0000000284210028844711359852
00.0000000284210028844711359852
00.0000000284210028844711359852
00.0000000284210028844711359852
00.0000000284210028844711359852
00.0000000284210028844711359852
00.0000000284210028844711359852
00.0000000284210028844711359852
00.0000000284210028844711359852
00.0000000284210028844711359852
00.0000000284210028844711359852
00.0000000284210028844711359852
00.0000000284210028844711359852
00.0000000284210028844711359852
00.0000000284210028844711359852
00.0000000284210028844711359852
00.0000000284210028844711359852
00.0000000284210028844711359852
00.0000000284210028844711359852
00.0000000284210028844711359852
00.0000000284210028844711359852
00.0000000284210028844711359852
00.0000000284210028844711359852
00.0000000284210028844711359852
00.0000000284210028844711359852
00.0000000284210028844711359852
00.0000000284210028844711359852
00.0000000284210028844711359852
00.0000000284210028844711359852
00.0000000284210028844711359852
00.0000000284210028844711359852
00.0000000284210028844711359852
00.0000000284210028844711359852
00.0000000284210028844711359852
00.0000000284210028844711359852
00.0000000284210028844711359852
00.0000000284210028844711359852
00.0000000284210028844711359852
00.0000000284210028844711359852
00.0000000284210028844711359852
00.0000000284210028844711359852
00.0000000284210028844711359852
00.0000000284210028844711359852
00.0000000284210028844711359852
00.0000000284210028844711359852
00.0000000284210028844711359852
00.0000000284210028844711359852
00.0000000284210028844711359852
00.0000000284210028844711359852
00.0000000284210028844711359852
00.0000000284210028844711359852
00.0000000284210028844711359852
00.0000000284210028844711359852
00.0000000284210028844711359852
00.0000000284210028844711359852
00.0000000284210028844711359852
00.0000000284210028844711359852
00.0000000284210028844711359852
00.0000000284210028844711359852
00.0000000284210028844711359852
00.0000000284210028844711359852
00.0000000284210028844711359852
00.0000000284210028844711359852
00.0000000284210028844711359852
00.0000000284210028844711359852
00.0000000284210028844711359852
00.0000000284210028844711359852
00.0000000284210028844711359852
00.0000000284210028844711359852
00.0000000284210028844711359852
00.0000000284210028844711359852
00.0000000284210028844711359852
00.0000000284210028844711359852
00.0000000284210028844711359852
00.0000000284210028844711359852
00.0000000284210028844711359852
00.0000000284210028844711359852
00.0000000284210028844711359852
00.0000000284210028844711359852
00.0000000284210028844711359852
00.0000000284210028844711359852
00.0000000284210028844711359852
00.0000000284210028844711359852
00.0000000284210028844711359852
00.0000000284210028844711359852
00.0000000284210028844711359852
00.0000000284210028844711359852
00.0000000284210028844711359852
00.0000000284210028844711359852
00.0000000284210028844711359852
00.0000000284210028844711359852
00.0000000284210028844711359852
00.0000000284210028844711359852
00.0000000284210028844711359852
00.0000000284210028844711359852
00.0000000284210028844711359852
00.0000000284210028844711359852
00.0000000284210028844711359852
00.0000000284210028844711359852
00.0000000284210028844711359852
00.0000000284210028844711359852
00.0000000284210028844711359852
00.0000000284210028844711359852
00.0000000284210028844711359852
00.0000000284210028844711359852
00.0000000284210028844711359852
00.0000000284210028844711359852
00.0000000284210028844711359852
00.0000000284210028844711359852
00.0000000284210028844711359852
00.0000000284210028844711359852
00.0000000284210028844711359852
00.0000000284210028844711359852
00.0000000284210028844711359852
00.0000000284210028844711359852
00.0000000284210028844711359852
00.0000000284210028844711359852
00.0000000284210028844711359852
00.0000000284210028844711359852
00.0000000284210028844711359852
00.0000000284210028844711359852
00.0000000292126759449118367229
00.0000000292126759449118367229
00.0000000292126759449118367229
00.0000000292126759449118367229
00.0000000292126759449118367229
00.0000000292126759449118367229
00.0000000292126759449118367229
00.0000000292126759449118367229
00.0000000292126759449118367229
00.0000000292126759449118367229
00.0000000292126759449118367229
00.0000000292126759449118367229
00.0000000292126759449118367229
00.0000000292126759449118367229
00.0000000292126759449118367229
00.0000000292126759449118367229
00.0000000292126759449118367229
00.0000000292126759449118367229
00.0000000292126759449118367229
00.0000000292126759449118367229
00.0000000292126759449118367229
00.0000000292126759449118367229
00.0000000292126759449118367229
00.0000000292126759449118367229
00.0000000292126759449118367229
00.0000000292126759449118367229
00.0000000292126759449118367229
00.0000000292126759449118367229
00.0000000292126759449118367229
00.0000000292126759449118367229
00.0000000292126759449118367229
00.0000000292126759449118367229
00.0000000292126759449118367229
00.0000000292126759449118367229
00.0000000292126759449118367229
00.0000000292126759449118367229
00.0000000292126759449118367229
00.0000000292126759449118367229
00.0000000292126759449118367229
00.0000000292126759449118367229
00.0000000292126759449118367229
00.0000000292126759449118367229
00.0000000292126759449118367229
00.0000000292126759449118367229
00.0000000292126759449118367229
00.0000000292126759449118367229
00.0000000292126759449118367229
00.0000000292126759449118367229
00.0000000292126759449118367229
00.0000000292126759449118367229
00.0000000292126759449118367229
00.0000000292126759449118367229
00.0000000292126759449118367229
00.0000000292126759449118367229
00.0000000292126759449118367229
00.0000000292126759449118367229
00.0000000292126759449118367229
00.0000000292126759449118367229
00.0000000292126759449118367229
00.0000000292126759449118367229
00.0000000292126759449118367229
00.0000000292126759449118367229
00.0000000292126759449118367229
00.0000000292126759449118367229
00.0000000292126759449118367229
00.0000000292126759449118367229
00.0000000292126759449118367229
00.0000000292126759449118367229
00.0000000292126759449118367229
00.0000000292126759449118367229
00.0000000292126759449118367229
00.0000000292126759449118367229
00.0000000292126759449118367229
00.0000000292126759449118367229
00.0000000292126759449118367229
00.0000000292126759449118367229
00.0000000292126759449118367229
00.0000000292126759449118367229
00.0000000292126759449118367229
00.0000000292126759449118367229
00.0000000292126759449118367229
00.0000000292126759449118367229
00.0000000292126759449118367229
00.0000000292126759449118367229
00.0000000292126759449118367229
00.0000000292126759449118367229
00.0000000292126759449118367229
00.0000000292126759449118367229
00.0000000292126759449118367229
00.0000000292126759449118367229
00.0000000292126759449118367229
00.0000000292126759449118367229
00.0000000292126759449118367229
00.0000000292126759449118367229
00.0000000292126759449118367229
00.0000000292126759449118367229
00.0000000292126759449118367229
00.0000000292126759449118367229
00.0000000292126759449118367229
00.0000000292126759449118367229
00.0000000292126759449118367229
00.0000000292126759449118367229
00.0000000292126759449118367229
00.0000000292126759449118367229
00.0000000292126759449118367229
00.0000000292126759449118367229
00.0000000292126759449118367229
00.0000000292126759449118367229
00.0000000292126759449118367229
00.0000000292126759449118367229
00.0000000292126759449118367229
00.0000000292126759449118367229
00.0000000292126759449118367229
00.0000000292126759449118367229
00.0000000292126759449118367229
00.0000000292126759449118367229
00.0000000292126759449118367229
00.0000000292126759449118367229
00.0000000292126759449118367229
00.0000000292126759449118367229
00.0000000292126759449118367229
00.0000000292126759449118367229
00.0000000292126759449118367229
00.0000000292126759449118367229
00.0000000292126759449118367229
00.0000000292126759449118367229
00.0000000292126759449118367229
00.0000000292126759449118367229
00.0000000292126759449118367229
00.0000000292126759449118367229
00.0000000292126759449118367229
00.0000000292126759449118367229
00.0000000292126759449118367229
00.0000000292126759449118367229
00.0000000292126759449118367229
00.0000000292126759449118367229
00.0000000292126759449118367229
00.0000000292126759449118367229
00.0000000292126759449118367229
00.0000000292126759449118367229
00.0000000292126759449118367229
00.0000000292126759449118367229
00.0000000292126759449118367229
00.0000000292126759449118367229
00.0000000292126759449118367229
00.0000000292126759449118367229
00.0000000292126759449118367229
00.0000000292126759449118367229
00.0000000292126759449118367229
00.0000000292126759449118367229
00.0000000292126759449118367229
00.0000000292126759449118367229
00.0000000292126759449118367229
00.0000000292126759449118367229
00.0000000292126759449118367229
00.0000000292126759449118367229
00.0000000292126759449118367229
00.0000000292126759449118367229
00.0000000292126759449118367229
00.0000000292126759449118367229
00.0000000292126759449118367229
00.0000000292126759449118367229
00.0000000292126759449118367229
00.0000000292126759449118367229
00.0000000292126759449118367229
00.0000000292126759449118367229
00.0000000292126759449118367229
00.0000000292126759449118367229
00.0000000292126759449118367229
00.0000000292126759449118367229
00.0000000292126759449118367229
00.0000000292126759449118367229
00.0000000292126759449118367229
00.0000000292126759449118367229
00.0000000292126759449118367229
00.0000000292126759449118367229
00.0000000292126759449118367229
00.0000000292126759449118367229
00.0000000292126759449118367229
00.0000000292126759449118367229
00.0000000292126759449118367229
00.0000000292126759449118367229
00.0000000292126759449118367229
00.0000000292126759449118367229
00.0000000292126759449118367229
00.0000000292126759449118367229
00.0000000292126759449118367229
00.0000000292126759449118367229
00.0000000292126759449118367229
00.0000000292126759449118367229
00.0000000292126759449118367229
00.0000000292126759449118367229
00.0000000292126759449118367229
00.0000000292126759449118367229
00.0000000292126759449118367229
00.0000000292126759449118367229
00.0000000292126759449118367229
00.0000000292126759449118367229
00.0000000292126759449118367229
00.0000000292126759449118367229
00.0000000292126759449118367229
00.0000000292126759449118367229
00.0000000292126759449118367229
00.0000000292126759449118367229
00.0000000292126759449118367229
00.0000000292126759449118367229
00.0000000292126759449118367229
00.0000000292126759449118367229
00.0000000292126759449118367229
00.0000000292126759449118367229
00.0000000292126759449118367229
00.0000000292126759449118367229
00.0000000292126759449118367229
00.0000000292126759449118367229
00.0000000292126759449118367229
00.0000000292126759449118367229
00.0000000292126759449118367229
00.0000000292126759449118367229
00.0000000292126759449118367229
00.0000000292126759449118367229
00.0000000292126759449118367229
00.0000000292126759449118367229
00.0000000292126759449118367229
00.0000000292126759449118367229
00.0000000292126759449118367229
00.0000000292126759449118367229
00.0000000292126759449118367229
00.0000000292126759449118367229
00.0000000292126759449118367229
00.0000000292126759449118367229
00.0000000292126759449118367229
00.0000000292126759449118367229
00.0000000292126759449118367229
00.0000000292126759449118367229
00.0000000292126759449118367229
00.0000000292126759449118367229
00.0000000292126759449118367229
00.0000000292126759449118367229
00.0000000292126759449118367229
00.0000000292126759449118367229
00.0000000292126759449118367229
00.0000000292126759449118367229
00.0000000292126759449118367229
00.0000000292126759449118367229
00.0000000292126759449118367229
00.0000000292126759449118367229
00.0000000292126759449118367229
00.0000000292126759449118367229
00.0000000292126759449118367229
00.0000000292126759449118367229
00.0000000292126759449118367229
00.0000000292126759449118367229
00.0000000292126759449118367229
00.0000000292126759449118367229
00.0000000292126759449118367229
00.0000000292126759449118367229
00.0000000292126759449118367229
00.0000000292126759449118367229
00.0000000292126759449118367229
00.0000000292126759449118367229
00.0000000292126759449118367229
00.0000000292126759449118367229
00.0000000292126759449118367229
00.0000000292126759449118367229
00.0000000292126759449118367229
00.0000000292126759449118367229
00.0000000292126759449118367229
00.0000000292126759449118367229
00.0000000292126759449118367229
00.0000000292126759449118367229
00.0000000292126759449118367229
00.0000000292126759449118367229
00.0000000292126759449118367229
00.0000000292126759449118367229
00.0000000292126759449118367229
00.0000000292126759449118367229
00.0000000292126759449118367229
00.0000000292126759449118367229
00.0000000292126759449118367229
00.0000000292126759449118367229
00.0000000292126759449118367229
00.0000000292126759449118367229
00.0000000292126759449118367229
00.0000000292126759449118367229
00.0000000292126759449118367229
00.0000000292126759449118367229
00.0000000292126759449118367229
00.0000000292126759449118367229
00.0000000292126759449118367229
00.0000000292126759449118367229
00.0000000292126759449118367229
00.0000000292126759449118367229
00.0000000292126759449118367229
00.0000000292126759449118367229
00.0000000292126759449118367229
00.0000000292126759449118367229
00.0000000292126759449118367229
00.0000000292126759449118367229
00.0000000292126759449118367229
00.0000000292126759449118367229
00.0000000292126759449118367229
00.0000000292126759449118367229
00.0000000292126759449118367229
00.0000000292126759449118367229
00.0000000292126759449118367229
00.0000000292126759449118367229
00.0000000292126759449118367229
00.0000000292126759449118367229
00.0000000292126759449118367229
00.0000000292126759449118367229
00.0000000292126759449118367229
00.0000000292126759449118367229
00.0000000292126759449118367229
00.0000000292126759449118367229
00.0000000292126759449118367229
00.0000000292126759449118367229
00.0000000292126759449118367229
00.0000000292126759449118367229
00.0000000292126759449118367229
00.0000000292126759449118367229
00.0000000292126759449118367229
00.0000000292126759449118367229
00.0000000292126759449118367229
00.0000000292126759449118367229
00.0000000292126759449118367229
00.0000000292126759449118367229
00.0000000292126759449118367229
00.0000000292126759449118367229
00.0000000292126759449118367229
00.0000000292126759449118367229
00.0000000292126759449118367229
00.0000000292126759449118367229
00.0000000292126759449118367229
00.0000000292126759449118367229
00.0000000292126759449118367229
00.0000000292126759449118367229
00.0000000292126759449118367229
00.0000000292126759449118367229
00.0000000292126759449118367229
00.0000000292126759449118367229
00.0000000292126759449118367229
00.0000000292126759449118367229
00.0000000292126759449118367229
00.0000000292126759449118367229
00.0000000292126759449118367229
00.0000000292126759449118367229
00.0000000292126759449118367229
00.0000000292126759449118367229
00.0000000292126759449118367229
00.0000000292126759449118367229
00.0000000292126759449118367229
00.0000000292126759449118367229
00.0000000292126759449118367229
00.0000000292126759449118367229
00.0000000292126759449118367229
00.0000000292126759449118367229
00.0000000292126759449118367229
00.0000000292126759449118367229
00.0000000292126759449118367229
00.0000000292126759449118367229
00.0000000292126759449118367229
00.0000000292126759449118367229
00.0000000292126759449118367229
00.0000000292126759449118367229
00.0000000292126759449118367229
00.0000000292126759449118367229
00.0000000292126759449118367229
00.0000000292126759449118367229
00.0000000292126759449118367229
00.0000000292126759449118367229
00.0000000292126759449118367229
00.0000000292126759449118367229
00.0000000292126759449118367229
00.0000000292126759449118367229
00.0000000292126759449118367229
00.0000000292126759449118367229
00.0000000292126759449118367229
00.0000000292126759449118367229
00.0000000292126759449118367229
00.0000000292126759449118367229
00.0000000292126759449118367229
00.0000000292126759449118367229
00.0000000292126759449118367229
00.0000000292126759449118367229
00.0000000292126759449118367229
00.0000000292126759449118367229
00.0000000292126759449118367229
00.0000000292126759449118367229
00.0000000292126759449118367229
00.0000000292126759449118367229
00.0000000292126759449118367229
00.0000000292126759449118367229
00.0000000292126759449118367229
00.0000000292126759449118367229
00.0000000292126759449118367229
00.0000000292126759449118367229
00.0000000292126759449118367229
00.0000000292126759449118367229
00.0000000292126759449118367229
00.0000000292126759449118367229
00.0000000292126759449118367229
00.0000000292126759449118367229
00.0000000292126759449118367229
00.0000000292126759449118367229
00.0000000292126759449118367229
00.0000000292126759449118367229
00.0000000292126759449118367229
00.0000000292126759449118367229
00.0000000292126759449118367229
00.0000000292126759449118367229
00.0000000292126759449118367229
00.0000000292126759449118367229
00.0000000292126759449118367229
00.0000000292126759449118367229
00.0000000292126759449118367229
00.0000000292126759449118367229
00.0000000292126759449118367229
00.0000000292126759449118367229
00.0000000292126759449118367229
00.0000000292126759449118367229
00.0000000292126759449118367229
00.0000000292126759449118367229
00.0000000292126759449118367229
00.0000000292126759449118367229
00.0000000292126759449118367229
00.0000000292126759449118367229
00.0000000292126759449118367229
00.0000000292126759449118367229
00.0000000292126759449118367229
00.0000000292126759449118367229
00.0000000292126759449118367229
00.0000000292126759449118367229
00.0000000292126759449118367229
00.0000000292126759449118367229
00.0000000292126759449118367229
00.0000000292126759449118367229
00.0000000292126759449118367229
00.0000000292126759449118367229
00.0000000292126759449118367229
00.0000000292126759449118367229
00.0000000292126759449118367229
00.0000000292126759449118367229
00.0000000292126759449118367229
00.0000000292126759449118367229
00.0000000292126759449118367229
00.0000000292126759449118367229
00.0000000292126759449118367229
00.0000000292126759449118367229
00.0000000292126759449118367229
00.0000000292126759449118367229
00.0000000292126759449118367229
00.0000000292126759449118367229
00.0000000292126759449118367229
00.0000000292126759449118367229
00.0000000292126759449118367229
00.0000000292126759449118367229
00.0000000292126759449118367229
00.0000000292126759449118367229
00.0000000292126759449118367229
00.0000000292126759449118367229
00.0000000292126759449118367229
00.0000000292126759449118367229
00.0000000292126759449118367229
00.0000000292126759449118367229
00.0000000292126759449118367229
00.0000000292126759449118367229
00.0000000292126759449118367229
00.0000000292126759449118367229
00.0000000292126759449118367229
00.0000000292126759449118367229
00.0000000292126759449118367229
00.0000000292126759449118367229
00.0000000292126759449118367229
00.0000000292126759449118367229
00.0000000292126759449118367229
00.0000000292126759449118367229
00.0000000292126759449118367229
00.0000000292126759449118367229
00.0000000292126759449118367229
00.0000000292126759449118367229
00.0000000292126759449118367229
00.0000000292126759449118367229
00.0000000292126759449118367229
00.0000000292126759449118367229
00.0000000292126759449118367229
00.0000000292126759449118367229
00.0000000292126759449118367229
00.0000000292126759449118367229
00.0000000292126759449118367229
00.0000000292126759449118367229
00.0000000292126759449118367229
00.0000000292126759449118367229
00.0000000292126759449118367229
00.0000000292126759449118367229
00.0000000292126759449118367229
00.0000000292126759449118367229
00.0000000292126759449118367229
00.0000000292126759449118367229
00.0000000292126759449118367229
00.0000000292126759449118367229
00.0000000292126759449118367229
00.0000000292126759449118367229
00.0000000292126759449118367229
00.0000000292126759449118367229
00.0000000292126759449118367229
00.0000000292126759449118367229
00.0000000292126759449118367229
00.0000000292126759449118367229
00.0000000292126759449118367229
00.0000000292126759449118367229
00.0000000292126759449118367229
00.0000000292126759449118367229
00.0000000292126759449118367229
00.0000000292126759449118367229
00.0000000292126759449118367229
00.0000000292126759449118367229
00.0000000292126759449118367229
00.0000000292126759449118367229
00.0000000292126759449118367229
00.0000000292126759449118367229
00.0000000292126759449118367229
00.0000000292126759449118367229
00.0000000292126759449118367229
00.0000000292126759449118367229
00.0000000292126759449118367229
00.0000000292126759449118367229
00.0000000292126759449118367229
00.0000000292126759449118367229
00.0000000292126759449118367229
00.0000000292126759449118367229
00.0000000292126759449118367229
00.0000000292126759449118367229
00.0000000292126759449118367229
00.0000000292126759449118367229
00.0000000292126759449118367229
00.0000000292126759449118367229
00.0000000292126759449118367229
00.0000000292126759449118367229
00.0000000292126759449118367229
00.0000000292126759449118367229
00.0000000292126759449118367229
00.0000000292126759449118367229
00.0000000292126759449118367229
00.0000000292126759449118367229
00.0000000292126759449118367229
00.0000000292126759449118367229
00.0000000292126759449118367229
00.0000000292126759449118367229
00.0000000292126759449118367229
00.0000000292126759449118367229
00.0000000292126759449118367229
00.0000000292126759449118367229
00.0000000292126759449118367229
00.0000000292126759449118367229
00.0000000292126759449118367229
00.0000000292126759449118367229
00.0000000292126759449118367229
00.0000000292126759449118367229
00.0000000292126759449118367229
00.0000000292126759449118367229
00.0000000292126759449118367229
00.0000000292126759449118367229
00.0000000292126759449118367229
00.0000000292126759449118367229
00.0000000292126759449118367229
00.0000000292126759449118367229
00.0000000292126759449118367229
00.0000000292126759449118367229
00.0000000292126759449118367229
00.0000000292126759449118367229
00.0000000292126759449118367229
00.0000000292126759449118367229
00.0000000292126759449118367229
00.0000000292126759449118367229
00.0000000292126759449118367229
00.0000000292126759449118367229
00.0000000292126759449118367229
00.0000000292126759449118367229
00.0000000292126759449118367229
00.0000000292126759449118367229
00.0000000292126759449118367229
00.0000000292126759449118367229
00.0000000292126759449118367229
00.0000000292126759449118367229
00.0000000292126759449118367229
00.0000000292126759449118367229
00.0000000292126759449118367229
00.0000000292126759449118367229
00.0000000292126759449118367229
00.0000000292126759449118367229
00.0000000292126759449118367229
00.0000000292126759449118367229
00.0000000292126759449118367229
00.0000000292126759449118367229
00.0000000292126759449118367229
00.0000000292126759449118367229
00.0000000292126759449118367229
00.0000000292126759449118367229
00.0000000292126759449118367229
00.0000000292126759449118367229
00.0000000292126759449118367229
00.0000000292126759449118367229
00.0000000292126759449118367229
00.0000000292126759449118367229
00.0000000292126759449118367229
00.0000000292126759449118367229
00.0000000292126759449118367229
00.0000000292126759449118367229
00.0000000292126759449118367229
00.0000000292126759449118367229
00.0000000292126759449118367229
00.0000000292126759449118367229
00.0000000292126759449118367229
00.0000000292126759449118367229
00.0000000292126759449118367229
00.0000000292126759449118367229
00.0000000292126759449118367229
00.0000000292126759449118367229
00.0000000292126759449118367229
00.0000000292126759449118367229
00.0000000292126759449118367229
00.0000000292126759449118367229
00.0000000292126759449118367229
00.0000000292126759449118367229
00.0000000292126759449118367229
00.0000000292126759449118367229
00.0000000292126759449118367229
00.0000000292126759449118367229
00.0000000292126759449118367229
00.0000000292126759449118367229
00.0000000292126759449118367229
00.0000000292126759449118367229
00.0000000292126759449118367229
00.0000000292126759449118367229
00.0000000292126759449118367229
00.0000000292126759449118367229
00.0000000292126759449118367229
00.0000000292126759449118367229
00.0000000292126759449118367229
00.0000000292126759449118367229
00.0000000292126759449118367229
00.0000000292126759449118367229
00.0000000292126759449118367229
00.0000000292126759449118367229
00.0000000292126759449118367229
00.0000000292126759449118367229
00.0000000292126759449118367229
00.0000000292126759449118367229
00.0000000292126759449118367229
00.0000000292126759449118367229
00.0000000292126759449118367229
00.0000000292126759449118367229
00.0000000292126759449118367229
00.0000000292126759449118367229
00.0000000292126759449118367229
00.0000000292126759449118367229
00.0000000292126759449118367229
00.0000000292126759449118367229
00.0000000292126759449118367229
00.0000000292126759449118367229
00.0000000292126759449118367229
00.0000000292126759449118367229
00.0000000292126759449118367229
00.0000000292126759449118367229
00.0000000292126759449118367229
00.0000000292126759449118367229
00.0000000292126759449118367229
00.0000000292126759449118367229
00.0000000292126759449118367229
00.0000000292126759449118367229
00.0000000292126759449118367229
00.0000000292126759449118367229
00.0000000292126759449118367229
00.0000000292126759449118367229
00.0000000292126759449118367229
00.0000000292126759449118367229
00.0000000292126759449118367229
00.0000000292126759449118367229
00.0000000292126759449118367229
00.0000000292126759449118367229
00.0000000292126759449118367229
00.0000000292126759449118367229
00.0000000292126759449118367229
00.0000000292126759449118367229
00.0000000292126759449118367229
00.0000000292126759449118367229
00.0000000292126759449118367229
00.0000000292126759449118367229
00.0000000292126759449118367229
00.0000000292126759449118367229
00.0000000292126759449118367229
00.0000000292126759449118367229
00.0000000292126759449118367229
00.0000000292126759449118367229
00.0000000292126759449118367229
00.0000000292126759449118367229
00.0000000292126759449118367229
00.0000000292126759449118367229
00.0000000292126759449118367229
00.0000000292126759449118367229
00.0000000292126759449118367229
00.0000000292126759449118367229
00.0000000292126759449118367229
00.0000000292126759449118367229
00.0000000292126759449118367229
00.0000000292126759449118367229
00.0000000292126759449118367229
00.0000000292126759449118367229
00.0000000292126759449118367229
00.0000000292126759449118367229
00.0000000292126759449118367229
00.0000000292126759449118367229
00.0000000292126759449118367229
00.0000000292126759449118367229
00.0000000292126759449118367229
00.0000000292126759449118367229
00.0000000292126759449118367229
00.0000000292126759449118367229
00.0000000292126759449118367229
00.0000000292126759449118367229
00.0000000292126759449118367229
00.0000000292126759449118367229
00.0000000292126759449118367229
00.0000000292126759449118367229
00.0000000292126759449118367229
00.0000000292126759449118367229
00.0000000292126759449118367229
00.0000000292126759449118367229
00.0000000292126759449118367229
00.0000000292126759449118367229
00.0000000292126759449118367229
00.0000000292126759449118367229
00.0000000292126759449118367229
00.0000000292126759449118367229
00.0000000292126759449118367229
00.0000000292126759449118367229
00.0000000292126759449118367229
00.0000000292126759449118367229
00.0000000292126759449118367229
00.0000000292126759449118367229
00.0000000292126759449118367229
00.0000000292126759449118367229
00.0000000292126759449118367229
00.0000000292126759449118367229
00.0000000292126759449118367229
00.0000000292126759449118367229
00.0000000292126759449118367229
00.0000000292126759449118367229
00.0000000292126759449118367229
00.0000000292126759449118367229
00.0000000292126759449118367229
00.0000000292126759449118367229
00.0000000292126759449118367229
00.0000000292126759449118367229
00.0000000292126759449118367229
00.0000000292126759449118367229
00.0000000292126759449118367229
00.0000000292126759449118367229
00.0000000292126759449118367229
00.0000000292126759449118367229
00.0000000292126759449118367229
00.0000000292126759449118367229
00.0000000292126759449118367229
00.0000000292126759449118367229
00.0000000292126759449118367229
00.0000000292126759449118367229
00.0000000292126759449118367229
00.0000000292126759449118367229
00.0000000292126759449118367229
00.0000000292126759449118367229
00.0000000292126759449118367229
00.0000000292126759449118367229
00.0000000292126759449118367229
00.0000000292126759449118367229
00.0000000292126759449118367229
00.0000000292126759449118367229
00.0000000292126759449118367229
00.0000000292126759449118367229
00.0000000292126759449118367229
00.0000000292126759449118367229
00.0000000292126759449118367229
00.0000000292126759449118367229
00.0000000292126759449118367229
00.0000000292126759449118367229
00.0000000292126759449118367229
00.0000000292126759449118367229
00.0000000292126759449118367229
00.0000000292126759449118367229
00.0000000292126759449118367229
00.0000000292126759449118367229
00.0000000292126759449118367229
00.0000000292126759449118367229
00.0000000292126759449118367229
00.0000000292126759449118367229
00.0000000292126759449118367229
00.0000000292126759449118367229
00.0000000292126759449118367229
00.0000000292126759449118367229
00.0000000292126759449118367229
00.0000000292126759449118367229
00.0000000292126759449118367229
00.0000000292126759449118367229
00.0000000292126759449118367229
00.0000000292126759449118367229
00.0000000292126759449118367229
00.0000000292126759449118367229
00.0000000292126759449118367229
00.0000000292126759449118367229
00.0000000292126759449118367229
00.0000000292126759449118367229
00.0000000292126759449118367229
00.0000000292126759449118367229
00.0000000292126759449118367229
00.0000000292126759449118367229
00.0000000292126759449118367229
00.0000000292126759449118367229
00.0000000292126759449118367229
00.0000000292126759449118367229
00.0000000292126759449118367229
00.0000000292126759449118367229
00.0000000292126759449118367229
00.0000000292126759449118367229
00.0000000292126759449118367229
00.0000000292126759449118367229
00.0000000292126759449118367229
00.0000000292126759449118367229
00.0000000292126759449118367229
00.0000000292126759449118367229
00.0000000292126759449118367229
00.0000000292126759449118367229
00.0000000292126759449118367229
00.0000000292126759449118367229
00.0000000292126759449118367229
00.0000000292126759449118367229
00.0000000292126759449118367229
00.0000000292126759449118367229
00.0000000292126759449118367229
00.0000000292126759449118367229
00.0000000292126759449118367229
00.0000000292126759449118367229
00.0000000292126759449118367229
00.0000000292126759449118367229
00.0000000292126759449118367229
00.0000000292126759449118367229
00.0000000292126759449118367229
00.0000000292126759449118367229
00.0000000292126759449118367229
00.0000000292126759449118367229
00.0000000292126759449118367229
00.0000000292126759449118367229
00.0000000292126759449118367229
00.0000000292126759449118367229
00.0000000292126759449118367229
00.0000000292126759449118367229
00.0000000292126759449118367229
00.0000000292126759449118367229
00.0000000292126759449118367229
00.0000000292126759449118367229
00.0000000292126759449118367229
00.0000000292126759449118367229
00.0000000292126759449118367229
00.0000000292126759449118367229
00.0000000292126759449118367229
00.0000000292126759449118367229
00.0000000292126759449118367229
00.0000000292126759449118367229
00.0000000292126759449118367229
00.0000000292126759449118367229
00.0000000292126759449118367229
00.0000000292126759449118367229
00.0000000292126759449118367229
00.0000000292126759449118367229
00.0000000292126759449118367229
00.0000000292126759449118367229
00.0000000292126759449118367229
00.0000000292126759449118367229
00.0000000292126759449118367229
00.0000000292126759449118367229
00.0000000292126759449118367229
00.0000000292126759449118367229
00.0000000292126759449118367229
00.0000000292126759449118367229
00.0000000292126759449118367229
00.0000000292126759449118367229
00.0000000292126759449118367229
00.0000000292126759449118367229
00.0000000292126759449118367229
00.0000000292126759449118367229
00.0000000292126759449118367229
00.0000000292126759449118367229
00.0000000292126759449118367229
00.0000000292126759449118367229
00.0000000292126759449118367229
00.0000000292126759449118367229
00.0000000292126759449118367229
00.0000000292126759449118367229
00.0000000292126759449118367229
00.0000000292126759449118367229
00.0000000292126759449118367229
00.0000000292126759449118367229
00.0000000292126759449118367229
00.0000000292126759449118367229
00.0000000292126759449118367229
00.0000000292126759449118367229
00.0000000292126759449118367229
00.0000000292126759449118367229
00.0000000292126759449118367229
00.0000000292126759449118367229
00.0000000292126759449118367229
00.0000000292126759449118367229
00.0000000292126759449118367229
00.0000000292126759449118367229
00.0000000292126759449118367229
00.0000000292126759449118367229
00.0000000292126759449118367229
00.0000000292126759449118367229
00.0000000292126759449118367229
00.0000000292126759449118367229
00.0000000292126759449118367229
00.0000000292126759449118367229
00.0000000292126759449118367229
00.0000000292126759449118367229
00.0000000292126759449118367229
00.0000000292126759449118367229
00.0000000292126759449118367229
00.0000000292126759449118367229
00.0000000292126759449118367229
00.0000000292126759449118367229
00.0000000292126759449118367229
00.0000000292126759449118367229
00.0000000292126759449118367229
00.0000000292126759449118367229
00.0000000292126759449118367229
00.0000000292126759449118367229
00.0000000292126759449118367229
00.0000000292126759449118367229
00.0000000292126759449118367229
00.0000000292126759449118367229
00.0000000292126759449118367229
00.0000000292126759449118367229
00.0000000292126759449118367229
00.0000000292126759449118367229
00.0000000292126759449118367229
00.0000000292126759449118367229
00.0000000292126759449118367229
00.0000000292126759449118367229
00.0000000292126759449118367229
00.0000000292126759449118367229
00.0000000292126759449118367229
00.0000000292126759449118367229
00.0000000292126759449118367229
00.0000000292126759449118367229
00.0000000292126759449118367229
00.0000000292126759449118367229
00.0000000292126759449118367229
00.0000000292126759449118367229
00.0000000292126759449118367229
00.0000000292126759449118367229
00.0000000292126759449118367229
00.0000000292126759449118367229
00.0000000292126759449118367229
00.0000000292126759449118367229
00.0000000292126759449118367229
00.0000000292126759449118367229
00.0000000292126759449118367229
00.0000000292126759449118367229
00.0000000292126759449118367229
00.0000000292126759449118367229
00.0000000292126759449118367229
00.0000000292126759449118367229
00.0000000292126759449118367229
00.0000000292126759449118367229
00.0000000292126759449118367229
00.0000000292126759449118367229
00.0000000292126759449118367229
00.0000000292126759449118367229
00.0000000292126759449118367229
00.0000000292126759449118367229
00.0000000292126759449118367229
00.0000000292126759449118367229
00.0000000292126759449118367229
00.0000000292126759449118367229
00.0000000292126759449118367229
00.0000000292126759449118367229
00.0000000292126759449118367229
00.0000000292126759449118367229
00.0000000292126759449118367229
00.0000000292126759449118367229
00.0000000292126759449118367229
00.0000000292126759449118367229
00.0000000292126759449118367229
00.0000000292126759449118367229
00.0000000292126759449118367229
00.0000000292126759449118367229
00.0000000292126759449118367229
00.0000000292126759449118367229
00.0000000292126759449118367229
00.0000000292126759449118367229
00.0000000292126759449118367229
00.0000000292126759449118367229
00.0000000261698617221028939639
00.0000000261698617221028939639
00.0000000261698617221028939639
00.0000000261698617221028939639
00.0000000261698617221028939639
00.0000000261698617221028939639
00.0000000261698617221028939639
00.0000000261698617221028939639
00.0000000261698617221028939639
00.0000000261698617221028939639
00.0000000261698617221028939639
00.0000000261698617221028939639
00.0000000261698617221028939639
00.0000000261698617221028939639
00.0000000261698617221028939639
00.0000000261698617221028939639
00.0000000261698617221028939639
00.0000000261698617221028939639
00.0000000261698617221028939639
00.0000000261698617221028939639
00.0000000261698617221028939639
00.0000000261698617221028939639
00.0000000261698617221028939639
00.0000000261698617221028939639
00.0000000261698617221028939639
00.0000000261698617221028939639
00.0000000261698617221028939639
00.0000000261698617221028939639
00.0000000261698617221028939639
00.0000000261698617221028939639
00.0000000261698617221028939639
00.0000000261698617221028939639
00.0000000261698617221028939639
00.0000000261698617221028939639
00.0000000261698617221028939639
00.0000000261698617221028939639
00.0000000261698617221028939639
00.0000000261698617221028939639
00.0000000261698617221028939639
00.0000000261698617221028939639
00.0000000261698617221028939639
00.0000000261698617221028939639
00.0000000261698617221028939639
00.0000000261698617221028939639
00.0000000261698617221028939639
00.0000000261698617221028939639
00.0000000261698617221028939639
00.0000000261698617221028939639
00.0000000261698617221028939639
00.0000000261698617221028939639
00.0000000261698617221028939639
00.0000000261698617221028939639
00.0000000261698617221028939639
00.0000000261698617221028939639
00.0000000261698617221028939639
00.0000000261698617221028939639
00.0000000261698617221028939639
00.0000000261698617221028939639
00.0000000261698617221028939639
00.0000000261698617221028939639
00.0000000261698617221028939639
00.0000000261698617221028939639
00.0000000261698617221028939639
00.0000000261698617221028939639
00.0000000261698617221028939639
00.0000000261698617221028939639
00.0000000261698617221028939639
00.0000000261698617221028939639
00.0000000261698617221028939639
00.0000000261698617221028939639
00.0000000261698617221028939639
00.0000000261698617221028939639
00.0000000261698617221028939639
00.0000000261698617221028939639
00.0000000261698617221028939639
00.0000000261698617221028939639
00.0000000261698617221028939639
00.0000000261698617221028939639
00.0000000261698617221028939639
00.0000000261698617221028939639
00.0000000261698617221028939639
00.0000000261698617221028939639
00.0000000261698617221028939639
00.0000000261698617221028939639
00.0000000261698617221028939639
00.0000000261698617221028939639
00.0000000261698617221028939639
00.0000000261698617221028939639
00.0000000261698617221028939639
00.0000000261698617221028939639
00.0000000261698617221028939639
00.0000000261698617221028939639
00.0000000261698617221028939639
00.0000000261698617221028939639
00.0000000261698617221028939639
00.0000000261698617221028939639
00.0000000261698617221028939639
00.0000000261698617221028939639
00.0000000261698617221028939639
00.0000000261698617221028939639
00.0000000261698617221028939639
00.0000000261698617221028939639
00.0000000261698617221028939639
00.0000000261698617221028939639
00.0000000261698617221028939639
00.0000000261698617221028939639
00.0000000261698617221028939639
00.0000000261698617221028939639
00.0000000261698617221028939639
00.0000000261698617221028939639
00.0000000261698617221028939639
00.0000000261698617221028939639
00.0000000261698617221028939639
00.0000000261698617221028939639
00.0000000261698617221028939639
00.0000000261698617221028939639
00.0000000261698617221028939639
00.0000000261698617221028939639
00.0000000261698617221028939639
00.0000000261698617221028939639
00.0000000261698617221028939639
00.0000000261698617221028939639
00.0000000261698617221028939639
00.0000000261698617221028939639
00.0000000261698617221028939639
00.0000000261698617221028939639
00.0000000261698617221028939639
00.0000000261698617221028939639
00.0000000261698617221028939639
00.0000000261698617221028939639
00.0000000261698617221028939639
00.0000000261698617221028939639
00.0000000261698617221028939639
00.0000000261698617221028939639
00.0000000261698617221028939639
00.0000000261698617221028939639
00.0000000261698617221028939639
00.0000000261698617221028939639
00.0000000261698617221028939639
00.0000000261698617221028939639
00.0000000261698617221028939639
00.0000000261698617221028939639
00.0000000261698617221028939639
00.0000000261698617221028939639
00.0000000261698617221028939639
00.0000000261698617221028939639
00.0000000261698617221028939639
00.0000000261698617221028939639
00.0000000261698617221028939639
00.0000000261698617221028939639
00.0000000261698617221028939639
00.0000000261698617221028939639
00.0000000261698617221028939639
00.0000000261698617221028939639
00.0000000261698617221028939639
00.0000000261698617221028939639
00.0000000261698617221028939639
00.0000000261698617221028939639
00.0000000261698617221028939639
00.0000000261698617221028939639
00.0000000261698617221028939639
00.0000000261698617221028939639
00.0000000261698617221028939639
00.0000000261698617221028939639
00.0000000261698617221028939639
00.0000000261698617221028939639
00.0000000261698617221028939639
00.0000000261698617221028939639
00.0000000261698617221028939639
00.0000000261698617221028939639
00.0000000261698617221028939639
00.0000000261698617221028939639
00.0000000261698617221028939639
00.0000000261698617221028939639
00.0000000261698617221028939639
00.0000000261698617221028939639
00.0000000261698617221028939639
00.0000000261698617221028939639
00.0000000261698617221028939639
00.0000000261698617221028939639
00.0000000261698617221028939639
00.0000000261698617221028939639
00.0000000261698617221028939639
00.0000000261698617221028939639
00.0000000261698617221028939639
00.0000000261698617221028939639
00.0000000261698617221028939639
00.0000000261698617221028939639
00.0000000261698617221028939639
00.0000000261698617221028939639
00.0000000261698617221028939639
00.0000000261698617221028939639
00.0000000261698617221028939639
00.0000000261698617221028939639
00.0000000261698617221028939639
00.0000000261698617221028939639
00.0000000261698617221028939639
00.0000000261698617221028939639
00.0000000261698617221028939639
00.0000000261698617221028939639
00.0000000261698617221028939639
00.0000000261698617221028939639
00.0000000261698617221028939639
00.0000000261698617221028939639
00.0000000261698617221028939639
00.0000000261698617221028939639
00.0000000261698617221028939639
00.0000000261698617221028939639
00.0000000261698617221028939639
00.0000000261698617221028939639
00.0000000261698617221028939639
00.0000000261698617221028939639
00.0000000261698617221028939639
00.0000000261698617221028939639
00.0000000261698617221028939639
00.0000000261698617221028939639
00.0000000261698617221028939639
00.0000000261698617221028939639
00.0000000261698617221028939639
00.0000000261698617221028939639
00.0000000261698617221028939639
00.0000000261698617221028939639
00.0000000261698617221028939639
00.0000000261698617221028939639
00.0000000261698617221028939639
00.0000000261698617221028939639
00.0000000261698617221028939639
00.0000000261698617221028939639
00.0000000261698617221028939639
00.0000000261698617221028939639
00.0000000261698617221028939639
00.0000000261698617221028939639
00.0000000261698617221028939639
00.0000000261698617221028939639
00.0000000261698617221028939639
00.0000000261698617221028939639
00.0000000261698617221028939639
00.0000000261698617221028939639
00.0000000261698617221028939639
00.0000000261698617221028939639
00.0000000261698617221028939639
00.0000000261698617221028939639
00.0000000261698617221028939639
00.0000000261698617221028939639
00.0000000261698617221028939639
00.0000000261698617221028939639
00.0000000261698617221028939639
00.0000000261698617221028939639
00.0000000261698617221028939639
00.0000000261698617221028939639
00.0000000261698617221028939639
00.0000000261698617221028939639
00.0000000261698617221028939639
00.0000000261698617221028939639
00.0000000261698617221028939639
00.0000000261698617221028939639
00.0000000261698617221028939639
00.0000000261698617221028939639
00.0000000261698617221028939639
00.0000000261698617221028939639
00.0000000261698617221028939639
00.0000000261698617221028939639
00.0000000261698617221028939639
00.0000000261698617221028939639
00.0000000261698617221028939639
00.0000000261698617221028939639
00.0000000261698617221028939639
00.0000000261698617221028939639
00.0000000261698617221028939639
00.0000000261698617221028939639
00.0000000261698617221028939639
00.0000000261698617221028939639
00.0000000261698617221028939639
00.0000000261698617221028939639
00.0000000261698617221028939639
00.0000000261698617221028939639
00.0000000261698617221028939639
00.0000000261698617221028939639
00.0000000261698617221028939639
00.0000000261698617221028939639
00.0000000261698617221028939639
00.0000000261698617221028939639
00.0000000261698617221028939639
00.0000000261698617221028939639
00.0000000261698617221028939639
00.0000000261698617221028939639
00.0000000261698617221028939639
00.0000000261698617221028939639
00.0000000261698617221028939639
00.0000000261698617221028939639
00.0000000261698617221028939639
00.0000000261698617221028939639
00.0000000261698617221028939639
00.0000000261698617221028939639
00.0000000261698617221028939639
00.0000000261698617221028939639
00.0000000261698617221028939639
00.0000000261698617221028939639
00.0000000261698617221028939639
00.0000000261698617221028939639
00.0000000261698617221028939639
00.0000000261698617221028939639
00.0000000261698617221028939639
00.0000000261698617221028939639
00.0000000261698617221028939639
00.0000000261698617221028939639
00.0000000261698617221028939639
00.0000000261698617221028939639
00.0000000261698617221028939639
00.0000000261698617221028939639
00.0000000261698617221028939639
00.0000000261698617221028939639
00.0000000261698617221028939639
00.0000000261698617221028939639
00.0000000261698617221028939639
00.0000000261698617221028939639
00.0000000261698617221028939639
00.0000000261698617221028939639
00.0000000261698617221028939639
00.0000000261698617221028939639
00.0000000261698617221028939639
00.0000000261698617221028939639
00.0000000261698617221028939639
00.0000000261698617221028939639
00.0000000261698617221028939639
00.0000000261698617221028939639
00.0000000261698617221028939639
00.0000000261698617221028939639
00.0000000261698617221028939639
00.0000000261698617221028939639
00.0000000261698617221028939639
00.0000000261698617221028939639
00.0000000261698617221028939639
00.0000000261698617221028939639
00.0000000261698617221028939639
00.0000000261698617221028939639
00.0000000261698617221028939639
00.0000000261698617221028939639
00.0000000261698617221028939639
00.0000000261698617221028939639
00.0000000261698617221028939639
00.0000000261698617221028939639
00.0000000261698617221028939639
00.0000000261698617221028939639
00.0000000261698617221028939639
00.0000000261698617221028939639
00.0000000261698617221028939639
00.0000000261698617221028939639
00.0000000261698617221028939639
00.0000000261698617221028939639
00.0000000261698617221028939639
00.0000000261698617221028939639
00.0000000261698617221028939639
00.0000000261698617221028939639
00.0000000261698617221028939639
00.0000000261698617221028939639
00.0000000261698617221028939639
00.0000000261698617221028939639
00.0000000261698617221028939639
00.0000000261698617221028939639
00.0000000261698617221028939639
00.0000000261698617221028939639
00.0000000261698617221028939639
00.0000000261698617221028939639
00.0000000261698617221028939639
00.0000000261698617221028939639
00.0000000261698617221028939639
00.0000000261698617221028939639
00.0000000261698617221028939639
00.0000000261698617221028939639
00.0000000261698617221028939639
00.0000000261698617221028939639
00.0000000261698617221028939639
00.0000000261698617221028939639
00.0000000261698617221028939639
00.0000000261698617221028939639
00.0000000261698617221028939639
00.0000000261698617221028939639
00.0000000261698617221028939639
00.0000000261698617221028939639
00.0000000261698617221028939639
00.0000000261698617221028939639
00.0000000261698617221028939639
00.0000000261698617221028939639
00.0000000261698617221028939639
00.0000000261698617221028939639
00.0000000261698617221028939639
00.0000000261698617221028939639
00.0000000261698617221028939639
00.0000000261698617221028939639
00.0000000261698617221028939639
00.0000000261698617221028939639
00.0000000261698617221028939639
00.0000000261698617221028939639
00.0000000261698617221028939639
00.0000000261698617221028939639
00.0000000261698617221028939639
00.0000000261698617221028939639
00.0000000261698617221028939639
00.0000000261698617221028939639
00.0000000261698617221028939639
00.0000000261698617221028939639
00.0000000261698617221028939639
00.0000000261698617221028939639
00.0000000261698617221028939639
00.0000000261698617221028939639
00.0000000261698617221028939639
00.0000000261698617221028939639
00.0000000261698617221028939639
00.0000000261698617221028939639
00.0000000261698617221028939639
00.0000000261698617221028939639
00.0000000261698617221028939639
00.0000000261698617221028939639
00.0000000261698617221028939639
00.0000000261698617221028939639
00.0000000261698617221028939639
00.0000000261698617221028939639
00.0000000261698617221028939639
00.0000000261698617221028939639
00.0000000261698617221028939639
00.0000000261698617221028939639
00.0000000261698617221028939639
00.0000000261698617221028939639
00.0000000261698617221028939639
00.0000000261698617221028939639
00.0000000261698617221028939639
00.0000000261698617221028939639
00.0000000261698617221028939639
00.0000000261698617221028939639
00.0000000261698617221028939639
00.0000000261698617221028939639
00.0000000261698617221028939639
00.0000000261698617221028939639
00.0000000261698617221028939639
00.0000000261698617221028939639
00.0000000261698617221028939639
00.0000000261698617221028939639
00.0000000261698617221028939639
00.0000000261698617221028939639
00.0000000261698617221028939639
00.0000000261698617221028939639
00.0000000261698617221028939639
00.0000000261698617221028939639
00.0000000261698617221028939639
00.0000000261698617221028939639
00.0000000261698617221028939639
00.0000000261698617221028939639
00.0000000261698617221028939639
00.0000000261698617221028939639
00.0000000261698617221028939639
00.0000000261698617221028939639
00.0000000261698617221028939639
00.0000000261698617221028939639
00.0000000261698617221028939639
00.0000000261698617221028939639
00.0000000261698617221028939639
00.0000000261698617221028939639
00.0000000261698617221028939639
00.0000000261698617221028939639
00.0000000261698617221028939639
00.0000000261698617221028939639
00.0000000261698617221028939639
00.0000000261698617221028939639
00.0000000261698617221028939639
00.0000000261698617221028939639
00.0000000261698617221028939639
00.0000000261698617221028939639
00.0000000261698617221028939639
00.0000000261698617221028939639
00.0000000261698617221028939639
00.0000000261698617221028939639
00.0000000261698617221028939639
00.0000000261698617221028939639
00.0000000261698617221028939639
00.0000000261698617221028939639
00.0000000261698617221028939639
00.0000000261698617221028939639
00.0000000261698617221028939639
00.0000000261698617221028939639
00.0000000261698617221028939639
00.0000000261698617221028939639
00.0000000261698617221028939639
00.0000000261698617221028939639
00.0000000261698617221028939639
00.0000000261698617221028939639
00.0000000261698617221028939639
00.0000000261698617221028939639
00.0000000261698617221028939639
00.0000000261698617221028939639
00.0000000261698617221028939639
00.0000000261698617221028939639
00.0000000261698617221028939639
00.0000000261698617221028939639
00.0000000261698617221028939639
00.0000000261698617221028939639
00.0000000261698617221028939639
00.0000000261698617221028939639
00.0000000261698617221028939639
00.0000000261698617221028939639
00.0000000261698617221028939639
00.0000000261698617221028939639
00.0000000261698617221028939639
00.0000000261698617221028939639
00.0000000261698617221028939639
00.0000000261698617221028939639
00.0000000261698617221028939639
00.0000000261698617221028939639
00.0000000261698617221028939639
00.0000000261698617221028939639
00.0000000261698617221028939639
00.0000000261698617221028939639
00.0000000261698617221028939639
00.0000000261698617221028939639
00.0000000261698617221028939639
00.0000000261698617221028939639
00.0000000261698617221028939639
00.0000000261698617221028939639
00.0000000261698617221028939639
00.0000000261698617221028939639
00.0000000261698617221028939639
00.0000000261698617221028939639
00.0000000261698617221028939639
00.0000000261698617221028939639
00.0000000261698617221028939639
00.0000000261698617221028939639
00.0000000261698617221028939639
00.0000000261698617221028939639
00.0000000261698617221028939639
00.0000000261698617221028939639
00.0000000261698617221028939639
00.0000000261698617221028939639
00.0000000261698617221028939639
00.0000000261698617221028939639
00.0000000261698617221028939639
00.0000000261698617221028939639
00.0000000261698617221028939639
00.0000000261698617221028939639
00.0000000261698617221028939639
00.0000000261698617221028939639
00.0000000261698617221028939639
00.0000000261698617221028939639
00.0000000261698617221028939639
00.0000000261698617221028939639
00.0000000261698617221028939639
00.0000000261698617221028939639
00.0000000261698617221028939639
00.0000000261698617221028939639
00.0000000261698617221028939639
00.0000000261698617221028939639
00.0000000261698617221028939639
00.0000000261698617221028939639
00.0000000261698617221028939639
00.0000000261698617221028939639
00.0000000261698617221028939639
00.0000000261698617221028939639
00.0000000261698617221028939639
00.0000000261698617221028939639
00.0000000261698617221028939639
00.0000000261698617221028939639
00.0000000261698617221028939639
00.0000000261698617221028939639
00.0000000261698617221028939639
00.0000000261698617221028939639
00.0000000261698617221028939639
00.0000000261698617221028939639
00.0000000261698617221028939639
00.0000000261698617221028939639
00.0000000261698617221028939639
00.0000000261698617221028939639
00.0000000261698617221028939639
00.0000000261698617221028939639
00.0000000261698617221028939639
00.0000000261698617221028939639
00.0000000261698617221028939639
00.0000000261698617221028939639
00.0000000261698617221028939639
00.0000000261698617221028939639
00.0000000261698617221028939639
00.0000000261698617221028939639
00.0000000261698617221028939639
00.0000000261698617221028939639
00.0000000261698617221028939639
00.0000000261698617221028939639
00.0000000261698617221028939639
00.0000000261698617221028939639
00.0000000261698617221028939639
00.0000000261698617221028939639
00.0000000261698617221028939639
00.0000000261698617221028939639
00.0000000261698617221028939639
00.0000000261698617221028939639
00.0000000261698617221028939639
00.0000000261698617221028939639
00.0000000261698617221028939639
00.0000000261698617221028939639
00.0000000261698617221028939639
00.0000000261698617221028939639
00.0000000261698617221028939639
00.0000000261698617221028939639
00.0000000261698617221028939639
00.0000000261698617221028939639
00.0000000261698617221028939639
00.0000000261698617221028939639
00.0000000261698617221028939639
00.0000000261698617221028939639
00.0000000261698617221028939639
00.0000000261698617221028939639
00.0000000261698617221028939639
00.0000000261698617221028939639
00.0000000261698617221028939639
00.0000000261698617221028939639
00.0000000261698617221028939639
00.0000000261698617221028939639
00.0000000261698617221028939639
00.0000000261698617221028939639
00.0000000261698617221028939639
00.0000000261698617221028939639
00.0000000261698617221028939639
00.0000000261698617221028939639
00.0000000261698617221028939639
00.0000000261698617221028939639
00.0000000261698617221028939639
00.0000000261698617221028939639
00.0000000261698617221028939639
00.0000000261698617221028939639
00.0000000261698617221028939639
00.0000000261698617221028939639
00.0000000261698617221028939639
00.0000000261698617221028939639
00.0000000261698617221028939639
00.0000000261698617221028939639
00.0000000261698617221028939639
00.0000000261698617221028939639
00.0000000261698617221028939639
00.0000000261698617221028939639
00.0000000261698617221028939639
00.0000000261698617221028939639
00.0000000261698617221028939639
00.0000000261698617221028939639
00.0000000261698617221028939639
00.0000000261698617221028939639
00.0000000261698617221028939639
00.0000000261698617221028939639
00.0000000261698617221028939639
00.0000000261698617221028939639
00.0000000261698617221028939639
00.0000000261698617221028939639
00.0000000261698617221028939639
00.0000000261698617221028939639
00.0000000261698617221028939639
00.0000000261698617221028939639
00.0000000261698617221028939639
00.0000000261698617221028939639
00.0000000261698617221028939639
00.0000000261698617221028939639
00.0000000261698617221028939639
00.0000000261698617221028939639
00.0000000261698617221028939639
00.0000000261698617221028939639
00.0000000261698617221028939639
00.0000000261698617221028939639
00.0000000261698617221028939639
00.0000000261698617221028939639
00.0000000261698617221028939639
00.0000000261698617221028939639
00.0000000261698617221028939639
00.0000000261698617221028939639
00.0000000261698617221028939639
00.0000000261698617221028939639
00.0000000261698617221028939639
00.0000000261698617221028939639
00.0000000261698617221028939639
00.0000000261698617221028939639
00.0000000261698617221028939639
00.0000000261698617221028939639
00.0000000261698617221028939639
00.0000000261698617221028939639
00.0000000261698617221028939639
00.0000000261698617221028939639
00.0000000261698617221028939639
00.0000000261698617221028939639
00.0000000261698617221028939639
00.0000000261698617221028939639
00.0000000261698617221028939639
00.0000000261698617221028939639
00.0000000261698617221028939639
00.0000000261698617221028939639
00.0000000261698617221028939639
00.0000000261698617221028939639
00.0000000261698617221028939639
00.0000000261698617221028939639
00.0000000261698617221028939639
00.0000000261698617221028939639
00.0000000261698617221028939639
00.0000000261698617221028939639
00.0000000261698617221028939639
00.0000000261698617221028939639
00.0000000261698617221028939639
00.0000000261698617221028939639
00.0000000261698617221028939639
00.0000000261698617221028939639
00.0000000261698617221028939639
00.0000000261698617221028939639
00.0000000261698617221028939639
00.0000000261698617221028939639
00.0000000261698617221028939639
00.0000000261698617221028939639
00.0000000261698617221028939639
00.0000000261698617221028939639
00.0000000261698617221028939639
00.0000000261698617221028939639
00.0000000261698617221028939639
00.0000000261698617221028939639
00.0000000261698617221028939639
00.0000000261698617221028939639
00.0000000261698617221028939639
00.0000000261698617221028939639
00.0000000261698617221028939639
00.0000000261698617221028939639
00.0000000261698617221028939639
00.0000000261698617221028939639
00.0000000261698617221028939639
00.0000000261698617221028939639
00.0000000261698617221028939639
00.0000000261698617221028939639
00.0000000261698617221028939639
00.0000000261698617221028939639
00.0000000261698617221028939639
00.0000000261698617221028939639
00.0000000261698617221028939639
00.0000000261698617221028939639
00.0000000261698617221028939639
00.0000000261698617221028939639
00.0000000261698617221028939639
00.0000000261698617221028939639
00.0000000261698617221028939639
00.0000000261698617221028939639
00.0000000261698617221028939639
00.0000000261698617221028939639
00.0000000261698617221028939639
00.0000000261698617221028939639
00.0000000261698617221028939639
00.0000000261698617221028939639
00.0000000261698617221028939639
00.0000000261698617221028939639
00.0000000261698617221028939639
00.0000000261698617221028939639
00.0000000261698617221028939639
00.0000000261698617221028939639
00.0000000261698617221028939639
00.0000000261698617221028939639
00.0000000261698617221028939639
00.0000000261698617221028939639
00.0000000261698617221028939639
00.0000000261698617221028939639
00.0000000261698617221028939639
00.0000000261698617221028939639
00.0000000261698617221028939639
00.0000000261698617221028939639
00.0000000261698617221028939639
00.0000000261698617221028939639
00.0000000261698617221028939639
00.0000000261698617221028939639
00.0000000261698617221028939639
00.0000000261698617221028939639
00.0000000261698617221028939639
00.0000000261698617221028939639
00.0000000261698617221028939639
00.0000000261698617221028939639
00.0000000261698617221028939639
00.0000000261698617221028939639
00.0000000261698617221028939639
00.0000000261698617221028939639
00.0000000261698617221028939639
00.0000000261698617221028939639
00.0000000261698617221028939639
00.0000000261698617221028939639
00.0000000261698617221028939639
00.0000000261698617221028939639
00.0000000261698617221028939639
00.0000000261698617221028939639
00.0000000261698617221028939639
00.0000000261698617221028939639
00.0000000261698617221028939639
00.0000000261698617221028939639
00.0000000261698617221028939639
00.0000000261698617221028939639
00.0000000261698617221028939639
00.0000000261698617221028939639
00.0000000261698617221028939639
00.0000000261698617221028939639
00.0000000261698617221028939639
00.0000000261698617221028939639
00.0000000261698617221028939639
00.0000000261698617221028939639
00.0000000261698617221028939639
00.0000000261698617221028939639
00.0000000261698617221028939639
00.0000000261698617221028939639
00.0000000261698617221028939639
00.0000000261698617221028939639
00.0000000261698617221028939639
00.0000000261698617221028939639
00.0000000261698617221028939639
00.0000000261698617221028939639
00.0000000261698617221028939639
00.0000000261698617221028939639
00.0000000261698617221028939639
00.0000000261698617221028939639
00.0000000261698617221028939639
00.0000000261698617221028939639
00.0000000261698617221028939639
00.0000000261698617221028939639
00.0000000261698617221028939639
00.0000000261698617221028939639
00.0000000261698617221028939639
00.0000000261698617221028939639
00.0000000261698617221028939639
00.0000000261698617221028939639
00.0000000261698617221028939639
00.0000000261698617221028939639
00.0000000261698617221028939639
00.0000000261698617221028939639
00.0000000261698617221028939639
00.0000000261698617221028939639
00.0000000261698617221028939639
00.0000000261698617221028939639
00.0000000261698617221028939639
00.0000000261698617221028939639
00.0000000261698617221028939639
00.0000000261698617221028939639
00.0000000261698617221028939639
00.0000000261698617221028939639
00.0000000261698617221028939639
00.0000000261698617221028939639
00.0000000261698617221028939639
00.0000000261698617221028939639
00.0000000261698617221028939639
00.0000000261698617221028939639
00.0000000261698617221028939639
00.0000000261698617221028939639
00.0000000261698617221028939639
00.0000000261698617221028939639
00.0000000261698617221028939639
00.0000000261698617221028939639
00.0000000261698617221028939639
00.0000000261698617221028939639
00.0000000261698617221028939639
00.0000000261698617221028939639
00.0000000261698617221028939639
00.0000000261698617221028939639
00.0000000261698617221028939639
00.0000000261698617221028939639
00.0000000261698617221028939639
00.0000000261698617221028939639
00.0000000261698617221028939639
00.0000000261698617221028939639
00.0000000261698617221028939639
00.0000000261698617221028939639
00.0000000261698617221028939639
00.0000000261698617221028939639
00.0000000261698617221028939639
00.0000000261698617221028939639
00.0000000261698617221028939639
00.0000000261698617221028939639
00.0000000261698617221028939639
00.0000000261698617221028939639
00.0000000261698617221028939639
00.0000000261698617221028939639
00.0000000261698617221028939639
00.0000000261698617221028939639
00.0000000261698617221028939639
00.0000000261698617221028939639
00.0000000261698617221028939639
00.0000000261698617221028939639
00.0000000261698617221028939639
00.0000000261698617221028939639
00.0000000261698617221028939639
00.0000000261698617221028939639
00.0000000261698617221028939639
00.0000000261698617221028939639
00.0000000261698617221028939639
00.0000000261698617221028939639
00.0000000261698617221028939639
00.0000000261698617221028939639
00.0000000261698617221028939639
00.0000000261698617221028939639
00.0000000261698617221028939639
00.0000000261698617221028939639
00.0000000261698617221028939639
00.0000000261698617221028939639
00.0000000261698617221028939639
00.0000000261698617221028939639
00.0000000261698617221028939639
00.0000000261698617221028939639
00.0000000261698617221028939639
00.0000000261698617221028939639
00.0000000261698617221028939639
00.0000000261698617221028939639
00.0000000261698617221028939639
00.0000000261698617221028939639
00.0000000261698617221028939639
00.0000000261698617221028939639
00.0000000261698617221028939639
00.0000000261698617221028939639
00.0000000261698617221028939639
00.0000000261698617221028939639
00.0000000261698617221028939639
00.0000000261698617221028939639
00.0000000261698617221028939639
00.0000000261698617221028939639
00.0000000261698617221028939639
00.0000000261698617221028939639
00.0000000261698617221028939639
00.0000000261698617221028939639
00.0000000261698617221028939639
00.0000000261698617221028939639
00.0000000261698617221028939639
00.0000000261698617221028939639
00.0000000261698617221028939639
00.0000000261698617221028939639
00.0000000261698617221028939639
00.0000000261698617221028939639
00.0000000261698617221028939639
00.0000000261698617221028939639
00.0000000261698617221028939639
00.0000000261698617221028939639
00.0000000261698617221028939639
00.0000000261698617221028939639
00.0000000261698617221028939639
00.0000000261698617221028939639
00.0000000261698617221028939639
00.0000000261698617221028939639
00.0000000261698617221028939639
00.0000000261698617221028939639
00.0000000261698617221028939639
00.0000000261698617221028939639
00.0000000261698617221028939639
00.0000000261698617221028939639
00.0000000261698617221028939639
00.0000000261698617221028939639
00.0000000261698617221028939639
00.0000000261698617221028939639
00.0000000261698617221028939639
00.0000000261698617221028939639
00.0000000261698617221028939639
00.0000000261698617221028939639
00.0000000261698617221028939639
00.0000000261698617221028939639
00.0000000261698617221028939639
00.0000000261698617221028939639
00.0000000261698617221028939639
00.0000000261698617221028939639
00.0000000261698617221028939639
00.0000000261698617221028939639
00.0000000261698617221028939639
00.0000000261698617221028939639
00.0000000261698617221028939639
00.0000000261698617221028939639
00.0000000261698617221028939639
00.0000000261698617221028939639
00.0000000261698617221028939639
00.0000000261698617221028939639
00.0000000261698617221028939639
00.0000000261698617221028939639
00.0000000261698617221028939639
00.0000000261698617221028939639
00.0000000261698617221028939639
00.0000000261698617221028939639
00.0000000261698617221028939639
00.0000000261698617221028939639
00.0000000261698617221028939639
00.0000000261698617221028939639
00.0000000261698617221028939639
00.0000000261698617221028939639
00.0000000261698617221028939639
00.0000000261698617221028939639
00.0000000261698617221028939639
00.0000000261698617221028939639
00.0000000261698617221028939639
00.0000000261698617221028939639
00.0000000261698617221028939639
00.0000000261698617221028939639
00.0000000261698617221028939639
00.0000000261698617221028939639
00.0000000261698617221028939639
00.0000000261698617221028939639
00.0000000261698617221028939639
00.0000000261698617221028939639
00.0000000261698617221028939639
00.0000000261698617221028939639
00.0000000261698617221028939639
00.0000000261698617221028939639
00.0000000261698617221028939639
00.0000000261698617221028939639
00.0000000261698617221028939639
00.0000000261698617221028939639
00.0000000261698617221028939639
00.0000000261698617221028939639
00.0000000269001345643005151942
00.0000000269001345643005151942
00.0000000269001345643005151942
00.0000000269001345643005151942
00.0000000269001345643005151942
00.0000000269001345643005151942
00.0000000269001345643005151942
00.0000000269001345643005151942
00.0000000269001345643005151942
00.0000000269001345643005151942
00.0000000269001345643005151942
00.0000000269001345643005151942
00.0000000269001345643005151942
00.0000000269001345643005151942
00.0000000269001345643005151942
00.0000000269001345643005151942
00.0000000269001345643005151942
00.0000000269001345643005151942
00.0000000269001345643005151942
00.0000000269001345643005151942
00.0000000269001345643005151942
00.0000000269001345643005151942
00.0000000269001345643005151942
00.0000000269001345643005151942
00.0000000269001345643005151942
00.0000000269001345643005151942
00.0000000269001345643005151942
00.0000000269001345643005151942
00.0000000269001345643005151942
00.0000000269001345643005151942
00.0000000269001345643005151942
00.0000000269001345643005151942
00.0000000269001345643005151942
00.0000000269001345643005151942
00.0000000269001345643005151942
00.0000000269001345643005151942
00.0000000269001345643005151942
00.0000000269001345643005151942
00.0000000269001345643005151942
00.0000000269001345643005151942
00.0000000269001345643005151942
00.0000000269001345643005151942
00.0000000269001345643005151942
00.0000000269001345643005151942
00.0000000269001345643005151942
00.0000000269001345643005151942
00.0000000269001345643005151942
00.0000000269001345643005151942
00.0000000269001345643005151942
00.0000000269001345643005151942
00.0000000269001345643005151942
00.0000000269001345643005151942
00.0000000269001345643005151942
00.0000000269001345643005151942
00.0000000269001345643005151942
00.0000000269001345643005151942
00.0000000269001345643005151942
00.0000000269001345643005151942
00.0000000269001345643005151942
00.0000000269001345643005151942
00.0000000269001345643005151942
00.0000000269001345643005151942
00.0000000269001345643005151942
00.0000000269001345643005151942
00.0000000269001345643005151942
00.0000000269001345643005151942
00.0000000269001345643005151942
00.0000000269001345643005151942
00.0000000269001345643005151942
00.0000000269001345643005151942
00.0000000269001345643005151942
00.0000000269001345643005151942
00.0000000269001345643005151942
00.0000000269001345643005151942
00.0000000269001345643005151942
00.0000000269001345643005151942
00.0000000269001345643005151942
00.0000000269001345643005151942
00.0000000269001345643005151942
00.0000000269001345643005151942
00.0000000269001345643005151942
00.0000000269001345643005151942
00.0000000269001345643005151942
00.0000000269001345643005151942
00.0000000269001345643005151942
00.0000000269001345643005151942
00.0000000269001345643005151942
00.0000000269001345643005151942
00.0000000269001345643005151942
00.0000000269001345643005151942
00.0000000269001345643005151942
00.0000000269001345643005151942
00.0000000269001345643005151942
00.0000000269001345643005151942
00.0000000269001345643005151942
00.0000000269001345643005151942
00.0000000269001345643005151942
00.0000000269001345643005151942
00.0000000269001345643005151942
00.0000000269001345643005151942
00.0000000269001345643005151942
00.0000000269001345643005151942
00.0000000269001345643005151942
00.0000000269001345643005151942
00.0000000269001345643005151942
00.0000000269001345643005151942
00.0000000269001345643005151942
00.0000000269001345643005151942
00.0000000269001345643005151942
00.0000000269001345643005151942
00.0000000269001345643005151942
00.0000000269001345643005151942
00.0000000269001345643005151942
00.0000000269001345643005151942
00.0000000269001345643005151942
00.0000000269001345643005151942
00.0000000269001345643005151942
00.0000000269001345643005151942
00.0000000269001345643005151942
00.0000000269001345643005151942
00.0000000269001345643005151942
00.0000000269001345643005151942
00.0000000269001345643005151942
00.0000000269001345643005151942
00.0000000269001345643005151942
00.0000000269001345643005151942
00.0000000269001345643005151942
00.0000000269001345643005151942
00.0000000269001345643005151942
00.0000000269001345643005151942
00.0000000269001345643005151942
00.0000000269001345643005151942
00.0000000269001345643005151942
00.0000000269001345643005151942
00.0000000269001345643005151942
00.0000000269001345643005151942
00.0000000269001345643005151942
00.0000000269001345643005151942
00.0000000269001345643005151942
00.0000000269001345643005151942
00.0000000269001345643005151942
00.0000000269001345643005151942
00.0000000269001345643005151942
00.0000000269001345643005151942
00.0000000269001345643005151942
00.0000000269001345643005151942
00.0000000269001345643005151942
00.0000000269001345643005151942
00.0000000269001345643005151942
00.0000000269001345643005151942
00.0000000269001345643005151942
00.0000000269001345643005151942
00.0000000269001345643005151942
00.0000000269001345643005151942
00.0000000269001345643005151942
00.0000000269001345643005151942
00.0000000269001345643005151942
00.0000000269001345643005151942
00.0000000269001345643005151942
00.0000000269001345643005151942
00.0000000269001345643005151942
00.0000000269001345643005151942
00.0000000269001345643005151942
00.0000000269001345643005151942
00.0000000269001345643005151942
00.0000000269001345643005151942
00.0000000269001345643005151942
00.0000000269001345643005151942
00.0000000269001345643005151942
00.0000000269001345643005151942
00.0000000269001345643005151942
00.0000000269001345643005151942
00.0000000269001345643005151942
00.0000000269001345643005151942
00.0000000269001345643005151942
00.0000000269001345643005151942
00.0000000269001345643005151942
00.0000000269001345643005151942
00.0000000269001345643005151942
00.0000000269001345643005151942
00.0000000269001345643005151942
00.0000000269001345643005151942
00.0000000269001345643005151942
00.0000000269001345643005151942
00.0000000269001345643005151942
00.0000000269001345643005151942
00.0000000269001345643005151942
00.0000000269001345643005151942
00.0000000269001345643005151942
00.0000000269001345643005151942
00.0000000269001345643005151942
00.0000000269001345643005151942
00.0000000269001345643005151942
00.0000000269001345643005151942
00.0000000269001345643005151942
00.0000000269001345643005151942
00.0000000269001345643005151942
00.0000000269001345643005151942
00.0000000269001345643005151942
00.0000000269001345643005151942
00.0000000269001345643005151942
00.0000000269001345643005151942
00.0000000269001345643005151942
00.0000000269001345643005151942
00.0000000269001345643005151942
00.0000000269001345643005151942
00.0000000269001345643005151942
00.0000000269001345643005151942
00.0000000269001345643005151942
00.0000000269001345643005151942
00.0000000269001345643005151942
00.0000000269001345643005151942
00.0000000269001345643005151942
00.0000000269001345643005151942
00.0000000269001345643005151942
00.0000000269001345643005151942
00.0000000269001345643005151942
00.0000000269001345643005151942
00.0000000269001345643005151942
00.0000000269001345643005151942
00.0000000269001345643005151942
00.0000000269001345643005151942
00.0000000269001345643005151942
00.0000000269001345643005151942
00.0000000269001345643005151942
00.0000000269001345643005151942
00.0000000269001345643005151942
00.0000000269001345643005151942
00.0000000269001345643005151942
00.0000000269001345643005151942
00.0000000269001345643005151942
00.0000000269001345643005151942
00.0000000269001345643005151942
00.0000000269001345643005151942
00.0000000269001345643005151942
00.0000000269001345643005151942
00.0000000269001345643005151942
00.0000000269001345643005151942
00.0000000269001345643005151942
00.0000000269001345643005151942
00.0000000269001345643005151942
00.0000000269001345643005151942
00.0000000269001345643005151942
00.0000000269001345643005151942
00.0000000269001345643005151942
00.0000000269001345643005151942
00.0000000269001345643005151942
00.0000000269001345643005151942
00.0000000269001345643005151942
00.0000000269001345643005151942
00.0000000269001345643005151942
00.0000000269001345643005151942
00.0000000269001345643005151942
00.0000000269001345643005151942
00.0000000269001345643005151942
00.0000000269001345643005151942
00.0000000269001345643005151942
00.0000000269001345643005151942
00.0000000269001345643005151942
00.0000000269001345643005151942
00.0000000269001345643005151942
00.0000000269001345643005151942
00.0000000269001345643005151942
00.0000000269001345643005151942
00.0000000269001345643005151942
00.0000000269001345643005151942
00.0000000269001345643005151942
00.0000000269001345643005151942
00.0000000269001345643005151942
00.0000000269001345643005151942
00.0000000269001345643005151942
00.0000000269001345643005151942
00.0000000269001345643005151942
00.0000000269001345643005151942
00.0000000269001345643005151942
00.0000000269001345643005151942
00.0000000269001345643005151942
00.0000000269001345643005151942
00.0000000269001345643005151942
00.0000000269001345643005151942
00.0000000269001345643005151942
00.0000000269001345643005151942
00.0000000269001345643005151942
00.0000000269001345643005151942
00.0000000269001345643005151942
00.0000000269001345643005151942
00.0000000269001345643005151942
00.0000000269001345643005151942
00.0000000269001345643005151942
00.0000000269001345643005151942
00.0000000269001345643005151942
00.0000000269001345643005151942
00.0000000269001345643005151942
00.0000000269001345643005151942
00.0000000269001345643005151942
00.0000000269001345643005151942
00.0000000269001345643005151942
00.0000000269001345643005151942
00.0000000269001345643005151942
00.0000000269001345643005151942
00.0000000269001345643005151942
00.0000000269001345643005151942
00.0000000269001345643005151942
00.0000000269001345643005151942
00.0000000269001345643005151942
00.0000000269001345643005151942
00.0000000269001345643005151942
00.0000000269001345643005151942
00.0000000269001345643005151942
00.0000000269001345643005151942
00.0000000269001345643005151942
00.0000000269001345643005151942
00.0000000269001345643005151942
00.0000000269001345643005151942
00.0000000269001345643005151942
00.0000000269001345643005151942
00.0000000269001345643005151942
00.0000000269001345643005151942
00.0000000269001345643005151942
00.0000000269001345643005151942
00.0000000269001345643005151942
00.0000000269001345643005151942
00.0000000269001345643005151942
00.0000000269001345643005151942
00.0000000269001345643005151942
00.0000000269001345643005151942
00.0000000269001345643005151942
00.0000000269001345643005151942
00.0000000269001345643005151942
00.0000000269001345643005151942
00.0000000269001345643005151942
00.0000000269001345643005151942
00.0000000269001345643005151942
00.0000000269001345643005151942
00.0000000269001345643005151942
00.0000000269001345643005151942
00.0000000269001345643005151942
00.0000000269001345643005151942
00.0000000269001345643005151942
00.0000000269001345643005151942
00.0000000269001345643005151942
00.0000000269001345643005151942
00.0000000269001345643005151942
00.0000000269001345643005151942
00.0000000269001345643005151942
00.0000000269001345643005151942
00.0000000269001345643005151942
00.0000000269001345643005151942
00.0000000269001345643005151942
00.0000000269001345643005151942
00.0000000269001345643005151942
00.0000000269001345643005151942
00.0000000269001345643005151942
00.0000000269001345643005151942
00.0000000269001345643005151942
00.0000000269001345643005151942
00.0000000269001345643005151942
00.0000000269001345643005151942
00.0000000269001345643005151942
00.0000000269001345643005151942
00.0000000269001345643005151942
00.0000000269001345643005151942
00.0000000269001345643005151942
00.0000000269001345643005151942
00.0000000269001345643005151942
00.0000000269001345643005151942
00.0000000269001345643005151942
00.0000000269001345643005151942
00.0000000269001345643005151942
00.0000000269001345643005151942
00.0000000269001345643005151942
00.0000000269001345643005151942
00.0000000269001345643005151942
00.0000000269001345643005151942
00.0000000269001345643005151942
00.0000000269001345643005151942
00.0000000269001345643005151942
00.0000000269001345643005151942
00.0000000269001345643005151942
00.0000000269001345643005151942
00.0000000269001345643005151942
00.0000000269001345643005151942
00.0000000269001345643005151942
00.0000000269001345643005151942
00.0000000269001345643005151942
00.0000000269001345643005151942
00.0000000269001345643005151942
00.0000000269001345643005151942
00.0000000269001345643005151942
00.0000000269001345643005151942
00.0000000269001345643005151942
00.0000000269001345643005151942
00.0000000269001345643005151942
00.0000000269001345643005151942
00.0000000269001345643005151942
00.0000000269001345643005151942
00.0000000269001345643005151942
00.0000000269001345643005151942
00.0000000269001345643005151942
00.0000000269001345643005151942
00.0000000269001345643005151942
00.0000000269001345643005151942
00.0000000269001345643005151942
00.0000000269001345643005151942
00.0000000269001345643005151942
00.0000000269001345643005151942
00.0000000269001345643005151942
00.0000000269001345643005151942
00.0000000269001345643005151942
00.0000000269001345643005151942
00.0000000269001345643005151942
00.0000000269001345643005151942
00.0000000269001345643005151942
00.0000000269001345643005151942
00.0000000269001345643005151942
00.0000000269001345643005151942
00.0000000269001345643005151942
00.0000000269001345643005151942
00.0000000269001345643005151942
00.0000000269001345643005151942
00.0000000269001345643005151942
00.0000000269001345643005151942
00.0000000269001345643005151942
00.0000000269001345643005151942
00.0000000269001345643005151942
00.0000000269001345643005151942
00.0000000269001345643005151942
00.0000000269001345643005151942
00.0000000269001345643005151942
00.0000000269001345643005151942
00.0000000269001345643005151942
00.0000000269001345643005151942
00.0000000269001345643005151942
00.0000000269001345643005151942
00.0000000269001345643005151942
00.0000000269001345643005151942
00.0000000269001345643005151942
00.0000000269001345643005151942
00.0000000269001345643005151942
00.0000000269001345643005151942
00.0000000269001345643005151942
00.0000000269001345643005151942
00.0000000269001345643005151942
00.0000000269001345643005151942
00.0000000269001345643005151942
00.0000000269001345643005151942
00.0000000269001345643005151942
00.0000000269001345643005151942
00.0000000269001345643005151942
00.0000000269001345643005151942
00.0000000269001345643005151942
00.0000000269001345643005151942
00.0000000269001345643005151942
00.0000000269001345643005151942
00.0000000269001345643005151942
00.0000000269001345643005151942
00.0000000269001345643005151942
00.0000000269001345643005151942
00.0000000269001345643005151942
00.0000000269001345643005151942
00.0000000269001345643005151942
00.0000000269001345643005151942
00.0000000269001345643005151942
00.0000000269001345643005151942
00.0000000269001345643005151942
00.0000000269001345643005151942
00.0000000269001345643005151942
00.0000000269001345643005151942
00.0000000269001345643005151942
00.0000000269001345643005151942
00.0000000269001345643005151942
00.0000000269001345643005151942
00.0000000269001345643005151942
00.0000000269001345643005151942
00.0000000269001345643005151942
00.0000000269001345643005151942
00.0000000269001345643005151942
00.0000000269001345643005151942
00.0000000269001345643005151942
00.0000000269001345643005151942
00.0000000269001345643005151942
00.0000000269001345643005151942
00.0000000269001345643005151942
00.0000000269001345643005151942
00.0000000269001345643005151942
00.0000000269001345643005151942
00.0000000269001345643005151942
00.0000000269001345643005151942
00.0000000269001345643005151942
00.0000000269001345643005151942
00.0000000269001345643005151942
00.0000000269001345643005151942
00.0000000269001345643005151942
00.0000000269001345643005151942
00.0000000269001345643005151942
00.0000000269001345643005151942
00.0000000269001345643005151942
00.0000000269001345643005151942
00.0000000269001345643005151942
00.0000000269001345643005151942
00.0000000269001345643005151942
00.0000000269001345643005151942
00.0000000269001345643005151942
00.0000000269001345643005151942
00.0000000269001345643005151942
00.0000000269001345643005151942
00.0000000269001345643005151942
00.0000000269001345643005151942
00.0000000269001345643005151942
00.0000000269001345643005151942
00.0000000269001345643005151942
00.0000000269001345643005151942
00.0000000269001345643005151942
00.0000000269001345643005151942
00.0000000269001345643005151942
00.0000000269001345643005151942
00.0000000269001345643005151942
00.0000000269001345643005151942
00.0000000269001345643005151942
00.0000000269001345643005151942
00.0000000269001345643005151942
00.0000000269001345643005151942
00.0000000269001345643005151942
00.0000000269001345643005151942
00.0000000269001345643005151942
00.0000000269001345643005151942
00.0000000269001345643005151942
00.0000000269001345643005151942
00.0000000269001345643005151942
00.0000000269001345643005151942
00.0000000269001345643005151942
00.0000000269001345643005151942
00.0000000269001345643005151942
00.0000000269001345643005151942
00.0000000269001345643005151942
00.0000000269001345643005151942
00.0000000269001345643005151942
00.0000000269001345643005151942
00.0000000269001345643005151942
00.0000000269001345643005151942
00.0000000269001345643005151942
00.0000000269001345643005151942
00.0000000269001345643005151942
00.0000000269001345643005151942
00.0000000269001345643005151942
00.0000000269001345643005151942
00.0000000269001345643005151942
00.0000000269001345643005151942
00.0000000269001345643005151942
00.0000000269001345643005151942
00.0000000269001345643005151942
00.0000000269001345643005151942
00.0000000269001345643005151942
00.0000000269001345643005151942
00.0000000269001345643005151942
00.0000000269001345643005151942
00.0000000269001345643005151942
00.0000000269001345643005151942
00.0000000269001345643005151942
00.0000000269001345643005151942
00.0000000269001345643005151942
00.0000000269001345643005151942
00.0000000269001345643005151942
00.0000000269001345643005151942
00.0000000269001345643005151942
00.0000000269001345643005151942
00.0000000269001345643005151942
00.0000000269001345643005151942
00.0000000269001345643005151942
00.0000000269001345643005151942
00.0000000269001345643005151942
00.0000000269001345643005151942
00.0000000269001345643005151942
00.0000000269001345643005151942
00.0000000269001345643005151942
00.0000000269001345643005151942
00.0000000269001345643005151942
00.0000000269001345643005151942
00.0000000269001345643005151942
00.0000000269001345643005151942
00.0000000269001345643005151942
00.0000000269001345643005151942
00.0000000269001345643005151942
00.0000000269001345643005151942
00.0000000269001345643005151942
00.0000000269001345643005151942
00.0000000269001345643005151942
00.0000000269001345643005151942
00.0000000269001345643005151942
00.0000000269001345643005151942
00.0000000269001345643005151942
00.0000000269001345643005151942
00.0000000269001345643005151942
00.0000000269001345643005151942
00.0000000269001345643005151942
00.0000000269001345643005151942
00.0000000269001345643005151942
00.0000000269001345643005151942
00.0000000269001345643005151942
00.0000000269001345643005151942
00.0000000269001345643005151942
00.0000000269001345643005151942
00.0000000269001345643005151942
00.0000000269001345643005151942
00.0000000269001345643005151942
00.0000000269001345643005151942
00.0000000269001345643005151942
00.0000000269001345643005151942
00.0000000269001345643005151942
00.0000000269001345643005151942
00.0000000269001345643005151942
00.0000000269001345643005151942
00.0000000269001345643005151942
00.0000000269001345643005151942
00.0000000269001345643005151942
00.0000000269001345643005151942
00.0000000269001345643005151942
00.0000000269001345643005151942
00.0000000269001345643005151942
00.0000000269001345643005151942
00.0000000269001345643005151942
00.0000000269001345643005151942
00.0000000269001345643005151942
00.0000000269001345643005151942
00.0000000269001345643005151942
00.0000000269001345643005151942
00.0000000269001345643005151942
00.0000000269001345643005151942
00.0000000269001345643005151942
00.0000000269001345643005151942
00.0000000269001345643005151942
00.0000000269001345643005151942
00.0000000269001345643005151942
00.0000000269001345643005151942
00.0000000269001345643005151942
00.0000000269001345643005151942
00.0000000269001345643005151942
00.0000000269001345643005151942
00.0000000269001345643005151942
00.0000000269001345643005151942
00.0000000269001345643005151942
00.0000000269001345643005151942
00.0000000269001345643005151942
00.0000000269001345643005151942
00.0000000269001345643005151942
00.0000000269001345643005151942
00.0000000269001345643005151942
00.0000000269001345643005151942
00.0000000269001345643005151942
00.0000000269001345643005151942
00.0000000269001345643005151942
00.0000000269001345643005151942
00.0000000269001345643005151942
00.0000000269001345643005151942
00.0000000269001345643005151942
00.0000000269001345643005151942
00.0000000269001345643005151942
00.0000000269001345643005151942
00.0000000269001345643005151942
00.0000000269001345643005151942
00.0000000269001345643005151942
00.0000000269001345643005151942
00.0000000269001345643005151942
00.0000000269001345643005151942
00.0000000269001345643005151942
00.0000000269001345643005151942
00.0000000269001345643005151942
00.0000000269001345643005151942
00.0000000269001345643005151942
00.0000000269001345643005151942
00.0000000269001345643005151942
00.0000000269001345643005151942
00.0000000269001345643005151942
00.0000000269001345643005151942
00.0000000269001345643005151942
00.0000000269001345643005151942
00.0000000269001345643005151942
00.0000000269001345643005151942
00.0000000269001345643005151942
00.0000000269001345643005151942
00.0000000269001345643005151942
00.0000000269001345643005151942
00.0000000269001345643005151942
00.0000000269001345643005151942
00.0000000269001345643005151942
00.0000000269001345643005151942
00.0000000269001345643005151942
00.0000000269001345643005151942
00.0000000269001345643005151942
00.0000000269001345643005151942
00.0000000269001345643005151942
00.0000000269001345643005151942
00.0000000269001345643005151942
00.0000000269001345643005151942
00.0000000269001345643005151942
00.0000000269001345643005151942
00.0000000269001345643005151942
00.0000000269001345643005151942
00.0000000269001345643005151942
00.0000000269001345643005151942
00.0000000269001345643005151942
00.0000000269001345643005151942
00.0000000269001345643005151942
00.0000000269001345643005151942
00.0000000269001345643005151942
00.0000000269001345643005151942
00.0000000269001345643005151942
00.0000000269001345643005151942
00.0000000269001345643005151942
00.0000000269001345643005151942
00.0000000269001345643005151942
00.0000000269001345643005151942
00.0000000269001345643005151942
00.0000000269001345643005151942
00.0000000269001345643005151942
00.0000000269001345643005151942
00.0000000269001345643005151942
00.0000000269001345643005151942
00.0000000269001345643005151942
00.0000000269001345643005151942
00.0000000269001345643005151942
00.0000000269001345643005151942
00.0000000269001345643005151942
00.0000000269001345643005151942
00.0000000269001345643005151942
00.0000000269001345643005151942
00.0000000269001345643005151942
00.0000000269001345643005151942
00.0000000269001345643005151942
00.0000000269001345643005151942
00.0000000269001345643005151942
00.0000000269001345643005151942
00.0000000269001345643005151942
00.0000000269001345643005151942
00.0000000269001345643005151942
00.0000000269001345643005151942
00.0000000269001345643005151942
00.0000000269001345643005151942
00.0000000269001345643005151942
00.0000000269001345643005151942
00.0000000269001345643005151942
00.0000000269001345643005151942
00.0000000269001345643005151942
00.0000000269001345643005151942
00.0000000269001345643005151942
00.0000000269001345643005151942
00.0000000269001345643005151942
00.0000000269001345643005151942
00.0000000269001345643005151942
00.0000000269001345643005151942
00.0000000269001345643005151942
00.0000000269001345643005151942
00.0000000269001345643005151942
00.0000000269001345643005151942
00.0000000269001345643005151942
00.0000000269001345643005151942
00.0000000269001345643005151942
00.0000000269001345643005151942
00.0000000269001345643005151942
00.0000000269001345643005151942
00.0000000269001345643005151942
00.0000000269001345643005151942
00.0000000269001345643005151942
00.0000000269001345643005151942
00.0000000269001345643005151942
00.0000000269001345643005151942
00.0000000269001345643005151942
00.0000000269001345643005151942
00.0000000269001345643005151942
00.0000000269001345643005151942
00.0000000269001345643005151942
00.0000000269001345643005151942
00.0000000269001345643005151942
00.0000000269001345643005151942
00.0000000269001345643005151942
00.0000000269001345643005151942
00.0000000269001345643005151942
00.0000000269001345643005151942
00.0000000269001345643005151942
00.0000000269001345643005151942
00.0000000269001345643005151942
00.0000000269001345643005151942
00.0000000269001345643005151942
00.0000000269001345643005151942
00.0000000269001345643005151942
00.0000000269001345643005151942
00.0000000269001345643005151942
00.0000000269001345643005151942
00.0000000269001345643005151942
00.0000000269001345643005151942
00.0000000269001345643005151942
00.0000000269001345643005151942
00.0000000269001345643005151942
00.0000000269001345643005151942
00.0000000269001345643005151942
00.0000000269001345643005151942
00.0000000269001345643005151942
00.0000000269001345643005151942
00.0000000269001345643005151942
00.0000000269001345643005151942
00.0000000269001345643005151942
00.0000000269001345643005151942
00.0000000269001345643005151942
00.0000000269001345643005151942
00.0000000269001345643005151942
00.0000000269001345643005151942
00.0000000269001345643005151942
00.0000000269001345643005151942
00.0000000269001345643005151942
00.0000000269001345643005151942
00.0000000269001345643005151942
00.0000000269001345643005151942
00.0000000269001345643005151942
00.0000000269001345643005151942
00.0000000269001345643005151942
00.0000000269001345643005151942
00.0000000269001345643005151942
00.0000000269001345643005151942
00.0000000269001345643005151942
00.0000000269001345643005151942
00.0000000269001345643005151942
00.0000000269001345643005151942
00.0000000269001345643005151942
00.0000000269001345643005151942
00.0000000269001345643005151942
00.0000000269001345643005151942
00.0000000269001345643005151942
00.0000000269001345643005151942
00.0000000269001345643005151942
00.0000000269001345643005151942
00.0000000269001345643005151942
00.0000000269001345643005151942
00.0000000269001345643005151942
00.0000000269001345643005151942
00.0000000269001345643005151942
00.0000000269001345643005151942
00.0000000269001345643005151942
00.0000000269001345643005151942
00.0000000269001345643005151942
00.0000000269001345643005151942
00.0000000269001345643005151942
00.0000000269001345643005151942
00.0000000269001345643005151942
00.0000000269001345643005151942
00.0000000269001345643005151942
00.0000000269001345643005151942
00.0000000269001345643005151942
00.0000000269001345643005151942
00.0000000269001345643005151942
00.0000000269001345643005151942
00.0000000269001345643005151942
00.0000000269001345643005151942
00.0000000269001345643005151942
00.0000000269001345643005151942
00.0000000269001345643005151942
00.0000000269001345643005151942
00.0000000269001345643005151942
00.0000000269001345643005151942
00.0000000269001345643005151942
00.0000000269001345643005151942
00.0000000269001345643005151942
00.0000000269001345643005151942
00.0000000269001345643005151942
00.0000000269001345643005151942
00.0000000269001345643005151942
00.0000000269001345643005151942
00.0000000269001345643005151942
00.0000000269001345643005151942
00.0000000269001345643005151942
00.0000000269001345643005151942
00.0000000269001345643005151942
00.0000000269001345643005151942
00.0000000269001345643005151942
00.0000000269001345643005151942
00.0000000269001345643005151942
00.0000000269001345643005151942
00.0000000269001345643005151942
00.0000000269001345643005151942
00.0000000269001345643005151942
00.0000000269001345643005151942
00.0000000269001345643005151942
00.0000000269001345643005151942
00.0000000269001345643005151942
00.0000000269001345643005151942
00.0000000269001345643005151942
00.0000000269001345643005151942
00.0000000269001345643005151942
00.0000000269001345643005151942
00.0000000269001345643005151942
00.0000000269001345643005151942
00.0000000269001345643005151942
00.0000000269001345643005151942
00.0000000269001345643005151942
00.0000000269001345643005151942
00.0000000269001345643005151942
00.0000000269001345643005151942
00.0000000269001345643005151942
00.0000000269001345643005151942
00.0000000269001345643005151942
00.0000000269001345643005151942
00.0000000269001345643005151942
00.0000000269001345643005151942
00.0000000269001345643005151942
00.0000000269001345643005151942
00.0000000269001345643005151942
00.0000000269001345643005151942
00.0000000269001345643005151942
00.0000000269001345643005151942
00.0000000269001345643005151942
00.0000000269001345643005151942
00.0000000269001345643005151942
00.0000000269001345643005151942
00.0000000269001345643005151942
00.0000000269001345643005151942
00.0000000269001345643005151942
00.0000000269001345643005151942
00.0000000269001345643005151942
00.0000000269001345643005151942
00.0000000269001345643005151942
00.0000000269001345643005151942
00.0000000269001345643005151942
00.0000000269001345643005151942
00.0000000269001345643005151942
00.0000000269001345643005151942
00.0000000269001345643005151942
00.0000000269001345643005151942
00.0000000269001345643005151942
00.0000000269001345643005151942
00.0000000269001345643005151942
00.0000000269001345643005151942
00.0000000269001345643005151942
00.0000000269001345643005151942
00.0000000269001345643005151942
00.0000000269001345643005151942
00.0000000269001345643005151942
00.0000000269001345643005151942
00.0000000269001345643005151942
00.0000000269001345643005151942
00.0000000269001345643005151942
00.0000000269001345643005151942
00.0000000269001345643005151942
00.0000000269001345643005151942
00.0000000269001345643005151942
00.0000000269001345643005151942
00.0000000269001345643005151942
00.0000000269001345643005151942
00.0000000269001345643005151942
00.0000000269001345643005151942
00.0000000269001345643005151942
00.0000000269001345643005151942
00.0000000269001345643005151942
00.0000000269001345643005151942
00.0000000269001345643005151942
00.0000000269001345643005151942
00.0000000269001345643005151942
00.0000000269001345643005151942
00.0000000269001345643005151942
00.0000000269001345643005151942
00.0000000269001345643005151942
00.0000000269001345643005151942
00.0000000269001345643005151942
00.0000000269001345643005151942
00.0000000269001345643005151942
00.0000000269001345643005151942
00.0000000269001345643005151942
00.0000000269001345643005151942
00.0000000269001345643005151942
00.0000000269001345643005151942
00.0000000269001345643005151942
00.0000000269001345643005151942
00.0000000269001345643005151942
00.0000000269001345643005151942
00.0000000269001345643005151942
00.0000000269001345643005151942
00.0000000269001345643005151942
00.0000000269001345643005151942
00.0000000269001345643005151942
00.0000000269001345643005151942
00.0000000269001345643005151942
00.0000000269001345643005151942
00.0000000269001345643005151942
00.0000000269001345643005151942
00.0000000269001345643005151942
00.0000000269001345643005151942
00.0000000269001345643005151942
00.0000000269001345643005151942
00.0000000269001345643005151942
00.0000000269001345643005151942
00.0000000269001345643005151942
00.0000000269001345643005151942
00.0000000269001345643005151942
00.0000000269001345643005151942
00.0000000269001345643005151942
00.0000000269001345643005151942
00.0000000269001345643005151942
00.0000000269001345643005151942
00.0000000269001345643005151942
00.0000000269001345643005151942
00.0000000269001345643005151942
00.0000000269001345643005151942
00.0000000240935089657057233126
00.0000000240935089657057233126
00.0000000240935089657057233126
00.0000000240935089657057233126
00.0000000240935089657057233126
00.0000000240935089657057233126
00.0000000240935089657057233126
00.0000000240935089657057233126
00.0000000240935089657057233126
00.0000000240935089657057233126
00.0000000240935089657057233126
00.0000000240935089657057233126
00.0000000240935089657057233126
00.0000000240935089657057233126
00.0000000240935089657057233126
00.0000000240935089657057233126
00.0000000240935089657057233126
00.0000000240935089657057233126
00.0000000240935089657057233126
00.0000000240935089657057233126
00.0000000240935089657057233126
00.0000000240935089657057233126
00.0000000240935089657057233126
00.0000000240935089657057233126
00.0000000240935089657057233126
00.0000000240935089657057233126
00.0000000240935089657057233126
00.0000000240935089657057233126
00.0000000240935089657057233126
00.0000000240935089657057233126
00.0000000240935089657057233126
00.0000000240935089657057233126
00.0000000240935089657057233126
00.0000000240935089657057233126
00.0000000240935089657057233126
00.0000000240935089657057233126
00.0000000240935089657057233126
00.0000000240935089657057233126
00.0000000240935089657057233126
00.0000000240935089657057233126
00.0000000240935089657057233126
00.0000000240935089657057233126
00.0000000240935089657057233126
00.0000000240935089657057233126
00.0000000240935089657057233126
00.0000000240935089657057233126
00.0000000240935089657057233126
00.0000000240935089657057233126
00.0000000240935089657057233126
00.0000000240935089657057233126
00.0000000240935089657057233126
00.0000000240935089657057233126
00.0000000240935089657057233126
00.0000000240935089657057233126
00.0000000240935089657057233126
00.0000000240935089657057233126
00.0000000240935089657057233126
00.0000000240935089657057233126
00.0000000240935089657057233126
00.0000000240935089657057233126
00.0000000240935089657057233126
00.0000000240935089657057233126
00.0000000240935089657057233126
00.0000000240935089657057233126
00.0000000240935089657057233126
00.0000000240935089657057233126
00.0000000240935089657057233126
00.0000000240935089657057233126
00.0000000240935089657057233126
00.0000000240935089657057233126
00.0000000240935089657057233126
00.0000000240935089657057233126
00.0000000240935089657057233126
00.0000000240935089657057233126
00.0000000240935089657057233126
00.0000000240935089657057233126
00.0000000240935089657057233126
00.0000000240935089657057233126
00.0000000240935089657057233126
00.0000000240935089657057233126
00.0000000240935089657057233126
00.0000000240935089657057233126
00.0000000240935089657057233126
00.0000000240935089657057233126
00.0000000240935089657057233126
00.0000000240935089657057233126
00.0000000240935089657057233126
00.0000000240935089657057233126
00.0000000240935089657057233126
00.0000000240935089657057233126
00.0000000240935089657057233126
00.0000000240935089657057233126
00.0000000240935089657057233126
00.0000000240935089657057233126
00.0000000240935089657057233126
00.0000000240935089657057233126
00.0000000240935089657057233126
00.0000000240935089657057233126
00.0000000240935089657057233126
00.0000000240935089657057233126
00.0000000240935089657057233126
00.0000000240935089657057233126
00.0000000240935089657057233126
00.0000000240935089657057233126
00.0000000240935089657057233126
00.0000000240935089657057233126
00.0000000240935089657057233126
00.0000000240935089657057233126
00.0000000240935089657057233126
00.0000000240935089657057233126
00.0000000240935089657057233126
00.0000000240935089657057233126
00.0000000240935089657057233126
00.0000000240935089657057233126
00.0000000240935089657057233126
00.0000000240935089657057233126
00.0000000240935089657057233126
00.0000000240935089657057233126
00.0000000240935089657057233126
00.0000000240935089657057233126
00.0000000240935089657057233126
00.0000000240935089657057233126
00.0000000240935089657057233126
00.0000000240935089657057233126
00.0000000240935089657057233126
00.0000000240935089657057233126
00.0000000240935089657057233126
00.0000000240935089657057233126
00.0000000240935089657057233126
00.0000000240935089657057233126
00.0000000240935089657057233126
00.0000000240935089657057233126
00.0000000240935089657057233126
00.0000000240935089657057233126
00.0000000240935089657057233126
00.0000000240935089657057233126
00.0000000240935089657057233126
00.0000000240935089657057233126
00.0000000240935089657057233126
00.0000000240935089657057233126
00.0000000240935089657057233126
00.0000000240935089657057233126
00.0000000240935089657057233126
00.0000000240935089657057233126
00.0000000240935089657057233126
00.0000000240935089657057233126
00.0000000240935089657057233126
00.0000000240935089657057233126
00.0000000240935089657057233126
00.0000000240935089657057233126
00.0000000240935089657057233126
00.0000000240935089657057233126
00.0000000240935089657057233126
00.0000000240935089657057233126
00.0000000240935089657057233126
00.0000000240935089657057233126
00.0000000240935089657057233126
00.0000000240935089657057233126
00.0000000240935089657057233126
00.0000000240935089657057233126
00.0000000240935089657057233126
00.0000000240935089657057233126
00.0000000240935089657057233126
00.0000000240935089657057233126
00.0000000240935089657057233126
00.0000000240935089657057233126
00.0000000240935089657057233126
00.0000000240935089657057233126
00.0000000240935089657057233126
00.0000000240935089657057233126
00.0000000240935089657057233126
00.0000000240935089657057233126
00.0000000240935089657057233126
00.0000000240935089657057233126
00.0000000240935089657057233126
00.0000000240935089657057233126
00.0000000240935089657057233126
00.0000000240935089657057233126
00.0000000240935089657057233126
00.0000000240935089657057233126
00.0000000240935089657057233126
00.0000000240935089657057233126
00.0000000240935089657057233126
00.0000000240935089657057233126
00.0000000240935089657057233126
00.0000000240935089657057233126
00.0000000240935089657057233126
00.0000000240935089657057233126
00.0000000240935089657057233126
00.0000000240935089657057233126
00.0000000240935089657057233126
00.0000000240935089657057233126
00.0000000240935089657057233126
00.0000000240935089657057233126
00.0000000240935089657057233126
00.0000000240935089657057233126
00.0000000240935089657057233126
00.0000000240935089657057233126
00.0000000240935089657057233126
00.0000000240935089657057233126
00.0000000240935089657057233126
00.0000000240935089657057233126
00.0000000240935089657057233126
00.0000000240935089657057233126
00.0000000240935089657057233126
00.0000000240935089657057233126
00.0000000240935089657057233126
00.0000000240935089657057233126
00.0000000240935089657057233126
00.0000000240935089657057233126
00.0000000240935089657057233126
00.0000000240935089657057233126
00.0000000240935089657057233126
00.0000000240935089657057233126
00.0000000240935089657057233126
00.0000000240935089657057233126
00.0000000240935089657057233126
00.0000000240935089657057233126
00.0000000240935089657057233126
00.0000000240935089657057233126
00.0000000240935089657057233126
00.0000000240935089657057233126
00.0000000240935089657057233126
00.0000000240935089657057233126
00.0000000240935089657057233126
00.0000000240935089657057233126
00.0000000240935089657057233126
00.0000000240935089657057233126
00.0000000240935089657057233126
00.0000000240935089657057233126
00.0000000240935089657057233126
00.0000000240935089657057233126
00.0000000240935089657057233126
00.0000000240935089657057233126
00.0000000240935089657057233126
00.0000000240935089657057233126
00.0000000240935089657057233126
00.0000000240935089657057233126
00.0000000240935089657057233126
00.0000000240935089657057233126
00.0000000240935089657057233126
00.0000000240935089657057233126
00.0000000240935089657057233126
00.0000000240935089657057233126
00.0000000240935089657057233126
00.0000000240935089657057233126
00.0000000240935089657057233126
00.0000000240935089657057233126
00.0000000240935089657057233126
00.0000000240935089657057233126
00.0000000240935089657057233126
00.0000000240935089657057233126
00.0000000240935089657057233126
00.0000000240935089657057233126
00.0000000240935089657057233126
00.0000000240935089657057233126
00.0000000240935089657057233126
00.0000000240935089657057233126
00.0000000240935089657057233126
00.0000000240935089657057233126
00.0000000240935089657057233126
00.0000000240935089657057233126
00.0000000240935089657057233126
00.0000000240935089657057233126
00.0000000240935089657057233126
00.0000000240935089657057233126
00.0000000240935089657057233126
00.0000000240935089657057233126
00.0000000240935089657057233126
00.0000000240935089657057233126
00.0000000240935089657057233126
00.0000000240935089657057233126
00.0000000240935089657057233126
00.0000000240935089657057233126
00.0000000240935089657057233126
00.0000000240935089657057233126
00.0000000240935089657057233126
00.0000000240935089657057233126
00.0000000240935089657057233126
00.0000000240935089657057233126
00.0000000240935089657057233126
00.0000000240935089657057233126
00.0000000240935089657057233126
00.0000000240935089657057233126
00.0000000240935089657057233126
00.0000000240935089657057233126
00.0000000240935089657057233126
00.0000000240935089657057233126
00.0000000240935089657057233126
00.0000000240935089657057233126
00.0000000240935089657057233126
00.0000000240935089657057233126
00.0000000240935089657057233126
00.0000000240935089657057233126
00.0000000240935089657057233126
00.0000000240935089657057233126
00.0000000240935089657057233126
00.0000000240935089657057233126
00.0000000240935089657057233126
00.0000000240935089657057233126
00.0000000240935089657057233126
00.0000000240935089657057233126
00.0000000240935089657057233126
00.0000000240935089657057233126
00.0000000240935089657057233126
00.0000000240935089657057233126
00.0000000240935089657057233126
00.0000000240935089657057233126
00.0000000240935089657057233126
00.0000000240935089657057233126
00.0000000240935089657057233126
00.0000000240935089657057233126
00.0000000240935089657057233126
00.0000000240935089657057233126
00.0000000240935089657057233126
00.0000000240935089657057233126
00.0000000240935089657057233126
00.0000000240935089657057233126
00.0000000240935089657057233126
00.0000000240935089657057233126
00.0000000240935089657057233126
00.0000000240935089657057233126
00.0000000240935089657057233126
00.0000000240935089657057233126
00.0000000240935089657057233126
00.0000000240935089657057233126
00.0000000240935089657057233126
00.0000000240935089657057233126
00.0000000240935089657057233126
00.0000000240935089657057233126
00.0000000240935089657057233126
00.0000000240935089657057233126
00.0000000240935089657057233126
00.0000000240935089657057233126
00.0000000240935089657057233126
00.0000000240935089657057233126
00.0000000240935089657057233126
00.0000000240935089657057233126
00.0000000240935089657057233126
00.0000000240935089657057233126
00.0000000240935089657057233126
00.0000000240935089657057233126
00.0000000240935089657057233126
00.0000000240935089657057233126
00.0000000240935089657057233126
00.0000000240935089657057233126
00.0000000240935089657057233126
00.0000000240935089657057233126
00.0000000240935089657057233126
00.0000000240935089657057233126
00.0000000240935089657057233126
00.0000000240935089657057233126
00.0000000240935089657057233126
00.0000000240935089657057233126
00.0000000240935089657057233126
00.0000000240935089657057233126
00.0000000240935089657057233126
00.0000000240935089657057233126
00.0000000240935089657057233126
00.0000000240935089657057233126
00.0000000240935089657057233126
00.0000000240935089657057233126
00.0000000240935089657057233126
00.0000000240935089657057233126
00.0000000240935089657057233126
00.0000000240935089657057233126
00.0000000240935089657057233126
00.0000000240935089657057233126
00.0000000240935089657057233126
00.0000000240935089657057233126
00.0000000240935089657057233126
00.0000000240935089657057233126
00.0000000240935089657057233126
00.0000000240935089657057233126
00.0000000240935089657057233126
00.0000000240935089657057233126
00.0000000240935089657057233126
00.0000000240935089657057233126
00.0000000240935089657057233126
00.0000000240935089657057233126
00.0000000240935089657057233126
00.0000000240935089657057233126
00.0000000240935089657057233126
00.0000000240935089657057233126
00.0000000240935089657057233126
00.0000000240935089657057233126
00.0000000240935089657057233126
00.0000000240935089657057233126
00.0000000240935089657057233126
00.0000000240935089657057233126
00.0000000240935089657057233126
00.0000000240935089657057233126
00.0000000240935089657057233126
00.0000000240935089657057233126
00.0000000240935089657057233126
00.0000000240935089657057233126
00.0000000240935089657057233126
00.0000000240935089657057233126
00.0000000240935089657057233126
00.0000000240935089657057233126
00.0000000240935089657057233126
00.0000000240935089657057233126
00.0000000240935089657057233126
00.0000000240935089657057233126
00.0000000240935089657057233126
00.0000000240935089657057233126
00.0000000240935089657057233126
00.0000000240935089657057233126
00.0000000240935089657057233126
00.0000000240935089657057233126
00.0000000240935089657057233126
00.0000000240935089657057233126
00.0000000240935089657057233126
00.0000000240935089657057233126
00.0000000240935089657057233126
00.0000000240935089657057233126
00.0000000240935089657057233126
00.0000000240935089657057233126
00.0000000240935089657057233126
00.0000000240935089657057233126
00.0000000240935089657057233126
00.0000000240935089657057233126
00.0000000240935089657057233126
00.0000000240935089657057233126
00.0000000240935089657057233126
00.0000000240935089657057233126
00.0000000240935089657057233126
00.0000000240935089657057233126
00.0000000240935089657057233126
00.0000000240935089657057233126
00.0000000240935089657057233126
00.0000000240935089657057233126
00.0000000240935089657057233126
00.0000000240935089657057233126
00.0000000240935089657057233126
00.0000000240935089657057233126
00.0000000240935089657057233126
00.0000000240935089657057233126
00.0000000240935089657057233126
00.0000000240935089657057233126
00.0000000240935089657057233126
00.0000000240935089657057233126
00.0000000240935089657057233126
00.0000000240935089657057233126
00.0000000240935089657057233126
00.0000000240935089657057233126
00.0000000240935089657057233126
00.0000000240935089657057233126
00.0000000240935089657057233126
00.0000000240935089657057233126
00.0000000240935089657057233126
00.0000000240935089657057233126
00.0000000240935089657057233126
00.0000000240935089657057233126
00.0000000240935089657057233126
00.0000000240935089657057233126
00.0000000240935089657057233126
00.0000000240935089657057233126
00.0000000240935089657057233126
00.0000000240935089657057233126
00.0000000240935089657057233126
00.0000000240935089657057233126
00.0000000240935089657057233126
00.0000000240935089657057233126
00.0000000240935089657057233126
00.0000000240935089657057233126
00.0000000240935089657057233126
00.0000000240935089657057233126
00.0000000240935089657057233126
00.0000000240935089657057233126
00.0000000240935089657057233126
00.0000000240935089657057233126
00.0000000240935089657057233126
00.0000000240935089657057233126
00.0000000240935089657057233126
00.0000000240935089657057233126
00.0000000240935089657057233126
00.0000000240935089657057233126
00.0000000240935089657057233126
00.0000000240935089657057233126
00.0000000240935089657057233126
00.0000000240935089657057233126
00.0000000240935089657057233126
00.0000000240935089657057233126
00.0000000240935089657057233126
00.0000000240935089657057233126
00.0000000240935089657057233126
00.0000000240935089657057233126
00.0000000240935089657057233126
00.0000000240935089657057233126
00.0000000240935089657057233126
00.0000000240935089657057233126
00.0000000240935089657057233126
00.0000000240935089657057233126
00.0000000240935089657057233126
00.0000000240935089657057233126
00.0000000240935089657057233126
00.0000000240935089657057233126
00.0000000240935089657057233126
00.0000000240935089657057233126
00.0000000240935089657057233126
00.0000000240935089657057233126
00.0000000240935089657057233126
00.0000000240935089657057233126
00.0000000240935089657057233126
00.0000000240935089657057233126
00.0000000240935089657057233126
00.0000000240935089657057233126
00.0000000240935089657057233126
00.0000000240935089657057233126
00.0000000240935089657057233126
00.0000000240935089657057233126
00.0000000240935089657057233126
00.0000000240935089657057233126
00.0000000240935089657057233126
00.0000000240935089657057233126
00.0000000240935089657057233126
00.0000000240935089657057233126
00.0000000240935089657057233126
00.0000000240935089657057233126
00.0000000240935089657057233126
00.0000000240935089657057233126
00.0000000240935089657057233126
00.0000000240935089657057233126
00.0000000240935089657057233126
00.0000000240935089657057233126
00.0000000240935089657057233126
00.0000000240935089657057233126
00.0000000240935089657057233126
00.0000000240935089657057233126
00.0000000240935089657057233126
00.0000000240935089657057233126
00.0000000240935089657057233126
00.0000000240935089657057233126
00.0000000240935089657057233126
00.0000000240935089657057233126
00.0000000240935089657057233126
00.0000000240935089657057233126
00.0000000240935089657057233126
00.0000000240935089657057233126
00.0000000240935089657057233126
00.0000000240935089657057233126
00.0000000240935089657057233126
00.0000000240935089657057233126
00.0000000240935089657057233126
00.0000000240935089657057233126
00.0000000240935089657057233126
00.0000000240935089657057233126
00.0000000240935089657057233126
00.0000000240935089657057233126
00.0000000240935089657057233126
00.0000000240935089657057233126
00.0000000240935089657057233126
00.0000000240935089657057233126
00.0000000240935089657057233126
00.0000000240935089657057233126
00.0000000240935089657057233126
00.0000000240935089657057233126
00.0000000240935089657057233126
00.0000000240935089657057233126
00.0000000240935089657057233126
00.0000000240935089657057233126
00.0000000240935089657057233126
00.0000000240935089657057233126
00.0000000240935089657057233126
00.0000000240935089657057233126
00.0000000240935089657057233126
00.0000000240935089657057233126
00.0000000240935089657057233126
00.0000000240935089657057233126
00.0000000240935089657057233126
00.0000000240935089657057233126
00.0000000240935089657057233126
00.0000000240935089657057233126
00.0000000240935089657057233126
00.0000000240935089657057233126
00.0000000240935089657057233126
00.0000000240935089657057233126
00.0000000240935089657057233126
00.0000000240935089657057233126
00.0000000240935089657057233126
00.0000000240935089657057233126
00.0000000240935089657057233126
00.0000000240935089657057233126
00.0000000240935089657057233126
00.0000000240935089657057233126
00.0000000240935089657057233126
00.0000000240935089657057233126
00.0000000240935089657057233126
00.0000000240935089657057233126
00.0000000240935089657057233126
00.0000000240935089657057233126
00.0000000240935089657057233126
00.0000000240935089657057233126
00.0000000240935089657057233126
00.0000000240935089657057233126
00.0000000240935089657057233126
00.0000000240935089657057233126
00.0000000240935089657057233126
00.0000000240935089657057233126
00.0000000240935089657057233126
00.0000000240935089657057233126
00.0000000240935089657057233126
00.0000000240935089657057233126
00.0000000240935089657057233126
00.0000000240935089657057233126
00.0000000240935089657057233126
00.0000000240935089657057233126
00.0000000240935089657057233126
00.0000000240935089657057233126
00.0000000240935089657057233126
00.0000000240935089657057233126
00.0000000240935089657057233126
00.0000000240935089657057233126
00.0000000240935089657057233126
00.0000000240935089657057233126
00.0000000240935089657057233126
00.0000000240935089657057233126
00.0000000240935089657057233126
00.0000000240935089657057233126
00.0000000240935089657057233126
00.0000000240935089657057233126
00.0000000240935089657057233126
00.0000000240935089657057233126
00.0000000240935089657057233126
00.0000000240935089657057233126
00.0000000240935089657057233126
00.0000000240935089657057233126
00.0000000240935089657057233126
00.0000000240935089657057233126
00.0000000240935089657057233126
00.0000000240935089657057233126
00.0000000240935089657057233126
00.0000000240935089657057233126
00.0000000240935089657057233126
00.0000000240935089657057233126
00.0000000240935089657057233126
00.0000000240935089657057233126
00.0000000240935089657057233126
00.0000000240935089657057233126
00.0000000240935089657057233126
00.0000000240935089657057233126
00.0000000240935089657057233126
00.0000000240935089657057233126
00.0000000240935089657057233126
00.0000000240935089657057233126
00.0000000240935089657057233126
00.0000000240935089657057233126
00.0000000240935089657057233126
00.0000000240935089657057233126
00.0000000240935089657057233126
00.0000000240935089657057233126
00.0000000240935089657057233126
00.0000000240935089657057233126
00.0000000240935089657057233126
00.0000000240935089657057233126
00.0000000240935089657057233126
00.0000000240935089657057233126
00.0000000240935089657057233126
00.0000000240935089657057233126
00.0000000240935089657057233126
00.0000000240935089657057233126
00.0000000240935089657057233126
00.0000000240935089657057233126
00.0000000240935089657057233126
00.0000000240935089657057233126
00.0000000240935089657057233126
00.0000000240935089657057233126
00.0000000240935089657057233126
00.0000000240935089657057233126
00.0000000240935089657057233126
00.0000000240935089657057233126
00.0000000240935089657057233126
00.0000000240935089657057233126
00.0000000240935089657057233126
00.0000000240935089657057233126
00.0000000240935089657057233126
00.0000000240935089657057233126
00.0000000240935089657057233126
00.0000000240935089657057233126
00.0000000240935089657057233126
00.0000000240935089657057233126
00.0000000240935089657057233126
00.0000000240935089657057233126
00.0000000240935089657057233126
00.0000000240935089657057233126
00.0000000240935089657057233126
00.0000000240935089657057233126
00.0000000240935089657057233126
00.0000000240935089657057233126
00.0000000240935089657057233126
00.0000000240935089657057233126
00.0000000240935089657057233126
00.0000000240935089657057233126
00.0000000240935089657057233126
00.0000000240935089657057233126
00.0000000240935089657057233126
00.0000000240935089657057233126
00.0000000240935089657057233126
00.0000000240935089657057233126
00.0000000240935089657057233126
00.0000000240935089657057233126
00.0000000240935089657057233126
00.0000000240935089657057233126
00.0000000240935089657057233126
00.0000000240935089657057233126
00.0000000240935089657057233126
00.0000000240935089657057233126
00.0000000240935089657057233126
00.0000000240935089657057233126
00.0000000240935089657057233126
00.0000000240935089657057233126
00.0000000240935089657057233126
00.0000000240935089657057233126
00.0000000240935089657057233126
00.0000000240935089657057233126
00.0000000240935089657057233126
00.0000000240935089657057233126
00.0000000240935089657057233126
00.0000000240935089657057233126
00.0000000240935089657057233126
00.0000000240935089657057233126
00.0000000240935089657057233126
00.0000000240935089657057233126
00.0000000240935089657057233126
00.0000000240935089657057233126
00.0000000240935089657057233126
00.0000000240935089657057233126
00.0000000240935089657057233126
00.0000000240935089657057233126
00.0000000240935089657057233126
00.0000000240935089657057233126
00.0000000240935089657057233126
00.0000000240935089657057233126
00.0000000240935089657057233126
00.0000000240935089657057233126
00.0000000240935089657057233126
00.0000000240935089657057233126
00.0000000240935089657057233126
00.0000000240935089657057233126
00.0000000240935089657057233126
00.0000000240935089657057233126
00.0000000240935089657057233126
00.0000000240935089657057233126
00.0000000240935089657057233126
00.0000000240935089657057233126
00.0000000240935089657057233126
00.0000000240935089657057233126
00.0000000240935089657057233126
00.0000000240935089657057233126
00.0000000240935089657057233126
00.0000000240935089657057233126
00.0000000240935089657057233126
00.0000000240935089657057233126
00.0000000240935089657057233126
00.0000000240935089657057233126
00.0000000240935089657057233126
00.0000000240935089657057233126
00.0000000240935089657057233126
00.0000000240935089657057233126
00.0000000240935089657057233126
00.0000000240935089657057233126
00.0000000240935089657057233126
00.0000000240935089657057233126
00.0000000240935089657057233126
00.0000000240935089657057233126
00.0000000240935089657057233126
00.0000000240935089657057233126
00.0000000240935089657057233126
00.0000000240935089657057233126
00.0000000240935089657057233126
00.0000000240935089657057233126
00.0000000240935089657057233126
00.0000000240935089657057233126
00.0000000240935089657057233126
00.0000000240935089657057233126
00.0000000240935089657057233126
00.0000000240935089657057233126
00.0000000240935089657057233126
00.0000000240935089657057233126
00.0000000240935089657057233126
00.0000000240935089657057233126
00.0000000240935089657057233126
00.0000000240935089657057233126
00.0000000240935089657057233126
00.0000000240935089657057233126
00.0000000240935089657057233126
00.0000000240935089657057233126
00.0000000240935089657057233126
00.0000000240935089657057233126
00.0000000240935089657057233126
00.0000000240935089657057233126
00.0000000240935089657057233126
00.0000000240935089657057233126
00.0000000240935089657057233126
00.0000000240935089657057233126
00.0000000240935089657057233126
00.0000000240935089657057233126
00.0000000240935089657057233126
00.0000000240935089657057233126
00.0000000240935089657057233126
00.0000000240935089657057233126
00.0000000240935089657057233126
00.0000000240935089657057233126
00.0000000240935089657057233126
00.0000000240935089657057233126
00.0000000240935089657057233126
00.0000000240935089657057233126
00.0000000240935089657057233126
00.0000000240935089657057233126
00.0000000240935089657057233126
00.0000000240935089657057233126
00.0000000240935089657057233126
00.0000000240935089657057233126
00.0000000240935089657057233126
00.0000000240935089657057233126
00.0000000240935089657057233126
00.0000000240935089657057233126
00.0000000240935089657057233126
00.0000000240935089657057233126
00.0000000240935089657057233126
00.0000000240935089657057233126
00.0000000240935089657057233126
00.0000000240935089657057233126
00.0000000240935089657057233126
00.0000000240935089657057233126
00.0000000240935089657057233126
00.0000000240935089657057233126
00.0000000240935089657057233126
00.0000000240935089657057233126
00.0000000240935089657057233126
00.0000000240935089657057233126
00.0000000240935089657057233126
00.0000000240935089657057233126
00.0000000240935089657057233126
00.0000000240935089657057233126
00.0000000240935089657057233126
00.0000000240935089657057233126
00.0000000240935089657057233126
00.0000000240935089657057233126
00.0000000240935089657057233126
00.0000000240935089657057233126
00.0000000240935089657057233126
00.0000000240935089657057233126
00.0000000240935089657057233126
00.0000000240935089657057233126
00.0000000240935089657057233126
00.0000000240935089657057233126
00.0000000240935089657057233126
00.0000000240935089657057233126
00.0000000240935089657057233126
00.0000000240935089657057233126
00.0000000240935089657057233126
00.0000000240935089657057233126
00.0000000240935089657057233126
00.0000000240935089657057233126
00.0000000240935089657057233126
00.0000000240935089657057233126
00.0000000240935089657057233126
00.0000000240935089657057233126
00.0000000240935089657057233126
00.0000000240935089657057233126
00.0000000240935089657057233126
00.0000000240935089657057233126
00.0000000240935089657057233126
00.0000000240935089657057233126
00.0000000240935089657057233126
00.0000000240935089657057233126
00.0000000240935089657057233126
00.0000000240935089657057233126
00.0000000240935089657057233126
00.0000000240935089657057233126
00.0000000240935089657057233126
00.0000000240935089657057233126
00.0000000240935089657057233126
00.0000000240935089657057233126
00.0000000240935089657057233126
00.0000000240935089657057233126
00.0000000240935089657057233126
00.0000000240935089657057233126
00.0000000240935089657057233126
00.0000000240935089657057233126
00.0000000240935089657057233126
00.0000000240935089657057233126
00.0000000240935089657057233126
00.0000000240935089657057233126
00.0000000240935089657057233126
00.0000000240935089657057233126
00.0000000240935089657057233126
00.0000000240935089657057233126
00.0000000240935089657057233126
00.0000000240935089657057233126
00.0000000240935089657057233126
00.0000000240935089657057233126
00.0000000240935089657057233126
00.0000000240935089657057233126
00.0000000240935089657057233126
00.0000000240935089657057233126
00.0000000240935089657057233126
00.0000000240935089657057233126
00.0000000240935089657057233126
00.0000000240935089657057233126
00.0000000240935089657057233126
00.0000000240935089657057233126
00.0000000240935089657057233126
00.0000000240935089657057233126
00.0000000240935089657057233126
00.0000000240935089657057233126
00.0000000240935089657057233126
00.0000000240935089657057233126
00.0000000240935089657057233126
00.0000000240935089657057233126
00.0000000240935089657057233126
00.0000000240935089657057233126
00.0000000240935089657057233126
00.0000000240935089657057233126
00.0000000240935089657057233126
00.0000000240935089657057233126
00.0000000240935089657057233126
00.0000000240935089657057233126
00.0000000240935089657057233126
00.0000000240935089657057233126
00.0000000240935089657057233126
00.0000000240935089657057233126
00.0000000240935089657057233126
00.0000000240935089657057233126
00.0000000240935089657057233126
00.0000000240935089657057233126
00.0000000240935089657057233126
00.0000000240935089657057233126
00.0000000240935089657057233126
00.0000000240935089657057233126
00.0000000240935089657057233126
00.0000000240935089657057233126
00.0000000240935089657057233126
00.0000000240935089657057233126
00.0000000240935089657057233126
00.0000000240935089657057233126
00.0000000240935089657057233126
00.0000000240935089657057233126
00.0000000240935089657057233126
00.0000000240935089657057233126
00.0000000240935089657057233126
00.0000000240935089657057233126
00.0000000240935089657057233126
00.0000000240935089657057233126
00.0000000240935089657057233126
00.0000000240935089657057233126
00.0000000240935089657057233126
00.0000000240935089657057233126
00.0000000240935089657057233126
00.0000000240935089657057233126
00.0000000240935089657057233126
00.0000000240935089657057233126
00.0000000240935089657057233126
00.0000000240935089657057233126
00.0000000240935089657057233126
00.0000000240935089657057233126
00.0000000240935089657057233126
00.0000000240935089657057233126
00.0000000240935089657057233126
00.0000000240935089657057233126
00.0000000240935089657057233126
00.0000000240935089657057233126
00.0000000240935089657057233126
00.0000000240935089657057233126
00.0000000240935089657057233126
00.0000000240935089657057233126
00.0000000240935089657057233126
00.0000000240935089657057233126
00.0000000240935089657057233126
00.0000000240935089657057233126
00.0000000240935089657057233126
00.0000000240935089657057233126
00.0000000240935089657057233126
00.0000000240935089657057233126
00.0000000240935089657057233126
00.0000000240935089657057233126
00.0000000240935089657057233126
00.0000000240935089657057233126
00.0000000240935089657057233126
00.0000000240935089657057233126
00.0000000240935089657057233126
00.0000000240935089657057233126
00.0000000240935089657057233126
00.0000000240935089657057233126
00.0000000240935089657057233126
00.0000000240935089657057233126
00.0000000240935089657057233126
00.0000000240935089657057233126
00.0000000240935089657057233126
00.0000000240935089657057233126
00.0000000240935089657057233126
00.0000000240935089657057233126
00.0000000240935089657057233126
00.0000000240935089657057233126
00.0000000240935089657057233126
00.0000000240935089657057233126
00.0000000240935089657057233126
00.0000000240935089657057233126
00.0000000221786474741136885314
00.0000000221786474741136885314
00.0000000221786474741136885314
00.0000000221786474741136885314
00.0000000221786474741136885314
00.0000000221786474741136885314
00.0000000221786474741136885314
00.0000000221786474741136885314
00.0000000221786474741136885314
00.0000000221786474741136885314
00.0000000221786474741136885314
00.0000000221786474741136885314
00.0000000221786474741136885314
00.0000000221786474741136885314
00.0000000221786474741136885314
00.0000000221786474741136885314
00.0000000221786474741136885314
00.0000000221786474741136885314
00.0000000221786474741136885314
00.0000000221786474741136885314
00.0000000221786474741136885314
00.0000000221786474741136885314
00.0000000221786474741136885314
00.0000000221786474741136885314
00.0000000221786474741136885314
00.0000000221786474741136885314
00.0000000221786474741136885314
00.0000000221786474741136885314
00.0000000221786474741136885314
00.0000000221786474741136885314
00.0000000221786474741136885314
00.0000000221786474741136885314
00.0000000221786474741136885314
00.0000000221786474741136885314
00.0000000221786474741136885314
00.0000000221786474741136885314
00.0000000221786474741136885314
00.0000000221786474741136885314
00.0000000221786474741136885314
00.0000000221786474741136885314
00.0000000221786474741136885314
00.0000000221786474741136885314
00.0000000221786474741136885314
00.0000000221786474741136885314
00.0000000221786474741136885314
00.0000000221786474741136885314
00.0000000221786474741136885314
00.0000000221786474741136885314
00.0000000221786474741136885314
00.0000000221786474741136885314
00.0000000221786474741136885314
00.0000000221786474741136885314
00.0000000221786474741136885314
00.0000000221786474741136885314
00.0000000221786474741136885314
00.0000000221786474741136885314
00.0000000221786474741136885314
00.0000000221786474741136885314
00.0000000221786474741136885314
00.0000000221786474741136885314
00.0000000221786474741136885314
00.0000000221786474741136885314
00.0000000221786474741136885314
00.0000000221786474741136885314
00.0000000221786474741136885314
00.0000000221786474741136885314
00.0000000221786474741136885314
00.0000000221786474741136885314
00.0000000221786474741136885314
00.0000000221786474741136885314
00.0000000221786474741136885314
00.0000000221786474741136885314
00.0000000221786474741136885314
00.0000000221786474741136885314
00.0000000221786474741136885314
00.0000000221786474741136885314
00.0000000221786474741136885314
00.0000000221786474741136885314
00.0000000221786474741136885314
00.0000000221786474741136885314
00.0000000221786474741136885314
00.0000000221786474741136885314
00.0000000221786474741136885314
00.0000000221786474741136885314
00.0000000221786474741136885314
00.0000000221786474741136885314
00.0000000221786474741136885314
00.0000000221786474741136885314
00.0000000221786474741136885314
00.0000000221786474741136885314
00.0000000221786474741136885314
00.0000000221786474741136885314
00.0000000221786474741136885314
00.0000000221786474741136885314
00.0000000221786474741136885314
00.0000000221786474741136885314
00.0000000221786474741136885314
00.0000000221786474741136885314
00.0000000221786474741136885314
00.0000000221786474741136885314
00.0000000221786474741136885314
00.0000000221786474741136885314
00.0000000221786474741136885314
00.0000000221786474741136885314
00.0000000221786474741136885314
00.0000000221786474741136885314
00.0000000221786474741136885314
00.0000000221786474741136885314
00.0000000221786474741136885314
00.0000000221786474741136885314
00.0000000221786474741136885314
00.0000000221786474741136885314
00.0000000221786474741136885314
00.0000000221786474741136885314
00.0000000221786474741136885314
00.0000000221786474741136885314
00.0000000221786474741136885314
00.0000000221786474741136885314
00.0000000221786474741136885314
00.0000000221786474741136885314
00.0000000221786474741136885314
00.0000000221786474741136885314
00.0000000221786474741136885314
00.0000000221786474741136885314
00.0000000221786474741136885314
00.0000000221786474741136885314
00.0000000221786474741136885314
00.0000000221786474741136885314
00.0000000221786474741136885314
00.0000000221786474741136885314
00.0000000221786474741136885314
00.0000000221786474741136885314
00.0000000221786474741136885314
00.0000000221786474741136885314
00.0000000221786474741136885314
00.0000000221786474741136885314
00.0000000221786474741136885314
00.0000000221786474741136885314
00.0000000221786474741136885314
00.0000000221786474741136885314
00.0000000221786474741136885314
00.0000000221786474741136885314
00.0000000221786474741136885314
00.0000000221786474741136885314
00.0000000221786474741136885314
00.0000000221786474741136885314
00.0000000221786474741136885314
00.0000000221786474741136885314
00.0000000221786474741136885314
00.0000000221786474741136885314
00.0000000221786474741136885314
00.0000000221786474741136885314
00.0000000221786474741136885314
00.0000000221786474741136885314
00.0000000221786474741136885314
00.0000000221786474741136885314
00.0000000221786474741136885314
00.0000000221786474741136885314
00.0000000221786474741136885314
00.0000000221786474741136885314
00.0000000221786474741136885314
00.0000000221786474741136885314
00.0000000221786474741136885314
00.0000000221786474741136885314
00.0000000221786474741136885314
00.0000000221786474741136885314
00.0000000221786474741136885314
00.0000000221786474741136885314
00.0000000221786474741136885314
00.0000000221786474741136885314
00.0000000221786474741136885314
00.0000000221786474741136885314
00.0000000221786474741136885314
00.0000000221786474741136885314
00.0000000221786474741136885314
00.0000000221786474741136885314
00.0000000221786474741136885314
00.0000000221786474741136885314
00.0000000221786474741136885314
00.0000000221786474741136885314
00.0000000221786474741136885314
00.0000000221786474741136885314
00.0000000221786474741136885314
00.0000000221786474741136885314
00.0000000221786474741136885314
00.0000000221786474741136885314
00.0000000221786474741136885314
00.0000000221786474741136885314
00.0000000221786474741136885314
00.0000000221786474741136885314
00.0000000221786474741136885314
00.0000000221786474741136885314
00.0000000221786474741136885314
00.0000000221786474741136885314
00.0000000221786474741136885314
00.0000000221786474741136885314
00.0000000221786474741136885314
00.0000000221786474741136885314
00.0000000221786474741136885314
00.0000000221786474741136885314
00.0000000221786474741136885314
00.0000000221786474741136885314
00.0000000221786474741136885314
00.0000000221786474741136885314
00.0000000221786474741136885314
00.0000000221786474741136885314
00.0000000221786474741136885314
00.0000000221786474741136885314
00.0000000221786474741136885314
00.0000000221786474741136885314
00.0000000221786474741136885314
00.0000000221786474741136885314
00.0000000221786474741136885314
00.0000000221786474741136885314
00.0000000221786474741136885314
00.0000000221786474741136885314
00.0000000221786474741136885314
00.0000000221786474741136885314
00.0000000221786474741136885314
00.0000000221786474741136885314
00.0000000221786474741136885314
00.0000000221786474741136885314
00.0000000221786474741136885314
00.0000000221786474741136885314
00.0000000221786474741136885314
00.0000000221786474741136885314
00.0000000221786474741136885314
00.0000000221786474741136885314
00.0000000221786474741136885314
00.0000000221786474741136885314
00.0000000221786474741136885314
00.0000000221786474741136885314
00.0000000221786474741136885314
00.0000000221786474741136885314
00.0000000221786474741136885314
00.0000000221786474741136885314
00.0000000221786474741136885314
00.0000000221786474741136885314
00.0000000221786474741136885314
00.0000000221786474741136885314
00.0000000221786474741136885314
00.0000000221786474741136885314
00.0000000221786474741136885314
00.0000000221786474741136885314
00.0000000221786474741136885314
00.0000000221786474741136885314
00.0000000221786474741136885314
00.0000000221786474741136885314
00.0000000221786474741136885314
00.0000000221786474741136885314
00.0000000221786474741136885314
00.0000000221786474741136885314
00.0000000221786474741136885314
00.0000000221786474741136885314
00.0000000221786474741136885314
00.0000000221786474741136885314
00.0000000221786474741136885314
00.0000000221786474741136885314
00.0000000221786474741136885314
00.0000000221786474741136885314
00.0000000221786474741136885314
00.0000000221786474741136885314
00.0000000221786474741136885314
00.0000000221786474741136885314
00.0000000221786474741136885314
00.0000000221786474741136885314
00.0000000221786474741136885314
00.0000000221786474741136885314
00.0000000221786474741136885314
00.0000000221786474741136885314
00.0000000221786474741136885314
00.0000000221786474741136885314
00.0000000221786474741136885314
00.0000000221786474741136885314
00.0000000221786474741136885314
00.0000000221786474741136885314
00.0000000221786474741136885314
00.0000000221786474741136885314
00.0000000221786474741136885314
00.0000000221786474741136885314
00.0000000221786474741136885314
00.0000000221786474741136885314
00.0000000221786474741136885314
00.0000000221786474741136885314
00.0000000221786474741136885314
00.0000000221786474741136885314
00.0000000221786474741136885314
00.0000000221786474741136885314
00.0000000221786474741136885314
00.0000000221786474741136885314
00.0000000221786474741136885314
00.0000000221786474741136885314
00.0000000221786474741136885314
00.0000000221786474741136885314
00.0000000221786474741136885314
00.0000000221786474741136885314
00.0000000221786474741136885314
00.0000000221786474741136885314
00.0000000221786474741136885314
00.0000000221786474741136885314
00.0000000221786474741136885314
00.0000000221786474741136885314
00.0000000221786474741136885314
00.0000000221786474741136885314
00.0000000221786474741136885314
00.0000000221786474741136885314
00.0000000221786474741136885314
00.0000000221786474741136885314
00.0000000221786474741136885314
00.0000000221786474741136885314
00.0000000221786474741136885314
00.0000000221786474741136885314
00.0000000221786474741136885314
00.0000000221786474741136885314
00.0000000221786474741136885314
00.0000000221786474741136885314
00.0000000221786474741136885314
00.0000000221786474741136885314
00.0000000221786474741136885314
00.0000000221786474741136885314
00.0000000221786474741136885314
00.0000000221786474741136885314
00.0000000221786474741136885314
00.0000000221786474741136885314
00.0000000221786474741136885314
00.0000000221786474741136885314
00.0000000221786474741136885314
00.0000000221786474741136885314
00.0000000221786474741136885314
00.0000000221786474741136885314
00.0000000221786474741136885314
00.0000000221786474741136885314
00.0000000221786474741136885314
00.0000000221786474741136885314
00.0000000221786474741136885314
00.0000000221786474741136885314
00.0000000221786474741136885314
00.0000000221786474741136885314
00.0000000221786474741136885314
00.0000000221786474741136885314
00.0000000221786474741136885314
00.0000000221786474741136885314
00.0000000221786474741136885314
00.0000000221786474741136885314
00.0000000221786474741136885314
00.0000000221786474741136885314
00.0000000221786474741136885314
00.0000000221786474741136885314
00.0000000221786474741136885314
00.0000000221786474741136885314
00.0000000221786474741136885314
00.0000000221786474741136885314
00.0000000221786474741136885314
00.0000000221786474741136885314
00.0000000221786474741136885314
00.0000000221786474741136885314
00.0000000221786474741136885314
00.0000000221786474741136885314
00.0000000221786474741136885314
00.0000000221786474741136885314
00.0000000221786474741136885314
00.0000000221786474741136885314
00.0000000221786474741136885314
00.0000000221786474741136885314
00.0000000221786474741136885314
00.0000000221786474741136885314
00.0000000221786474741136885314
00.0000000221786474741136885314
00.0000000221786474741136885314
00.0000000221786474741136885314
00.0000000221786474741136885314
00.0000000221786474741136885314
00.0000000221786474741136885314
00.0000000221786474741136885314
00.0000000221786474741136885314
00.0000000221786474741136885314
00.0000000221786474741136885314
00.0000000221786474741136885314
00.0000000221786474741136885314
00.0000000221786474741136885314
00.0000000221786474741136885314
00.0000000221786474741136885314
00.0000000221786474741136885314
00.0000000221786474741136885314
00.0000000221786474741136885314
00.0000000221786474741136885314
00.0000000221786474741136885314
00.0000000221786474741136885314
00.0000000221786474741136885314
00.0000000221786474741136885314
00.0000000221786474741136885314
00.0000000221786474741136885314
00.0000000221786474741136885314
00.0000000221786474741136885314
00.0000000221786474741136885314
00.0000000221786474741136885314
00.0000000221786474741136885314
00.0000000221786474741136885314
00.0000000221786474741136885314
00.0000000221786474741136885314
00.0000000221786474741136885314
00.0000000221786474741136885314
00.0000000221786474741136885314
00.0000000221786474741136885314
00.0000000221786474741136885314
00.0000000221786474741136885314
00.0000000221786474741136885314
00.0000000221786474741136885314
00.0000000221786474741136885314
00.0000000221786474741136885314
00.0000000221786474741136885314
00.0000000221786474741136885314
00.0000000221786474741136885314
00.0000000221786474741136885314
00.0000000221786474741136885314
00.0000000221786474741136885314
00.0000000221786474741136885314
00.0000000221786474741136885314
00.0000000221786474741136885314
00.0000000221786474741136885314
00.0000000221786474741136885314
00.0000000221786474741136885314
00.0000000221786474741136885314
00.0000000221786474741136885314
00.0000000221786474741136885314
00.0000000221786474741136885314
00.0000000221786474741136885314
00.0000000221786474741136885314
00.0000000221786474741136885314
00.0000000221786474741136885314
00.0000000221786474741136885314
00.0000000221786474741136885314
00.0000000221786474741136885314
00.0000000221786474741136885314
00.0000000221786474741136885314
00.0000000221786474741136885314
00.0000000221786474741136885314
00.0000000221786474741136885314
00.0000000221786474741136885314
00.0000000221786474741136885314
00.0000000221786474741136885314
00.0000000221786474741136885314
00.0000000221786474741136885314
00.0000000221786474741136885314
00.0000000221786474741136885314
00.0000000221786474741136885314
00.0000000221786474741136885314
00.0000000221786474741136885314
00.0000000221786474741136885314
00.0000000221786474741136885314
00.0000000221786474741136885314
00.0000000221786474741136885314
00.0000000221786474741136885314
00.0000000221786474741136885314
00.0000000221786474741136885314
00.0000000221786474741136885314
00.0000000221786474741136885314
00.0000000221786474741136885314
00.0000000221786474741136885314
00.0000000221786474741136885314
00.0000000221786474741136885314
00.0000000221786474741136885314
00.0000000221786474741136885314
00.0000000221786474741136885314
00.0000000221786474741136885314
00.0000000221786474741136885314
00.0000000221786474741136885314
00.0000000221786474741136885314
00.0000000221786474741136885314
00.0000000221786474741136885314
00.0000000221786474741136885314
00.0000000221786474741136885314
00.0000000221786474741136885314
00.0000000221786474741136885314
00.0000000221786474741136885314
00.0000000221786474741136885314
00.0000000221786474741136885314
00.0000000221786474741136885314
00.0000000221786474741136885314
00.0000000221786474741136885314
00.0000000221786474741136885314
00.0000000221786474741136885314
00.0000000221786474741136885314
00.0000000221786474741136885314
00.0000000221786474741136885314
00.0000000221786474741136885314
00.0000000221786474741136885314
00.0000000221786474741136885314
00.0000000221786474741136885314
00.0000000221786474741136885314
00.0000000221786474741136885314
00.0000000221786474741136885314
00.0000000221786474741136885314
00.0000000221786474741136885314
00.0000000221786474741136885314
00.0000000221786474741136885314
00.0000000221786474741136885314
00.0000000221786474741136885314
00.0000000221786474741136885314
00.0000000221786474741136885314
00.0000000221786474741136885314
00.0000000221786474741136885314
00.0000000221786474741136885314
00.0000000221786474741136885314
00.0000000221786474741136885314
00.0000000221786474741136885314
00.0000000221786474741136885314
00.0000000221786474741136885314
00.0000000221786474741136885314
00.0000000221786474741136885314
00.0000000221786474741136885314
00.0000000221786474741136885314
00.0000000221786474741136885314
00.0000000221786474741136885314
00.0000000221786474741136885314
00.0000000221786474741136885314
00.0000000221786474741136885314
00.0000000221786474741136885314
00.0000000221786474741136885314
00.0000000221786474741136885314
00.0000000221786474741136885314
00.0000000221786474741136885314
00.0000000221786474741136885314
00.0000000221786474741136885314
00.0000000221786474741136885314
00.0000000221786474741136885314
00.0000000221786474741136885314
00.0000000221786474741136885314
00.0000000221786474741136885314
00.0000000221786474741136885314
00.0000000221786474741136885314
00.0000000221786474741136885314
00.0000000221786474741136885314
00.0000000221786474741136885314
00.0000000221786474741136885314
00.0000000221786474741136885314
00.0000000221786474741136885314
00.0000000221786474741136885314
00.0000000221786474741136885314
00.0000000221786474741136885314
00.0000000221786474741136885314
00.0000000221786474741136885314
00.0000000221786474741136885314
00.0000000221786474741136885314
00.0000000221786474741136885314
00.0000000221786474741136885314
00.0000000221786474741136885314
00.0000000221786474741136885314
00.0000000221786474741136885314
00.0000000221786474741136885314
00.0000000221786474741136885314
00.0000000221786474741136885314
00.0000000221786474741136885314
00.0000000221786474741136885314
00.0000000221786474741136885314
00.0000000221786474741136885314
00.0000000221786474741136885314
00.0000000221786474741136885314
00.0000000221786474741136885314
00.0000000221786474741136885314
00.0000000221786474741136885314
00.0000000221786474741136885314
00.0000000221786474741136885314
00.0000000221786474741136885314
00.0000000221786474741136885314
00.0000000221786474741136885314
00.0000000221786474741136885314
00.0000000221786474741136885314
00.0000000221786474741136885314
00.0000000221786474741136885314
00.0000000221786474741136885314
00.0000000221786474741136885314
00.0000000221786474741136885314
00.0000000221786474741136885314
00.0000000221786474741136885314
00.0000000221786474741136885314
00.0000000221786474741136885314
00.0000000221786474741136885314
00.0000000221786474741136885314
00.0000000221786474741136885314
00.0000000221786474741136885314
00.0000000221786474741136885314
00.0000000221786474741136885314
00.0000000221786474741136885314
00.0000000221786474741136885314
00.0000000221786474741136885314
00.0000000221786474741136885314
00.0000000221786474741136885314
00.0000000221786474741136885314
00.0000000221786474741136885314
00.0000000221786474741136885314
00.0000000221786474741136885314
00.0000000221786474741136885314
00.0000000221786474741136885314
00.0000000221786474741136885314
00.0000000221786474741136885314
00.0000000221786474741136885314
00.0000000221786474741136885314
00.0000000221786474741136885314
00.0000000221786474741136885314
00.0000000221786474741136885314
00.0000000221786474741136885314
00.0000000221786474741136885314
00.0000000221786474741136885314
00.0000000221786474741136885314
00.0000000221786474741136885314
00.0000000221786474741136885314
00.0000000221786474741136885314
00.0000000221786474741136885314
00.0000000221786474741136885314
00.0000000221786474741136885314
00.0000000221786474741136885314
00.0000000221786474741136885314
00.0000000221786474741136885314
00.0000000221786474741136885314
00.0000000221786474741136885314
00.0000000221786474741136885314
00.0000000221786474741136885314
00.0000000221786474741136885314
00.0000000221786474741136885314
00.0000000221786474741136885314
00.0000000221786474741136885314
00.0000000221786474741136885314
00.0000000221786474741136885314
00.0000000221786474741136885314
00.0000000221786474741136885314
00.0000000221786474741136885314
00.0000000221786474741136885314
00.0000000221786474741136885314
00.0000000221786474741136885314
00.0000000221786474741136885314
00.0000000221786474741136885314
00.0000000221786474741136885314
00.0000000221786474741136885314
00.0000000221786474741136885314
00.0000000221786474741136885314
00.0000000221786474741136885314
00.0000000221786474741136885314
00.0000000221786474741136885314
00.0000000221786474741136885314
00.0000000221786474741136885314
00.0000000221786474741136885314
00.0000000221786474741136885314
00.0000000221786474741136885314
00.0000000221786474741136885314
00.0000000221786474741136885314
00.0000000221786474741136885314
00.0000000221786474741136885314
00.0000000221786474741136885314
00.0000000221786474741136885314
00.0000000221786474741136885314
00.0000000221786474741136885314
00.0000000221786474741136885314
00.0000000221786474741136885314
00.0000000221786474741136885314
00.0000000221786474741136885314
00.0000000221786474741136885314
00.0000000221786474741136885314
00.0000000221786474741136885314
00.0000000221786474741136885314
00.0000000221786474741136885314
00.0000000221786474741136885314
00.0000000221786474741136885314
00.0000000221786474741136885314
00.0000000221786474741136885314
00.0000000221786474741136885314
00.0000000221786474741136885314
00.0000000221786474741136885314
00.0000000221786474741136885314
00.0000000221786474741136885314
00.0000000221786474741136885314
00.0000000221786474741136885314
00.0000000221786474741136885314
00.0000000221786474741136885314
00.0000000221786474741136885314
00.0000000221786474741136885314
00.0000000221786474741136885314
00.0000000221786474741136885314
00.0000000221786474741136885314
00.0000000221786474741136885314
00.0000000221786474741136885314
00.0000000221786474741136885314
00.0000000221786474741136885314
00.0000000221786474741136885314
00.0000000221786474741136885314
00.0000000221786474741136885314
00.0000000221786474741136885314
00.0000000221786474741136885314
00.0000000221786474741136885314
00.0000000221786474741136885314
00.0000000221786474741136885314
00.0000000221786474741136885314
00.0000000221786474741136885314
00.0000000221786474741136885314
00.0000000221786474741136885314
00.0000000221786474741136885314
00.0000000221786474741136885314
00.0000000221786474741136885314
00.0000000221786474741136885314
00.0000000221786474741136885314
00.0000000221786474741136885314
00.0000000221786474741136885314
00.0000000221786474741136885314
00.0000000221786474741136885314
00.0000000221786474741136885314
00.0000000221786474741136885314
00.0000000221786474741136885314
00.0000000221786474741136885314
00.0000000221786474741136885314
00.0000000221786474741136885314
00.0000000221786474741136885314
00.0000000221786474741136885314
00.0000000221786474741136885314
00.0000000221786474741136885314
00.0000000221786474741136885314
00.0000000221786474741136885314
00.0000000221786474741136885314
00.0000000221786474741136885314
00.0000000221786474741136885314
00.0000000221786474741136885314
00.0000000221786474741136885314
00.0000000221786474741136885314
00.0000000221786474741136885314
00.0000000221786474741136885314
00.0000000221786474741136885314
00.0000000221786474741136885314
00.0000000221786474741136885314
00.0000000221786474741136885314
00.0000000221786474741136885314
00.0000000221786474741136885314
00.0000000221786474741136885314
00.0000000221786474741136885314
00.0000000221786474741136885314
00.0000000221786474741136885314
00.0000000221786474741136885314
00.0000000221786474741136885314
00.0000000221786474741136885314
00.0000000221786474741136885314
00.0000000221786474741136885314
00.0000000221786474741136885314
00.0000000221786474741136885314
00.0000000221786474741136885314
00.0000000221786474741136885314
00.0000000221786474741136885314
00.0000000221786474741136885314
00.0000000221786474741136885314
00.0000000221786474741136885314
00.0000000221786474741136885314
00.0000000221786474741136885314
00.0000000221786474741136885314
00.0000000221786474741136885314
00.0000000221786474741136885314
00.0000000221786474741136885314
00.0000000221786474741136885314
00.0000000221786474741136885314
00.0000000221786474741136885314
00.0000000221786474741136885314
00.0000000221786474741136885314
00.0000000221786474741136885314
00.0000000221786474741136885314
00.0000000221786474741136885314
00.0000000221786474741136885314
00.0000000221786474741136885314
00.0000000221786474741136885314
00.0000000221786474741136885314
00.0000000221786474741136885314
00.0000000221786474741136885314
00.0000000221786474741136885314
00.0000000221786474741136885314
00.0000000221786474741136885314
00.0000000221786474741136885314
00.0000000221786474741136885314
00.0000000221786474741136885314
00.0000000221786474741136885314
00.0000000221786474741136885314
00.0000000221786474741136885314
00.0000000221786474741136885314
00.0000000221786474741136885314
00.0000000221786474741136885314
00.0000000221786474741136885314
00.0000000221786474741136885314
00.0000000221786474741136885314
00.0000000221786474741136885314
00.0000000221786474741136885314
00.0000000221786474741136885314
00.0000000221786474741136885314
00.0000000221786474741136885314
00.0000000221786474741136885314
00.0000000221786474741136885314
00.0000000221786474741136885314
00.0000000221786474741136885314
00.0000000221786474741136885314
00.0000000221786474741136885314
00.0000000221786474741136885314
00.0000000221786474741136885314
00.0000000221786474741136885314
00.0000000221786474741136885314
00.0000000221786474741136885314
00.0000000221786474741136885314
00.0000000221786474741136885314
00.0000000221786474741136885314
00.0000000221786474741136885314
00.0000000221786474741136885314
00.0000000221786474741136885314
00.0000000221786474741136885314
00.0000000221786474741136885314
00.0000000221786474741136885314
00.0000000221786474741136885314
00.0000000221786474741136885314
00.0000000221786474741136885314
00.0000000221786474741136885314
00.0000000221786474741136885314
00.0000000221786474741136885314
00.0000000221786474741136885314
00.0000000221786474741136885314
00.0000000221786474741136885314
00.0000000221786474741136885314
00.0000000221786474741136885314
00.0000000221786474741136885314
00.0000000221786474741136885314
00.0000000221786474741136885314
00.0000000221786474741136885314
00.0000000221786474741136885314
00.0000000221786474741136885314
00.0000000221786474741136885314
00.0000000221786474741136885314
00.0000000221786474741136885314
00.0000000221786474741136885314
00.0000000221786474741136885314
00.0000000221786474741136885314
00.0000000221786474741136885314
00.0000000221786474741136885314
00.0000000221786474741136885314
00.0000000221786474741136885314
00.0000000221786474741136885314
00.0000000221786474741136885314
00.0000000221786474741136885314
00.0000000221786474741136885314
00.0000000221786474741136885314
00.0000000221786474741136885314
00.0000000221786474741136885314
00.0000000221786474741136885314
00.0000000221786474741136885314
00.0000000221786474741136885314
00.0000000221786474741136885314
00.0000000221786474741136885314
00.0000000221786474741136885314
00.0000000221786474741136885314
00.0000000221786474741136885314
00.0000000221786474741136885314
00.0000000221786474741136885314
00.0000000221786474741136885314
00.0000000221786474741136885314
00.0000000221786474741136885314
00.0000000221786474741136885314
00.0000000221786474741136885314
00.0000000221786474741136885314
00.0000000221786474741136885314
00.0000000221786474741136885314
00.0000000221786474741136885314
00.0000000221786474741136885314
00.0000000221786474741136885314
00.0000000221786474741136885314
00.0000000221786474741136885314
00.0000000221786474741136885314
00.0000000221786474741136885314
00.0000000221786474741136885314
00.0000000221786474741136885314
00.0000000221786474741136885314
00.0000000221786474741136885314
00.0000000221786474741136885314
00.0000000221786474741136885314
00.0000000221786474741136885314
00.0000000221786474741136885314
00.0000000221786474741136885314
00.0000000221786474741136885314
00.0000000221786474741136885314
00.0000000221786474741136885314
00.0000000221786474741136885314
00.0000000221786474741136885314
00.0000000221786474741136885314
00.0000000221786474741136885314
00.0000000221786474741136885314
00.0000000221786474741136885314
00.0000000221786474741136885314
00.0000000221786474741136885314
00.0000000221786474741136885314
00.0000000221786474741136885314
00.0000000221786474741136885314
00.0000000221786474741136885314
00.0000000221786474741136885314
00.0000000221786474741136885314
00.0000000221786474741136885314
00.0000000221786474741136885314
00.0000000221786474741136885314
00.0000000221786474741136885314
00.0000000221786474741136885314
00.0000000221786474741136885314
00.0000000221786474741136885314
00.0000000221786474741136885314
00.0000000221786474741136885314
00.0000000221786474741136885314
00.0000000221786474741136885314
00.0000000221786474741136885314
00.0000000221786474741136885314
00.0000000221786474741136885314
00.0000000221786474741136885314
00.0000000221786474741136885314
00.0000000221786474741136885314
00.0000000221786474741136885314
00.0000000221786474741136885314
00.0000000221786474741136885314
00.0000000221786474741136885314
00.0000000221786474741136885314
00.0000000221786474741136885314
00.0000000221786474741136885314
00.0000000221786474741136885314
00.0000000221786474741136885314
00.0000000221786474741136885314
00.0000000221786474741136885314
00.0000000221786474741136885314
00.0000000221786474741136885314
00.0000000221786474741136885314
00.0000000221786474741136885314
00.0000000221786474741136885314
00.0000000221786474741136885314
00.0000000221786474741136885314
00.0000000221786474741136885314
00.0000000221786474741136885314
00.0000000221786474741136885314
00.0000000221786474741136885314
00.0000000221786474741136885314
00.0000000221786474741136885314
00.0000000221786474741136885314
00.0000000221786474741136885314
00.0000000221786474741136885314
00.0000000221786474741136885314
00.0000000221786474741136885314
00.0000000221786474741136885314
00.0000000221786474741136885314
00.0000000221786474741136885314
00.0000000221786474741136885314
00.0000000221786474741136885314
00.0000000221786474741136885314
00.0000000221786474741136885314
00.0000000221786474741136885314
00.0000000221786474741136885314
00.0000000221786474741136885314
00.0000000221786474741136885314
00.0000000221786474741136885314
00.0000000221786474741136885314
00.0000000221786474741136885314
00.0000000221786474741136885314
00.0000000221786474741136885314
00.0000000221786474741136885314
00.0000000221786474741136885314
00.0000000221786474741136885314
00.0000000221786474741136885314
00.0000000221786474741136885314
00.0000000221786474741136885314
00.0000000221786474741136885314
00.0000000221786474741136885314
00.0000000221786474741136885314
00.0000000221786474741136885314
00.0000000221786474741136885314
00.0000000221786474741136885314
00.0000000221786474741136885314
00.0000000221786474741136885314
00.0000000221786474741136885314
00.0000000221786474741136885314
00.0000000221786474741136885314
00.0000000221786474741136885314
00.0000000221786474741136885314
00.0000000221786474741136885314
00.0000000221786474741136885314
00.0000000221786474741136885314
00.0000000221786474741136885314
00.0000000221786474741136885314
00.0000000221786474741136885314
00.0000000221786474741136885314
00.0000000221786474741136885314
00.0000000221786474741136885314
00.0000000221786474741136885314
00.0000000221786474741136885314
00.0000000221786474741136885314
00.0000000221786474741136885314
00.0000000221786474741136885314
00.0000000221786474741136885314
00.0000000221786474741136885314
00.0000000221786474741136885314
00.0000000221786474741136885314
00.0000000221786474741136885314
00.0000000221786474741136885314
00.0000000221786474741136885314
00.0000000221786474741136885314
00.0000000221786474741136885314
00.0000000221786474741136885314
00.0000000221786474741136885314
00.0000000221786474741136885314
00.0000000221786474741136885314
00.0000000227997701829352195091
00.0000000227997701829352195091
00.0000000227997701829352195091
00.0000000227997701829352195091
00.0000000227997701829352195091
00.0000000227997701829352195091
00.0000000227997701829352195091
00.0000000227997701829352195091
00.0000000227997701829352195091
00.0000000227997701829352195091
00.0000000227997701829352195091
00.0000000227997701829352195091
00.0000000227997701829352195091
00.0000000227997701829352195091
00.0000000227997701829352195091
00.0000000227997701829352195091
00.0000000227997701829352195091
00.0000000227997701829352195091
00.0000000227997701829352195091
00.0000000227997701829352195091
00.0000000227997701829352195091
00.0000000227997701829352195091
00.0000000227997701829352195091
00.0000000227997701829352195091
00.0000000227997701829352195091
00.0000000227997701829352195091
00.0000000227997701829352195091
00.0000000227997701829352195091
00.0000000227997701829352195091
00.0000000227997701829352195091
00.0000000227997701829352195091
00.0000000227997701829352195091
00.0000000227997701829352195091
00.0000000227997701829352195091
00.0000000227997701829352195091
00.0000000227997701829352195091
00.0000000227997701829352195091
00.0000000227997701829352195091
00.0000000227997701829352195091
00.0000000227997701829352195091
00.0000000227997701829352195091
00.0000000227997701829352195091
00.0000000227997701829352195091
00.0000000227997701829352195091
00.0000000227997701829352195091
00.0000000227997701829352195091
00.0000000227997701829352195091
00.0000000227997701829352195091
00.0000000227997701829352195091
00.0000000227997701829352195091
00.0000000227997701829352195091
00.0000000227997701829352195091
00.0000000227997701829352195091
00.0000000227997701829352195091
00.0000000227997701829352195091
00.0000000227997701829352195091
00.0000000227997701829352195091
00.0000000227997701829352195091
00.0000000227997701829352195091
00.0000000227997701829352195091
00.0000000227997701829352195091
00.0000000227997701829352195091
00.0000000227997701829352195091
00.0000000227997701829352195091
00.0000000227997701829352195091
00.0000000227997701829352195091
00.0000000227997701829352195091
00.0000000227997701829352195091
00.0000000227997701829352195091
00.0000000227997701829352195091
00.0000000227997701829352195091
00.0000000227997701829352195091
00.0000000227997701829352195091
00.0000000227997701829352195091
00.0000000227997701829352195091
00.0000000227997701829352195091
00.0000000227997701829352195091
00.0000000227997701829352195091
00.0000000227997701829352195091
00.0000000227997701829352195091
00.0000000227997701829352195091
00.0000000227997701829352195091
00.0000000227997701829352195091
00.0000000227997701829352195091
00.0000000227997701829352195091
00.0000000227997701829352195091
00.0000000227997701829352195091
00.0000000227997701829352195091
00.0000000227997701829352195091
00.0000000227997701829352195091
00.0000000227997701829352195091
00.0000000227997701829352195091
00.0000000227997701829352195091
00.0000000227997701829352195091
00.0000000227997701829352195091
00.0000000227997701829352195091
00.0000000227997701829352195091
00.0000000227997701829352195091
00.0000000227997701829352195091
00.0000000227997701829352195091
00.0000000227997701829352195091
00.0000000227997701829352195091
00.0000000227997701829352195091
00.0000000227997701829352195091
00.0000000227997701829352195091
00.0000000227997701829352195091
00.0000000227997701829352195091
00.0000000227997701829352195091
00.0000000227997701829352195091
00.0000000227997701829352195091
00.0000000227997701829352195091
00.0000000227997701829352195091
00.0000000227997701829352195091
00.0000000227997701829352195091
00.0000000227997701829352195091
00.0000000227997701829352195091
00.0000000227997701829352195091
00.0000000227997701829352195091
00.0000000227997701829352195091
00.0000000227997701829352195091
00.0000000227997701829352195091
00.0000000227997701829352195091
00.0000000227997701829352195091
00.0000000227997701829352195091
00.0000000227997701829352195091
00.0000000227997701829352195091
00.0000000227997701829352195091
00.0000000227997701829352195091
00.0000000227997701829352195091
00.0000000227997701829352195091
00.0000000227997701829352195091
00.0000000227997701829352195091
00.0000000227997701829352195091
00.0000000227997701829352195091
00.0000000227997701829352195091
00.0000000227997701829352195091
00.0000000227997701829352195091
00.0000000227997701829352195091
00.0000000227997701829352195091
00.0000000227997701829352195091
00.0000000227997701829352195091
00.0000000227997701829352195091
00.0000000227997701829352195091
00.0000000227997701829352195091
00.0000000227997701829352195091
00.0000000227997701829352195091
00.0000000227997701829352195091
00.0000000227997701829352195091
00.0000000227997701829352195091
00.0000000227997701829352195091
00.0000000227997701829352195091
00.0000000227997701829352195091
00.0000000227997701829352195091
00.0000000227997701829352195091
00.0000000227997701829352195091
00.0000000227997701829352195091
00.0000000227997701829352195091
00.0000000227997701829352195091
00.0000000227997701829352195091
00.0000000227997701829352195091
00.0000000227997701829352195091
00.0000000227997701829352195091
00.0000000227997701829352195091
00.0000000227997701829352195091
00.0000000227997701829352195091
00.0000000227997701829352195091
00.0000000227997701829352195091
00.0000000227997701829352195091
00.0000000227997701829352195091
00.0000000227997701829352195091
00.0000000227997701829352195091
00.0000000227997701829352195091
00.0000000227997701829352195091
00.0000000227997701829352195091
00.0000000227997701829352195091
00.0000000227997701829352195091
00.0000000227997701829352195091
00.0000000227997701829352195091
00.0000000227997701829352195091
00.0000000227997701829352195091
00.0000000227997701829352195091
00.0000000227997701829352195091
00.0000000227997701829352195091
00.0000000227997701829352195091
00.0000000227997701829352195091
00.0000000227997701829352195091
00.0000000227997701829352195091
00.0000000227997701829352195091
00.0000000227997701829352195091
00.0000000227997701829352195091
00.0000000227997701829352195091
00.0000000227997701829352195091
00.0000000227997701829352195091
00.0000000227997701829352195091
00.0000000227997701829352195091
00.0000000227997701829352195091
00.0000000227997701829352195091
00.0000000227997701829352195091
00.0000000227997701829352195091
00.0000000227997701829352195091
00.0000000227997701829352195091
00.0000000227997701829352195091
00.0000000227997701829352195091
00.0000000227997701829352195091
00.0000000227997701829352195091
00.0000000227997701829352195091
00.0000000227997701829352195091
00.0000000227997701829352195091
00.0000000227997701829352195091
00.0000000227997701829352195091
00.0000000227997701829352195091
00.0000000227997701829352195091
00.0000000227997701829352195091
00.0000000227997701829352195091
00.0000000227997701829352195091
00.0000000227997701829352195091
00.0000000227997701829352195091
00.0000000227997701829352195091
00.0000000227997701829352195091
00.0000000227997701829352195091
00.0000000227997701829352195091
00.0000000227997701829352195091
00.0000000227997701829352195091
00.0000000227997701829352195091
00.0000000227997701829352195091
00.0000000227997701829352195091
00.0000000227997701829352195091
00.0000000227997701829352195091
00.0000000227997701829352195091
00.0000000227997701829352195091
00.0000000227997701829352195091
00.0000000227997701829352195091
00.0000000227997701829352195091
00.0000000227997701829352195091
00.0000000227997701829352195091
00.0000000227997701829352195091
00.0000000227997701829352195091
00.0000000227997701829352195091
00.0000000227997701829352195091
00.0000000227997701829352195091
00.0000000227997701829352195091
00.0000000227997701829352195091
00.0000000227997701829352195091
00.0000000227997701829352195091
00.0000000227997701829352195091
00.0000000227997701829352195091
00.0000000227997701829352195091
00.0000000227997701829352195091
00.0000000227997701829352195091
00.0000000227997701829352195091
00.0000000227997701829352195091
00.0000000227997701829352195091
00.0000000227997701829352195091
00.0000000227997701829352195091
00.0000000227997701829352195091
00.0000000227997701829352195091
00.0000000227997701829352195091
00.0000000227997701829352195091
00.0000000227997701829352195091
00.0000000227997701829352195091
00.0000000227997701829352195091
00.0000000227997701829352195091
00.0000000227997701829352195091
00.0000000227997701829352195091
00.0000000227997701829352195091
00.0000000227997701829352195091
00.0000000227997701829352195091
00.0000000227997701829352195091
00.0000000227997701829352195091
00.0000000227997701829352195091
00.0000000227997701829352195091
00.0000000227997701829352195091
00.0000000227997701829352195091
00.0000000227997701829352195091
00.0000000227997701829352195091
00.0000000227997701829352195091
00.0000000227997701829352195091
00.0000000227997701829352195091
00.0000000227997701829352195091
00.0000000227997701829352195091
00.0000000227997701829352195091
00.0000000227997701829352195091
00.0000000227997701829352195091
00.0000000227997701829352195091
00.0000000227997701829352195091
00.0000000227997701829352195091
00.0000000227997701829352195091
00.0000000227997701829352195091
00.0000000227997701829352195091
00.0000000227997701829352195091
00.0000000227997701829352195091
00.0000000227997701829352195091
00.0000000227997701829352195091
00.0000000227997701829352195091
00.0000000227997701829352195091
00.0000000227997701829352195091
00.0000000227997701829352195091
00.0000000227997701829352195091
00.0000000227997701829352195091
00.0000000227997701829352195091
00.0000000227997701829352195091
00.0000000227997701829352195091
00.0000000227997701829352195091
00.0000000227997701829352195091
00.0000000227997701829352195091
00.0000000227997701829352195091
00.0000000227997701829352195091
00.0000000227997701829352195091
00.0000000227997701829352195091
00.0000000227997701829352195091
00.0000000227997701829352195091
00.0000000227997701829352195091
00.0000000227997701829352195091
00.0000000227997701829352195091
00.0000000227997701829352195091
00.0000000227997701829352195091
00.0000000227997701829352195091
00.0000000227997701829352195091
00.0000000227997701829352195091
00.0000000227997701829352195091
00.0000000227997701829352195091
00.0000000227997701829352195091
00.0000000227997701829352195091
00.0000000227997701829352195091
00.0000000227997701829352195091
00.0000000227997701829352195091
00.0000000227997701829352195091
00.0000000227997701829352195091
00.0000000227997701829352195091
00.0000000227997701829352195091
00.0000000227997701829352195091
00.0000000227997701829352195091
00.0000000227997701829352195091
00.0000000227997701829352195091
00.0000000227997701829352195091
00.0000000227997701829352195091
00.0000000227997701829352195091
00.0000000227997701829352195091
00.0000000227997701829352195091
00.0000000227997701829352195091
00.0000000227997701829352195091
00.0000000227997701829352195091
00.0000000227997701829352195091
00.0000000227997701829352195091
00.0000000227997701829352195091
00.0000000227997701829352195091
00.0000000227997701829352195091
00.0000000227997701829352195091
00.0000000227997701829352195091
00.0000000227997701829352195091
00.0000000227997701829352195091
00.0000000227997701829352195091
00.0000000227997701829352195091
00.0000000227997701829352195091
00.0000000227997701829352195091
00.0000000227997701829352195091
00.0000000227997701829352195091
00.0000000227997701829352195091
00.0000000227997701829352195091
00.0000000227997701829352195091
00.0000000227997701829352195091
00.0000000227997701829352195091
00.0000000227997701829352195091
00.0000000227997701829352195091
00.0000000227997701829352195091
00.0000000227997701829352195091
00.0000000227997701829352195091
00.0000000227997701829352195091
00.0000000227997701829352195091
00.0000000227997701829352195091
00.0000000227997701829352195091
00.0000000227997701829352195091
00.0000000227997701829352195091
00.0000000227997701829352195091
00.0000000227997701829352195091
00.0000000227997701829352195091
00.0000000227997701829352195091
00.0000000227997701829352195091
00.0000000227997701829352195091
00.0000000227997701829352195091
00.0000000227997701829352195091
00.0000000227997701829352195091
00.0000000227997701829352195091
00.0000000227997701829352195091
00.0000000227997701829352195091
00.0000000227997701829352195091
00.0000000227997701829352195091
00.0000000227997701829352195091
00.0000000227997701829352195091
00.0000000227997701829352195091
00.0000000227997701829352195091
00.0000000227997701829352195091
00.0000000227997701829352195091
00.0000000227997701829352195091
00.0000000227997701829352195091
00.0000000227997701829352195091
00.0000000227997701829352195091
00.0000000227997701829352195091
00.0000000227997701829352195091
00.0000000227997701829352195091
00.0000000227997701829352195091
00.0000000227997701829352195091
00.0000000227997701829352195091
00.0000000227997701829352195091
00.0000000227997701829352195091
00.0000000227997701829352195091
00.0000000227997701829352195091
00.0000000227997701829352195091
00.0000000227997701829352195091
00.0000000227997701829352195091
00.0000000227997701829352195091
00.0000000227997701829352195091
00.0000000227997701829352195091
00.0000000227997701829352195091
00.0000000227997701829352195091
00.0000000227997701829352195091
00.0000000227997701829352195091
00.0000000227997701829352195091
00.0000000227997701829352195091
00.0000000227997701829352195091
00.0000000227997701829352195091
00.0000000227997701829352195091
00.0000000227997701829352195091
00.0000000227997701829352195091
00.0000000227997701829352195091
00.0000000227997701829352195091
00.0000000227997701829352195091
00.0000000227997701829352195091
00.0000000227997701829352195091
00.0000000227997701829352195091
00.0000000227997701829352195091
00.0000000227997701829352195091
00.0000000227997701829352195091
00.0000000227997701829352195091
00.0000000227997701829352195091
00.0000000227997701829352195091
00.0000000227997701829352195091
00.0000000227997701829352195091
00.0000000227997701829352195091
00.0000000227997701829352195091
00.0000000227997701829352195091
00.0000000227997701829352195091
00.0000000227997701829352195091
00.0000000227997701829352195091
00.0000000227997701829352195091
00.0000000227997701829352195091
00.0000000227997701829352195091
00.0000000227997701829352195091
00.0000000227997701829352195091
00.0000000227997701829352195091
00.0000000227997701829352195091
00.0000000227997701829352195091
00.0000000227997701829352195091
00.0000000227997701829352195091
00.0000000227997701829352195091
00.0000000227997701829352195091
00.0000000227997701829352195091
00.0000000227997701829352195091
00.0000000227997701829352195091
00.0000000227997701829352195091
00.0000000227997701829352195091
00.0000000227997701829352195091
00.0000000227997701829352195091
00.0000000227997701829352195091
00.0000000227997701829352195091
00.0000000227997701829352195091
00.0000000227997701829352195091
00.0000000227997701829352195091
00.0000000227997701829352195091
00.0000000227997701829352195091
00.0000000227997701829352195091
00.0000000227997701829352195091
00.0000000227997701829352195091
00.0000000227997701829352195091
00.0000000227997701829352195091
00.0000000227997701829352195091
00.0000000227997701829352195091
00.0000000227997701829352195091
00.0000000227997701829352195091
00.0000000227997701829352195091
00.0000000227997701829352195091
00.0000000227997701829352195091
00.0000000227997701829352195091
00.0000000227997701829352195091
00.0000000227997701829352195091
00.0000000227997701829352195091
00.0000000227997701829352195091
00.0000000227997701829352195091
00.0000000227997701829352195091
00.0000000227997701829352195091
00.0000000227997701829352195091
00.0000000227997701829352195091
00.0000000227997701829352195091
00.0000000227997701829352195091
00.0000000227997701829352195091
00.0000000227997701829352195091
00.0000000227997701829352195091
00.0000000227997701829352195091
00.0000000227997701829352195091
00.0000000227997701829352195091
00.0000000227997701829352195091
00.0000000227997701829352195091
00.0000000227997701829352195091
00.0000000227997701829352195091
00.0000000227997701829352195091
00.0000000227997701829352195091
00.0000000227997701829352195091
00.0000000227997701829352195091
00.0000000227997701829352195091
00.0000000227997701829352195091
00.0000000227997701829352195091
00.0000000227997701829352195091
00.0000000227997701829352195091
00.0000000227997701829352195091
00.0000000227997701829352195091
00.0000000227997701829352195091
00.0000000227997701829352195091
00.0000000227997701829352195091
00.0000000227997701829352195091
00.0000000227997701829352195091
00.0000000227997701829352195091
00.0000000227997701829352195091
00.0000000227997701829352195091
00.0000000227997701829352195091
00.0000000227997701829352195091
00.0000000227997701829352195091
00.0000000227997701829352195091
00.0000000227997701829352195091
00.0000000227997701829352195091
00.0000000227997701829352195091
00.0000000227997701829352195091
00.0000000227997701829352195091
00.0000000227997701829352195091
00.0000000227997701829352195091
00.0000000227997701829352195091
00.0000000227997701829352195091
00.0000000227997701829352195091
00.0000000227997701829352195091
00.0000000227997701829352195091
00.0000000227997701829352195091
00.0000000227997701829352195091
00.0000000227997701829352195091
00.0000000227997701829352195091
00.0000000227997701829352195091
00.0000000227997701829352195091
00.0000000227997701829352195091
00.0000000227997701829352195091
00.0000000227997701829352195091
00.0000000227997701829352195091
00.0000000227997701829352195091
00.0000000227997701829352195091
00.0000000227997701829352195091
00.0000000227997701829352195091
00.0000000227997701829352195091
00.0000000227997701829352195091
00.0000000227997701829352195091
00.0000000227997701829352195091
00.0000000227997701829352195091
00.0000000227997701829352195091
00.0000000227997701829352195091
00.0000000227997701829352195091
00.0000000227997701829352195091
00.0000000227997701829352195091
00.0000000227997701829352195091
00.0000000227997701829352195091
00.0000000227997701829352195091
00.0000000227997701829352195091
00.0000000227997701829352195091
00.0000000227997701829352195091
00.0000000227997701829352195091
00.0000000227997701829352195091
00.0000000227997701829352195091
00.0000000227997701829352195091
00.0000000227997701829352195091
00.0000000227997701829352195091
00.0000000227997701829352195091
00.0000000227997701829352195091
00.0000000227997701829352195091
00.0000000227997701829352195091
00.0000000227997701829352195091
00.0000000227997701829352195091
00.0000000227997701829352195091
00.0000000227997701829352195091
00.0000000227997701829352195091
00.0000000227997701829352195091
00.0000000227997701829352195091
00.0000000227997701829352195091
00.0000000227997701829352195091
00.0000000227997701829352195091
00.0000000227997701829352195091
00.0000000227997701829352195091
00.0000000227997701829352195091
00.0000000227997701829352195091
00.0000000227997701829352195091
00.0000000227997701829352195091
00.0000000227997701829352195091
00.0000000227997701829352195091
00.0000000227997701829352195091
00.0000000227997701829352195091
00.0000000227997701829352195091
00.0000000227997701829352195091
00.0000000227997701829352195091
00.0000000227997701829352195091
00.0000000227997701829352195091
00.0000000227997701829352195091
00.0000000227997701829352195091
00.0000000227997701829352195091
00.0000000227997701829352195091
00.0000000227997701829352195091
00.0000000227997701829352195091
00.0000000227997701829352195091
00.0000000227997701829352195091
00.0000000227997701829352195091
00.0000000227997701829352195091
00.0000000227997701829352195091
00.0000000227997701829352195091
00.0000000227997701829352195091
00.0000000227997701829352195091
00.0000000227997701829352195091
00.0000000227997701829352195091
00.0000000227997701829352195091
00.0000000227997701829352195091
00.0000000227997701829352195091
00.0000000227997701829352195091
00.0000000227997701829352195091
00.0000000227997701829352195091
00.0000000227997701829352195091
00.0000000227997701829352195091
00.0000000227997701829352195091
00.0000000227997701829352195091
00.0000000227997701829352195091
00.0000000227997701829352195091
00.0000000227997701829352195091
00.0000000227997701829352195091
00.0000000227997701829352195091
00.0000000227997701829352195091
00.0000000227997701829352195091
00.0000000227997701829352195091
00.0000000227997701829352195091
00.0000000227997701829352195091
00.0000000227997701829352195091
00.0000000227997701829352195091
00.0000000227997701829352195091
00.0000000227997701829352195091
00.0000000227997701829352195091
00.0000000227997701829352195091
00.0000000227997701829352195091
00.0000000227997701829352195091
00.0000000227997701829352195091
00.0000000227997701829352195091
00.0000000227997701829352195091
00.0000000227997701829352195091
00.0000000227997701829352195091
00.0000000227997701829352195091
00.0000000227997701829352195091
00.0000000227997701829352195091
00.0000000227997701829352195091
00.0000000227997701829352195091
00.0000000227997701829352195091
00.0000000227997701829352195091
00.0000000227997701829352195091
00.0000000227997701829352195091
00.0000000227997701829352195091
00.0000000227997701829352195091
00.0000000227997701829352195091
00.0000000227997701829352195091
00.0000000227997701829352195091
00.0000000227997701829352195091
00.0000000227997701829352195091
00.0000000227997701829352195091
00.0000000227997701829352195091
00.0000000227997701829352195091
00.0000000227997701829352195091
00.0000000227997701829352195091
00.0000000227997701829352195091
00.0000000227997701829352195091
00.0000000227997701829352195091
00.0000000227997701829352195091
00.0000000227997701829352195091
00.0000000227997701829352195091
00.0000000227997701829352195091
00.0000000227997701829352195091
00.0000000227997701829352195091
00.0000000227997701829352195091
00.0000000227997701829352195091
00.0000000227997701829352195091
00.0000000227997701829352195091
00.0000000227997701829352195091
00.0000000227997701829352195091
00.0000000227997701829352195091
00.0000000227997701829352195091
00.0000000227997701829352195091
00.0000000227997701829352195091
00.0000000227997701829352195091
00.0000000227997701829352195091
00.0000000227997701829352195091
00.0000000227997701829352195091
00.0000000227997701829352195091
00.0000000227997701829352195091
00.0000000227997701829352195091
00.0000000227997701829352195091
00.0000000227997701829352195091
00.0000000227997701829352195091
00.0000000227997701829352195091
00.0000000227997701829352195091
00.0000000227997701829352195091
00.0000000227997701829352195091
00.0000000227997701829352195091
00.0000000227997701829352195091
00.0000000227997701829352195091
00.0000000227997701829352195091
00.0000000227997701829352195091
00.0000000227997701829352195091
00.0000000227997701829352195091
00.0000000227997701829352195091
00.0000000227997701829352195091
00.0000000227997701829352195091
00.0000000227997701829352195091
00.0000000227997701829352195091
00.0000000227997701829352195091
00.0000000227997701829352195091
00.0000000227997701829352195091
00.0000000227997701829352195091
00.0000000227997701829352195091
00.0000000227997701829352195091
00.0000000227997701829352195091
00.0000000227997701829352195091
00.0000000227997701829352195091
00.0000000227997701829352195091
00.0000000227997701829352195091
00.0000000227997701829352195091
00.0000000227997701829352195091
00.0000000227997701829352195091
00.0000000227997701829352195091
00.0000000227997701829352195091
00.0000000227997701829352195091
00.0000000227997701829352195091
00.0000000227997701829352195091
00.0000000227997701829352195091
00.0000000227997701829352195091
00.0000000227997701829352195091
00.0000000227997701829352195091
00.0000000227997701829352195091
00.0000000227997701829352195091
00.0000000227997701829352195091
00.0000000227997701829352195091
00.0000000227997701829352195091
00.0000000227997701829352195091
00.0000000227997701829352195091
00.0000000227997701829352195091
00.0000000227997701829352195091
00.0000000227997701829352195091
00.0000000227997701829352195091
00.0000000227997701829352195091
00.0000000227997701829352195091
00.0000000227997701829352195091
00.0000000227997701829352195091
00.0000000227997701829352195091
00.0000000227997701829352195091
00.0000000227997701829352195091
00.0000000227997701829352195091
00.0000000227997701829352195091
00.0000000227997701829352195091
00.0000000227997701829352195091
00.0000000227997701829352195091
00.0000000227997701829352195091
00.0000000227997701829352195091
00.0000000227997701829352195091
00.0000000227997701829352195091
00.0000000227997701829352195091
00.0000000227997701829352195091
00.0000000227997701829352195091
00.0000000227997701829352195091
00.0000000227997701829352195091
00.0000000227997701829352195091
00.0000000227997701829352195091
00.0000000227997701829352195091
00.0000000227997701829352195091
00.0000000227997701829352195091
00.0000000227997701829352195091
00.0000000227997701829352195091
00.0000000227997701829352195091
00.0000000227997701829352195091
00.0000000227997701829352195091
00.0000000227997701829352195091
00.0000000227997701829352195091
00.0000000227997701829352195091
00.0000000227997701829352195091
00.0000000227997701829352195091
00.0000000227997701829352195091
00.0000000227997701829352195091
00.0000000227997701829352195091
00.0000000227997701829352195091
00.0000000227997701829352195091
00.0000000227997701829352195091
00.0000000227997701829352195091
00.0000000227997701829352195091
00.0000000227997701829352195091
00.0000000227997701829352195091
00.0000000227997701829352195091
00.0000000227997701829352195091
00.0000000227997701829352195091
00.0000000227997701829352195091
00.0000000227997701829352195091
00.0000000227997701829352195091
00.0000000227997701829352195091
00.0000000227997701829352195091
00.0000000227997701829352195091
00.0000000227997701829352195091
00.0000000227997701829352195091
00.0000000227997701829352195091
00.0000000227997701829352195091
00.0000000227997701829352195091
00.0000000227997701829352195091
00.0000000227997701829352195091
00.0000000227997701829352195091
00.0000000227997701829352195091
00.0000000227997701829352195091
00.0000000227997701829352195091
00.0000000227997701829352195091
00.0000000227997701829352195091
00.0000000227997701829352195091
00.0000000227997701829352195091
00.0000000227997701829352195091
00.0000000227997701829352195091
00.0000000227997701829352195091
00.0000000227997701829352195091
00.0000000227997701829352195091
00.0000000227997701829352195091
00.0000000227997701829352195091
00.0000000227997701829352195091
00.0000000227997701829352195091
00.0000000227997701829352195091
00.0000000227997701829352195091
00.0000000227997701829352195091
00.0000000227997701829352195091
00.0000000227997701829352195091
00.0000000227997701829352195091
00.0000000227997701829352195091
00.0000000227997701829352195091
00.0000000227997701829352195091
00.0000000227997701829352195091
00.0000000227997701829352195091
00.0000000227997701829352195091
00.0000000227997701829352195091
00.0000000227997701829352195091
00.0000000227997701829352195091
00.0000000227997701829352195091
00.0000000227997701829352195091
00.0000000227997701829352195091
00.0000000227997701829352195091
00.0000000227997701829352195091
00.0000000227997701829352195091
00.0000000227997701829352195091
00.0000000227997701829352195091
00.0000000227997701829352195091
00.0000000227997701829352195091
00.0000000227997701829352195091
00.0000000227997701829352195091
00.0000000227997701829352195091
00.0000000227997701829352195091
00.0000000227997701829352195091
00.0000000227997701829352195091
00.0000000227997701829352195091
00.0000000227997701829352195091
00.0000000227997701829352195091
00.0000000227997701829352195091
00.0000000227997701829352195091
00.0000000227997701829352195091
00.0000000227997701829352195091
00.0000000227997701829352195091
00.0000000227997701829352195091
00.0000000227997701829352195091
00.0000000227997701829352195091
00.0000000227997701829352195091
00.0000000227997701829352195091
00.0000000227997701829352195091
00.0000000227997701829352195091
00.0000000227997701829352195091
00.0000000227997701829352195091
00.0000000227997701829352195091
00.0000000227997701829352195091
00.0000000227997701829352195091
00.0000000227997701829352195091
00.0000000227997701829352195091
00.0000000227997701829352195091
00.0000000227997701829352195091
00.0000000227997701829352195091
00.0000000227997701829352195091
00.0000000227997701829352195091
00.0000000227997701829352195091
00.0000000227997701829352195091
00.0000000227997701829352195091
00.0000000227997701829352195091
00.0000000227997701829352195091
00.0000000227997701829352195091
00.0000000227997701829352195091
00.0000000227997701829352195091
00.0000000227997701829352195091
00.0000000227997701829352195091
00.0000000227997701829352195091
00.0000000227997701829352195091
00.0000000227997701829352195091
00.0000000227997701829352195091
00.0000000227997701829352195091
00.0000000227997701829352195091
00.0000000227997701829352195091
00.0000000227997701829352195091
00.0000000227997701829352195091
00.0000000227997701829352195091
00.0000000227997701829352195091
00.0000000227997701829352195091
00.0000000227997701829352195091
00.0000000227997701829352195091
00.0000000227997701829352195091
00.0000000227997701829352195091
00.0000000227997701829352195091
00.0000000227997701829352195091
00.0000000227997701829352195091
00.0000000227997701829352195091
00.0000000227997701829352195091
00.0000000227997701829352195091
00.0000000227997701829352195091
00.0000000227997701829352195091
00.0000000227997701829352195091
00.0000000227997701829352195091
00.0000000227997701829352195091
00.0000000227997701829352195091
00.0000000227997701829352195091
00.0000000227997701829352195091
00.0000000227997701829352195091
00.0000000227997701829352195091
00.0000000227997701829352195091
00.0000000227997701829352195091
00.0000000227997701829352195091
00.0000000227997701829352195091
00.0000000227997701829352195091
00.0000000227997701829352195091
00.0000000227997701829352195091
00.0000000227997701829352195091
00.0000000227997701829352195091
00.0000000227997701829352195091
00.0000000227997701829352195091
00.0000000227997701829352195091
00.0000000227997701829352195091
00.0000000227997701829352195091
00.0000000227997701829352195091
00.0000000227997701829352195091
00.0000000227997701829352195091
00.0000000227997701829352195091
00.0000000227997701829352195091
00.0000000227997701829352195091
00.0000000227997701829352195091
00.0000000227997701829352195091
00.0000000227997701829352195091
00.0000000227997701829352195091
00.0000000227997701829352195091
00.0000000227997701829352195091
00.0000000227997701829352195091
00.0000000227997701829352195091
00.0000000227997701829352195091
00.0000000227997701829352195091
00.0000000227997701829352195091
00.0000000227997701829352195091
00.0000000227997701829352195091
00.0000000227997701829352195091
00.0000000227997701829352195091
00.0000000227997701829352195091
00.0000000227997701829352195091
00.0000000227997701829352195091
00.0000000227997701829352195091
00.0000000227997701829352195091
00.0000000227997701829352195091
00.0000000227997701829352195091
00.0000000227997701829352195091
00.0000000227997701829352195091
00.0000000227997701829352195091
00.0000000227997701829352195091
00.0000000227997701829352195091
00.0000000227997701829352195091
00.0000000227997701829352195091
00.0000000227997701829352195091
00.0000000227997701829352195091
00.0000000227997701829352195091
00.0000000227997701829352195091
00.0000000227997701829352195091
00.0000000227997701829352195091
00.0000000227997701829352195091
00.0000000227997701829352195091
00.0000000227997701829352195091
00.0000000227997701829352195091
00.0000000227997701829352195091
00.0000000227997701829352195091
00.0000000227997701829352195091
00.0000000227997701829352195091
00.0000000227997701829352195091
00.0000000227997701829352195091
00.0000000227997701829352195091
00.0000000227997701829352195091
00.0000000227997701829352195091
00.0000000209856747535042131858
00.0000000209856747535042131858
00.0000000209856747535042131858
00.0000000209856747535042131858
00.0000000209856747535042131858
00.0000000209856747535042131858
00.0000000209856747535042131858
00.0000000209856747535042131858
00.0000000209856747535042131858
00.0000000209856747535042131858
00.0000000209856747535042131858
00.0000000209856747535042131858
00.0000000209856747535042131858
00.0000000209856747535042131858
00.0000000209856747535042131858
00.0000000209856747535042131858
00.0000000209856747535042131858
00.0000000209856747535042131858
00.0000000209856747535042131858
00.0000000209856747535042131858
00.0000000209856747535042131858
00.0000000209856747535042131858
00.0000000209856747535042131858
00.0000000209856747535042131858
00.0000000209856747535042131858
00.0000000209856747535042131858
00.0000000209856747535042131858
00.0000000209856747535042131858
00.0000000209856747535042131858
00.0000000209856747535042131858
00.0000000209856747535042131858
00.0000000209856747535042131858
00.0000000209856747535042131858
00.0000000209856747535042131858
00.0000000209856747535042131858
00.0000000209856747535042131858
00.0000000209856747535042131858
00.0000000209856747535042131858
00.0000000209856747535042131858
00.0000000209856747535042131858
00.0000000209856747535042131858
00.0000000209856747535042131858
00.0000000209856747535042131858
00.0000000209856747535042131858
00.0000000209856747535042131858
00.0000000209856747535042131858
00.0000000209856747535042131858
00.0000000209856747535042131858
00.0000000209856747535042131858
00.0000000209856747535042131858
00.0000000209856747535042131858
00.0000000209856747535042131858
00.0000000209856747535042131858
00.0000000209856747535042131858
00.0000000209856747535042131858
00.0000000209856747535042131858
00.0000000209856747535042131858
00.0000000209856747535042131858
00.0000000209856747535042131858
00.0000000209856747535042131858
00.0000000209856747535042131858
00.0000000209856747535042131858
00.0000000209856747535042131858
00.0000000209856747535042131858
00.0000000209856747535042131858
00.0000000209856747535042131858
00.0000000209856747535042131858
00.0000000209856747535042131858
00.0000000209856747535042131858
00.0000000209856747535042131858
00.0000000209856747535042131858
00.0000000209856747535042131858
00.0000000209856747535042131858
00.0000000209856747535042131858
00.0000000209856747535042131858
00.0000000209856747535042131858
00.0000000209856747535042131858
00.0000000209856747535042131858
00.0000000209856747535042131858
00.0000000209856747535042131858
00.0000000209856747535042131858
00.0000000209856747535042131858
00.0000000209856747535042131858
00.0000000209856747535042131858
00.0000000209856747535042131858
00.0000000209856747535042131858
00.0000000209856747535042131858
00.0000000209856747535042131858
00.0000000209856747535042131858
00.0000000209856747535042131858
00.0000000209856747535042131858
00.0000000209856747535042131858
00.0000000209856747535042131858
00.0000000209856747535042131858
00.0000000209856747535042131858
00.0000000209856747535042131858
00.0000000209856747535042131858
00.0000000209856747535042131858
00.0000000209856747535042131858
00.0000000209856747535042131858
00.0000000209856747535042131858
00.0000000209856747535042131858
00.0000000209856747535042131858
00.0000000209856747535042131858
00.0000000209856747535042131858
00.0000000209856747535042131858
00.0000000209856747535042131858
00.0000000209856747535042131858
00.0000000209856747535042131858
00.0000000209856747535042131858
00.0000000209856747535042131858
00.0000000209856747535042131858
00.0000000209856747535042131858
00.0000000209856747535042131858
00.0000000209856747535042131858
00.0000000209856747535042131858
00.0000000209856747535042131858
00.0000000209856747535042131858
00.0000000209856747535042131858
00.0000000209856747535042131858
00.0000000209856747535042131858
00.0000000209856747535042131858
00.0000000209856747535042131858
00.0000000209856747535042131858
00.0000000209856747535042131858
00.0000000209856747535042131858
00.0000000209856747535042131858
00.0000000209856747535042131858
00.0000000209856747535042131858
00.0000000209856747535042131858
00.0000000209856747535042131858
00.0000000209856747535042131858
00.0000000209856747535042131858
00.0000000209856747535042131858
00.0000000209856747535042131858
00.0000000209856747535042131858
00.0000000209856747535042131858
00.0000000209856747535042131858
00.0000000209856747535042131858
00.0000000209856747535042131858
00.0000000209856747535042131858
00.0000000209856747535042131858
00.0000000209856747535042131858
00.0000000209856747535042131858
00.0000000209856747535042131858
00.0000000209856747535042131858
00.0000000209856747535042131858
00.0000000209856747535042131858
00.0000000209856747535042131858
00.0000000209856747535042131858
00.0000000209856747535042131858
00.0000000209856747535042131858
00.0000000209856747535042131858
00.0000000209856747535042131858
00.0000000209856747535042131858
00.0000000209856747535042131858
00.0000000209856747535042131858
00.0000000209856747535042131858
00.0000000209856747535042131858
00.0000000209856747535042131858
00.0000000209856747535042131858
00.0000000209856747535042131858
00.0000000209856747535042131858
00.0000000209856747535042131858
00.0000000209856747535042131858
00.0000000209856747535042131858
00.0000000209856747535042131858
00.0000000209856747535042131858
00.0000000209856747535042131858
00.0000000209856747535042131858
00.0000000209856747535042131858
00.0000000209856747535042131858
00.0000000209856747535042131858
00.0000000209856747535042131858
00.0000000209856747535042131858
00.0000000209856747535042131858
00.0000000209856747535042131858
00.0000000209856747535042131858
00.0000000209856747535042131858
00.0000000209856747535042131858
00.0000000209856747535042131858
00.0000000209856747535042131858
00.0000000209856747535042131858
00.0000000209856747535042131858
00.0000000209856747535042131858
00.0000000209856747535042131858
00.0000000209856747535042131858
00.0000000209856747535042131858
00.0000000209856747535042131858
00.0000000209856747535042131858
00.0000000209856747535042131858
00.0000000209856747535042131858
00.0000000209856747535042131858
00.0000000209856747535042131858
00.0000000209856747535042131858
00.0000000209856747535042131858
00.0000000209856747535042131858
00.0000000209856747535042131858
00.0000000209856747535042131858
00.0000000209856747535042131858
00.0000000209856747535042131858
00.0000000209856747535042131858
00.0000000209856747535042131858
00.0000000209856747535042131858
00.0000000209856747535042131858
00.0000000209856747535042131858
00.0000000209856747535042131858
00.0000000209856747535042131858
00.0000000209856747535042131858
00.0000000209856747535042131858
00.0000000209856747535042131858
00.0000000209856747535042131858
00.0000000209856747535042131858
00.0000000209856747535042131858
00.0000000209856747535042131858
00.0000000209856747535042131858
00.0000000209856747535042131858
00.0000000209856747535042131858
00.0000000209856747535042131858
00.0000000209856747535042131858
00.0000000209856747535042131858
00.0000000209856747535042131858
00.0000000209856747535042131858
00.0000000209856747535042131858
00.0000000209856747535042131858
00.0000000209856747535042131858
00.0000000209856747535042131858
00.0000000209856747535042131858
00.0000000209856747535042131858
00.0000000209856747535042131858
00.0000000209856747535042131858
00.0000000209856747535042131858
00.0000000209856747535042131858
00.0000000209856747535042131858
00.0000000209856747535042131858
00.0000000209856747535042131858
00.0000000209856747535042131858
00.0000000209856747535042131858
00.0000000209856747535042131858
00.0000000209856747535042131858
00.0000000209856747535042131858
00.0000000209856747535042131858
00.0000000209856747535042131858
00.0000000209856747535042131858
00.0000000209856747535042131858
00.0000000209856747535042131858
00.0000000209856747535042131858
00.0000000209856747535042131858
00.0000000209856747535042131858
00.0000000209856747535042131858
00.0000000209856747535042131858
00.0000000209856747535042131858
00.0000000209856747535042131858
00.0000000209856747535042131858
00.0000000209856747535042131858
00.0000000209856747535042131858
00.0000000209856747535042131858
00.0000000209856747535042131858
00.0000000209856747535042131858
00.0000000209856747535042131858
00.0000000209856747535042131858
00.0000000209856747535042131858
00.0000000209856747535042131858
00.0000000209856747535042131858
00.0000000209856747535042131858
00.0000000209856747535042131858
00.0000000209856747535042131858
00.0000000209856747535042131858
00.0000000209856747535042131858
00.0000000209856747535042131858
00.0000000209856747535042131858
00.0000000209856747535042131858
00.0000000209856747535042131858
00.0000000209856747535042131858
00.0000000209856747535042131858
00.0000000209856747535042131858
00.0000000209856747535042131858
00.0000000209856747535042131858
00.0000000209856747535042131858
00.0000000209856747535042131858
00.0000000209856747535042131858
00.0000000209856747535042131858
00.0000000209856747535042131858
00.0000000209856747535042131858
00.0000000209856747535042131858
00.0000000209856747535042131858
00.0000000209856747535042131858
00.0000000209856747535042131858
00.0000000209856747535042131858
00.0000000209856747535042131858
00.0000000209856747535042131858
00.0000000209856747535042131858
00.0000000209856747535042131858
00.0000000209856747535042131858
00.0000000209856747535042131858
00.0000000209856747535042131858
00.0000000209856747535042131858
00.0000000209856747535042131858
00.0000000209856747535042131858
00.0000000209856747535042131858
00.0000000209856747535042131858
00.0000000209856747535042131858
00.0000000209856747535042131858
00.0000000209856747535042131858
00.0000000209856747535042131858
00.0000000209856747535042131858
00.0000000209856747535042131858
00.0000000209856747535042131858
00.0000000209856747535042131858
00.0000000209856747535042131858
00.0000000209856747535042131858
00.0000000209856747535042131858
00.0000000209856747535042131858
00.0000000209856747535042131858
00.0000000209856747535042131858
00.0000000209856747535042131858
00.0000000209856747535042131858
00.0000000209856747535042131858
00.0000000209856747535042131858
00.0000000209856747535042131858
00.0000000209856747535042131858
00.0000000209856747535042131858
00.0000000209856747535042131858
00.0000000209856747535042131858
00.0000000209856747535042131858
00.0000000209856747535042131858
00.0000000209856747535042131858
00.0000000209856747535042131858
00.0000000209856747535042131858
00.0000000209856747535042131858
00.0000000209856747535042131858
00.0000000209856747535042131858
00.0000000209856747535042131858
00.0000000209856747535042131858
00.0000000209856747535042131858
00.0000000209856747535042131858
00.0000000209856747535042131858
00.0000000209856747535042131858
00.0000000209856747535042131858
00.0000000209856747535042131858
00.0000000209856747535042131858
00.0000000209856747535042131858
00.0000000209856747535042131858
00.0000000209856747535042131858
00.0000000209856747535042131858
00.0000000209856747535042131858
00.0000000209856747535042131858
00.0000000209856747535042131858
00.0000000209856747535042131858
00.0000000209856747535042131858
00.0000000209856747535042131858
00.0000000209856747535042131858
00.0000000209856747535042131858
00.0000000209856747535042131858
00.0000000209856747535042131858
00.0000000209856747535042131858
00.0000000209856747535042131858
00.0000000209856747535042131858
00.0000000209856747535042131858
00.0000000209856747535042131858
00.0000000209856747535042131858
00.0000000209856747535042131858
00.0000000209856747535042131858
00.0000000209856747535042131858
00.0000000209856747535042131858
00.0000000209856747535042131858
00.0000000209856747535042131858
00.0000000209856747535042131858
00.0000000209856747535042131858
00.0000000209856747535042131858
00.0000000209856747535042131858
00.0000000209856747535042131858
00.0000000209856747535042131858
00.0000000209856747535042131858
00.0000000209856747535042131858
00.0000000209856747535042131858
00.0000000209856747535042131858
00.0000000209856747535042131858
00.0000000209856747535042131858
00.0000000209856747535042131858
00.0000000209856747535042131858
00.0000000209856747535042131858
00.0000000209856747535042131858
00.0000000209856747535042131858
00.0000000209856747535042131858
00.0000000209856747535042131858
00.0000000209856747535042131858
00.0000000209856747535042131858
00.0000000209856747535042131858
00.0000000209856747535042131858
00.0000000209856747535042131858
00.0000000209856747535042131858
00.0000000209856747535042131858
00.0000000209856747535042131858
00.0000000209856747535042131858
00.0000000209856747535042131858
00.0000000209856747535042131858
00.0000000209856747535042131858
00.0000000209856747535042131858
00.0000000209856747535042131858
00.0000000209856747535042131858
00.0000000209856747535042131858
00.0000000209856747535042131858
00.0000000209856747535042131858
00.0000000209856747535042131858
00.0000000209856747535042131858
00.0000000209856747535042131858
00.0000000209856747535042131858
00.0000000209856747535042131858
00.0000000209856747535042131858
00.0000000209856747535042131858
00.0000000209856747535042131858
00.0000000209856747535042131858
00.0000000209856747535042131858
00.0000000209856747535042131858
00.0000000209856747535042131858
00.0000000209856747535042131858
00.0000000209856747535042131858
00.0000000209856747535042131858
00.0000000209856747535042131858
00.0000000209856747535042131858
00.0000000209856747535042131858
00.0000000209856747535042131858
00.0000000209856747535042131858
00.0000000209856747535042131858
00.0000000209856747535042131858
00.0000000209856747535042131858
00.0000000209856747535042131858
00.0000000209856747535042131858
00.0000000209856747535042131858
00.0000000209856747535042131858
00.0000000209856747535042131858
00.0000000209856747535042131858
00.0000000209856747535042131858
00.0000000209856747535042131858
00.0000000209856747535042131858
00.0000000209856747535042131858
00.0000000209856747535042131858
00.0000000209856747535042131858
00.0000000209856747535042131858
00.0000000209856747535042131858
00.0000000209856747535042131858
00.0000000209856747535042131858
00.0000000209856747535042131858
00.0000000209856747535042131858
00.0000000209856747535042131858
00.0000000209856747535042131858
00.0000000209856747535042131858
00.0000000209856747535042131858
00.0000000209856747535042131858
00.0000000209856747535042131858
00.0000000209856747535042131858
00.0000000209856747535042131858
00.0000000209856747535042131858
00.0000000209856747535042131858
00.0000000209856747535042131858
00.0000000209856747535042131858
00.0000000209856747535042131858
00.0000000209856747535042131858
00.0000000209856747535042131858
00.0000000209856747535042131858
00.0000000209856747535042131858
00.0000000209856747535042131858
00.0000000209856747535042131858
00.0000000209856747535042131858
00.0000000209856747535042131858
00.0000000209856747535042131858
00.0000000209856747535042131858
00.0000000209856747535042131858
00.0000000209856747535042131858
00.0000000209856747535042131858
00.0000000209856747535042131858
00.0000000209856747535042131858
00.0000000209856747535042131858
00.0000000209856747535042131858
00.0000000209856747535042131858
00.0000000209856747535042131858
00.0000000209856747535042131858
00.0000000209856747535042131858
00.0000000209856747535042131858
00.0000000209856747535042131858
00.0000000209856747535042131858
00.0000000209856747535042131858
00.0000000209856747535042131858
00.0000000209856747535042131858
00.0000000209856747535042131858
00.0000000209856747535042131858
00.0000000209856747535042131858
00.0000000209856747535042131858
00.0000000209856747535042131858
00.0000000209856747535042131858
00.0000000209856747535042131858
00.0000000209856747535042131858
00.0000000209856747535042131858
00.0000000209856747535042131858
00.0000000209856747535042131858
00.0000000209856747535042131858
00.0000000209856747535042131858
00.0000000209856747535042131858
00.0000000209856747535042131858
00.0000000209856747535042131858
00.0000000209856747535042131858
00.0000000209856747535042131858
00.0000000209856747535042131858
00.0000000209856747535042131858
00.0000000209856747535042131858
00.0000000209856747535042131858
00.0000000209856747535042131858
00.0000000209856747535042131858
00.0000000209856747535042131858
00.0000000209856747535042131858
00.0000000209856747535042131858
00.0000000209856747535042131858
00.0000000209856747535042131858
00.0000000209856747535042131858
00.0000000209856747535042131858
00.0000000209856747535042131858
00.0000000209856747535042131858
00.0000000209856747535042131858
00.0000000209856747535042131858
00.0000000209856747535042131858
00.0000000209856747535042131858
00.0000000209856747535042131858
00.0000000209856747535042131858
00.0000000209856747535042131858
00.0000000209856747535042131858
00.0000000209856747535042131858
00.0000000209856747535042131858
00.0000000209856747535042131858
00.0000000209856747535042131858
00.0000000209856747535042131858
00.0000000209856747535042131858
00.0000000209856747535042131858
00.0000000209856747535042131858
00.0000000209856747535042131858
00.0000000209856747535042131858
00.0000000209856747535042131858
00.0000000209856747535042131858
00.0000000209856747535042131858
00.0000000209856747535042131858
00.0000000209856747535042131858
00.0000000209856747535042131858
00.0000000209856747535042131858
00.0000000209856747535042131858
00.0000000209856747535042131858
00.0000000209856747535042131858
00.0000000209856747535042131858
00.0000000209856747535042131858
00.0000000209856747535042131858
00.0000000209856747535042131858
00.0000000209856747535042131858
00.0000000209856747535042131858
00.0000000209856747535042131858
00.0000000209856747535042131858
00.0000000209856747535042131858
00.0000000209856747535042131858
00.0000000209856747535042131858
00.0000000209856747535042131858
00.0000000209856747535042131858
00.0000000209856747535042131858
00.0000000209856747535042131858
00.0000000209856747535042131858
00.0000000209856747535042131858
00.0000000209856747535042131858
00.0000000209856747535042131858
00.0000000209856747535042131858
00.0000000209856747535042131858
00.0000000209856747535042131858
00.0000000209856747535042131858
00.0000000209856747535042131858
00.0000000209856747535042131858
00.0000000209856747535042131858
00.0000000209856747535042131858
00.0000000209856747535042131858
00.0000000209856747535042131858
00.0000000209856747535042131858
00.0000000209856747535042131858
00.0000000209856747535042131858
00.0000000209856747535042131858
00.0000000209856747535042131858
00.0000000209856747535042131858
00.0000000209856747535042131858
00.0000000209856747535042131858
00.0000000209856747535042131858
00.0000000209856747535042131858
00.0000000209856747535042131858
00.0000000209856747535042131858
00.0000000209856747535042131858
00.0000000209856747535042131858
00.0000000209856747535042131858
00.0000000209856747535042131858
00.0000000209856747535042131858
00.0000000209856747535042131858
00.0000000209856747535042131858
00.0000000209856747535042131858
00.0000000209856747535042131858
00.0000000209856747535042131858
00.0000000209856747535042131858
00.0000000209856747535042131858
00.0000000209856747535042131858
00.0000000209856747535042131858
00.0000000209856747535042131858
00.0000000209856747535042131858
00.0000000209856747535042131858
00.0000000209856747535042131858
00.0000000209856747535042131858
00.0000000209856747535042131858
00.0000000209856747535042131858
00.0000000209856747535042131858
00.0000000209856747535042131858
00.0000000209856747535042131858
00.0000000209856747535042131858
00.0000000209856747535042131858
00.0000000209856747535042131858
00.0000000209856747535042131858
00.0000000209856747535042131858
00.0000000209856747535042131858
00.0000000209856747535042131858
00.0000000209856747535042131858
00.0000000209856747535042131858
00.0000000209856747535042131858
00.0000000209856747535042131858
00.0000000209856747535042131858
00.0000000209856747535042131858
00.0000000209856747535042131858
00.0000000209856747535042131858
00.0000000209856747535042131858
00.0000000209856747535042131858
00.0000000209856747535042131858
00.0000000209856747535042131858
00.0000000209856747535042131858
00.0000000209856747535042131858
00.0000000209856747535042131858
00.0000000209856747535042131858
00.0000000209856747535042131858
00.0000000209856747535042131858
00.0000000209856747535042131858
00.0000000209856747535042131858
00.0000000209856747535042131858
00.0000000209856747535042131858
00.0000000209856747535042131858
00.0000000209856747535042131858
00.0000000209856747535042131858
00.0000000209856747535042131858
00.0000000209856747535042131858
00.0000000209856747535042131858
00.0000000209856747535042131858
00.0000000209856747535042131858
00.0000000209856747535042131858
00.0000000209856747535042131858
00.0000000209856747535042131858
00.0000000209856747535042131858
00.0000000209856747535042131858
00.0000000209856747535042131858
00.0000000209856747535042131858
00.0000000209856747535042131858
00.0000000209856747535042131858
00.0000000209856747535042131858
00.0000000209856747535042131858
00.0000000209856747535042131858
00.0000000209856747535042131858
00.0000000209856747535042131858
00.0000000209856747535042131858
00.0000000209856747535042131858
00.0000000209856747535042131858
00.0000000209856747535042131858
00.0000000209856747535042131858
00.0000000209856747535042131858
00.0000000209856747535042131858
00.0000000209856747535042131858
00.0000000209856747535042131858
00.0000000209856747535042131858
00.0000000209856747535042131858
00.0000000209856747535042131858
00.0000000209856747535042131858
00.0000000209856747535042131858
00.0000000209856747535042131858
00.0000000209856747535042131858
00.0000000209856747535042131858
00.0000000209856747535042131858
00.0000000209856747535042131858
00.0000000209856747535042131858
00.0000000209856747535042131858
00.0000000209856747535042131858
00.0000000209856747535042131858
00.0000000209856747535042131858
00.0000000209856747535042131858
00.0000000209856747535042131858
00.0000000209856747535042131858
00.0000000209856747535042131858
00.0000000209856747535042131858
00.0000000209856747535042131858
00.0000000209856747535042131858
00.0000000209856747535042131858
00.0000000209856747535042131858
00.0000000209856747535042131858
00.0000000209856747535042131858
00.0000000209856747535042131858
00.0000000209856747535042131858
00.0000000209856747535042131858
00.0000000209856747535042131858
00.0000000209856747535042131858
00.0000000209856747535042131858
00.0000000209856747535042131858
00.0000000209856747535042131858
00.0000000209856747535042131858
00.0000000209856747535042131858
00.0000000209856747535042131858
00.0000000209856747535042131858
00.0000000209856747535042131858
00.0000000209856747535042131858
00.0000000209856747535042131858
00.0000000209856747535042131858
00.0000000209856747535042131858
00.0000000209856747535042131858
00.0000000209856747535042131858
00.0000000209856747535042131858
00.0000000209856747535042131858
00.0000000209856747535042131858
00.0000000209856747535042131858
00.0000000209856747535042131858
00.0000000209856747535042131858
00.0000000209856747535042131858
00.0000000209856747535042131858
00.0000000209856747535042131858
00.0000000209856747535042131858
00.0000000209856747535042131858
00.0000000209856747535042131858
00.0000000209856747535042131858
00.0000000209856747535042131858
00.0000000209856747535042131858
00.0000000209856747535042131858
00.0000000209856747535042131858
00.0000000209856747535042131858
00.0000000209856747535042131858
00.0000000209856747535042131858
00.0000000209856747535042131858
00.0000000209856747535042131858
00.0000000209856747535042131858
00.0000000209856747535042131858
00.0000000209856747535042131858
00.0000000209856747535042131858
00.0000000209856747535042131858
00.0000000209856747535042131858
00.0000000209856747535042131858
00.0000000209856747535042131858
00.0000000209856747535042131858
00.0000000209856747535042131858
00.0000000209856747535042131858
00.0000000209856747535042131858
00.0000000209856747535042131858
00.0000000209856747535042131858
00.0000000209856747535042131858
00.0000000209856747535042131858
00.0000000209856747535042131858
00.0000000209856747535042131858
00.0000000209856747535042131858
00.0000000209856747535042131858
00.0000000209856747535042131858
00.0000000209856747535042131858
00.0000000209856747535042131858
00.0000000209856747535042131858
00.0000000209856747535042131858
00.0000000209856747535042131858
00.0000000209856747535042131858
00.0000000209856747535042131858
00.0000000209856747535042131858
00.0000000209856747535042131858
00.0000000209856747535042131858
00.0000000209856747535042131858
00.0000000209856747535042131858
00.0000000209856747535042131858
00.0000000209856747535042131858
00.0000000209856747535042131858
00.0000000209856747535042131858
00.0000000209856747535042131858
00.0000000209856747535042131858
00.0000000209856747535042131858
00.0000000209856747535042131858
00.0000000209856747535042131858
00.0000000209856747535042131858
00.0000000209856747535042131858
00.0000000209856747535042131858
00.0000000209856747535042131858
00.0000000209856747535042131858
00.0000000209856747535042131858
00.0000000209856747535042131858
00.0000000209856747535042131858
00.0000000209856747535042131858
00.0000000209856747535042131858
00.0000000209856747535042131858
00.0000000209856747535042131858
00.0000000209856747535042131858
00.0000000209856747535042131858
00.0000000209856747535042131858
00.0000000209856747535042131858
00.0000000209856747535042131858
00.0000000209856747535042131858
00.0000000209856747535042131858
00.0000000209856747535042131858
00.0000000209856747535042131858
00.0000000209856747535042131858
00.0000000209856747535042131858
00.0000000209856747535042131858
00.0000000209856747535042131858
00.0000000209856747535042131858
00.0000000209856747535042131858
00.0000000209856747535042131858
00.0000000209856747535042131858
00.0000000209856747535042131858
00.0000000209856747535042131858
00.0000000209856747535042131858
00.0000000209856747535042131858
00.0000000209856747535042131858
00.0000000209856747535042131858
00.0000000209856747535042131858
00.0000000209856747535042131858
00.0000000209856747535042131858
00.0000000209856747535042131858
00.0000000209856747535042131858
00.0000000209856747535042131858
00.0000000209856747535042131858
00.0000000209856747535042131858
00.0000000209856747535042131858
00.0000000209856747535042131858
00.0000000209856747535042131858
00.0000000209856747535042131858
00.0000000209856747535042131858
00.0000000209856747535042131858
00.0000000209856747535042131858
00.0000000209856747535042131858
00.0000000209856747535042131858
00.0000000209856747535042131858
00.0000000209856747535042131858
00.0000000209856747535042131858
00.0000000209856747535042131858
00.0000000209856747535042131858
00.0000000209856747535042131858
00.0000000209856747535042131858
00.0000000209856747535042131858
00.0000000209856747535042131858
00.0000000209856747535042131858
00.0000000209856747535042131858
00.0000000209856747535042131858
00.0000000209856747535042131858
00.0000000209856747535042131858
00.0000000209856747535042131858
00.0000000209856747535042131858
00.0000000209856747535042131858
00.0000000209856747535042131858
00.0000000209856747535042131858
00.0000000209856747535042131858
00.0000000209856747535042131858
00.0000000209856747535042131858
00.0000000209856747535042131858
00.0000000209856747535042131858
00.0000000209856747535042131858
00.0000000209856747535042131858
00.0000000209856747535042131858
00.0000000209856747535042131858
00.0000000209856747535042131858
00.0000000209856747535042131858
00.0000000209856747535042131858
00.0000000209856747535042131858
00.0000000209856747535042131858
00.0000000209856747535042131858
00.0000000209856747535042131858
00.0000000209856747535042131858
00.0000000209856747535042131858
00.0000000209856747535042131858
00.0000000209856747535042131858
00.0000000209856747535042131858
00.0000000209856747535042131858
00.0000000209856747535042131858
00.0000000209856747535042131858
00.0000000209856747535042131858
00.0000000209856747535042131858
00.0000000209856747535042131858
00.0000000209856747535042131858
00.0000000209856747535042131858
00.0000000209856747535042131858
00.0000000209856747535042131858
00.0000000209856747535042131858
00.0000000209856747535042131858
00.0000000209856747535042131858
00.0000000209856747535042131858
00.0000000209856747535042131858
00.0000000209856747535042131858
00.0000000209856747535042131858
00.0000000209856747535042131858
00.0000000209856747535042131858
00.0000000209856747535042131858
00.0000000209856747535042131858
00.0000000209856747535042131858
00.0000000209856747535042131858
00.0000000209856747535042131858
00.0000000209856747535042131858
00.0000000209856747535042131858
00.0000000209856747535042131858
00.0000000209856747535042131858
00.0000000209856747535042131858
00.0000000209856747535042131858
00.0000000209856747535042131858
00.0000000209856747535042131858
00.0000000209856747535042131858
00.0000000209856747535042131858
00.0000000209856747535042131858
00.0000000209856747535042131858
00.0000000209856747535042131858
00.0000000209856747535042131858
00.0000000209856747535042131858
00.0000000209856747535042131858
00.0000000209856747535042131858
00.0000000209856747535042131858
00.0000000209856747535042131858
00.0000000209856747535042131858
00.0000000209856747535042131858
00.0000000209856747535042131858
00.0000000209856747535042131858
00.0000000209856747535042131858
00.0000000209856747535042131858
00.0000000209856747535042131858
00.0000000209856747535042131858
00.0000000209856747535042131858
00.0000000209856747535042131858
00.0000000209856747535042131858
00.0000000209856747535042131858
00.0000000209856747535042131858
00.0000000209856747535042131858
00.0000000209856747535042131858
00.0000000209856747535042131858
00.0000000209856747535042131858
00.0000000209856747535042131858
00.0000000209856747535042131858
00.0000000209856747535042131858
00.0000000209856747535042131858
00.0000000209856747535042131858
00.0000000209856747535042131858
00.0000000209856747535042131858
00.0000000209856747535042131858
00.0000000209856747535042131858
00.0000000209856747535042131858
00.0000000209856747535042131858
00.0000000209856747535042131858
00.0000000209856747535042131858
00.0000000209856747535042131858
00.0000000209856747535042131858
00.0000000209856747535042131858
00.0000000209856747535042131858
00.0000000209856747535042131858
00.0000000209856747535042131858
00.0000000209856747535042131858
00.0000000209856747535042131858
00.0000000209856747535042131858
00.0000000209856747535042131858
00.0000000209856747535042131858
00.0000000209856747535042131858
00.0000000209856747535042131858
00.0000000209856747535042131858
00.0000000209856747535042131858
00.0000000209856747535042131858
00.0000000209856747535042131858
00.0000000209856747535042131858
00.0000000209856747535042131858
00.0000000209856747535042131858
00.0000000209856747535042131858
00.0000000209856747535042131858
00.0000000209856747535042131858
00.0000000209856747535042131858
00.0000000209856747535042131858
00.0000000209856747535042131858
00.0000000209856747535042131858
00.0000000209856747535042131858
00.0000000209856747535042131858
00.0000000209856747535042131858
00.0000000209856747535042131858
00.0000000209856747535042131858
00.0000000209856747535042131858
00.0000000209856747535042131858
00.0000000209856747535042131858
00.0000000209856747535042131858
00.0000000209856747535042131858
00.0000000209856747535042131858
00.0000000209856747535042131858
00.0000000209856747535042131858
00.0000000209856747535042131858
00.0000000209856747535042131858
00.0000000209856747535042131858
00.0000000209856747535042131858
00.0000000209856747535042131858
00.0000000209856747535042131858
00.0000000209856747535042131858
00.0000000209856747535042131858
00.0000000209856747535042131858
00.0000000209856747535042131858
00.0000000209856747535042131858
00.0000000209856747535042131858
00.0000000209856747535042131858
00.0000000209856747535042131858
00.0000000209856747535042131858
00.0000000227997701829352195091
00.0000000227997701829352195091
00.0000000227997701829352195091
00.0000000227997701829352195091
00.0000000227997701829352195091
00.0000000227997701829352195091
00.0000000227997701829352195091
00.0000000227997701829352195091
00.0000000227997701829352195091
00.0000000227997701829352195091
00.0000000227997701829352195091
00.0000000227997701829352195091
00.0000000227997701829352195091
00.0000000227997701829352195091
00.0000000227997701829352195091
00.0000000227997701829352195091
00.0000000227997701829352195091
00.0000000227997701829352195091
00.0000000227997701829352195091
00.0000000227997701829352195091
00.0000000227997701829352195091
00.0000000227997701829352195091
00.0000000227997701829352195091
00.0000000227997701829352195091
00.0000000227997701829352195091
00.0000000227997701829352195091
00.0000000227997701829352195091
00.0000000227997701829352195091
00.0000000227997701829352195091
00.0000000227997701829352195091
00.0000000227997701829352195091
00.0000000227997701829352195091
00.0000000227997701829352195091
00.0000000227997701829352195091
00.0000000227997701829352195091
00.0000000227997701829352195091
00.0000000227997701829352195091
00.0000000227997701829352195091
00.0000000227997701829352195091
00.0000000227997701829352195091
00.0000000227997701829352195091
00.0000000227997701829352195091
00.0000000227997701829352195091
00.0000000227997701829352195091
00.0000000227997701829352195091
00.0000000227997701829352195091
00.0000000227997701829352195091
00.0000000227997701829352195091
00.0000000227997701829352195091
00.0000000227997701829352195091
00.0000000227997701829352195091
00.0000000227997701829352195091
00.0000000227997701829352195091
00.0000000227997701829352195091
00.0000000227997701829352195091
00.0000000227997701829352195091
00.0000000227997701829352195091
00.0000000227997701829352195091
00.0000000227997701829352195091
00.0000000227997701829352195091
00.0000000227997701829352195091
00.0000000227997701829352195091
00.0000000227997701829352195091
00.0000000227997701829352195091
00.0000000227997701829352195091
00.0000000227997701829352195091
00.0000000227997701829352195091
00.0000000227997701829352195091
00.0000000227997701829352195091
00.0000000227997701829352195091
00.0000000227997701829352195091
00.0000000227997701829352195091
00.0000000227997701829352195091
00.0000000227997701829352195091
00.0000000227997701829352195091
00.0000000227997701829352195091
00.0000000227997701829352195091
00.0000000227997701829352195091
00.0000000227997701829352195091
00.0000000227997701829352195091
00.0000000227997701829352195091
00.0000000227997701829352195091
00.0000000227997701829352195091
00.0000000227997701829352195091
00.0000000227997701829352195091
00.0000000227997701829352195091
00.0000000227997701829352195091
00.0000000227997701829352195091
00.0000000227997701829352195091
00.0000000227997701829352195091
00.0000000227997701829352195091
00.0000000227997701829352195091
00.0000000227997701829352195091
00.0000000227997701829352195091
00.0000000227997701829352195091
00.0000000227997701829352195091
00.0000000227997701829352195091
00.0000000227997701829352195091
00.0000000227997701829352195091
00.0000000227997701829352195091
00.0000000227997701829352195091
00.0000000227997701829352195091
00.0000000227997701829352195091
00.0000000227997701829352195091
00.0000000227997701829352195091
00.0000000227997701829352195091
00.0000000227997701829352195091
00.0000000227997701829352195091
00.0000000227997701829352195091
00.0000000227997701829352195091
00.0000000227997701829352195091
00.0000000227997701829352195091
00.0000000227997701829352195091
00.0000000227997701829352195091
00.0000000227997701829352195091
00.0000000227997701829352195091
00.0000000227997701829352195091
00.0000000227997701829352195091
00.0000000227997701829352195091
00.0000000227997701829352195091
00.0000000227997701829352195091
00.0000000227997701829352195091
00.0000000227997701829352195091
00.0000000227997701829352195091
00.0000000227997701829352195091
00.0000000227997701829352195091
00.0000000227997701829352195091
00.0000000227997701829352195091
00.0000000227997701829352195091
00.0000000227997701829352195091
00.0000000227997701829352195091
00.0000000227997701829352195091
00.0000000227997701829352195091
00.0000000227997701829352195091
00.0000000227997701829352195091
00.0000000227997701829352195091
00.0000000227997701829352195091
00.0000000227997701829352195091
00.0000000227997701829352195091
00.0000000227997701829352195091
00.0000000227997701829352195091
00.0000000227997701829352195091
00.0000000227997701829352195091
00.0000000227997701829352195091
00.0000000227997701829352195091
00.0000000227997701829352195091
00.0000000227997701829352195091
00.0000000227997701829352195091
00.0000000227997701829352195091
00.0000000227997701829352195091
00.0000000227997701829352195091
00.0000000227997701829352195091
00.0000000227997701829352195091
00.0000000227997701829352195091
00.0000000227997701829352195091
00.0000000227997701829352195091
00.0000000227997701829352195091
00.0000000227997701829352195091
00.0000000227997701829352195091
00.0000000227997701829352195091
00.0000000227997701829352195091
00.0000000227997701829352195091
00.0000000227997701829352195091
00.0000000227997701829352195091
00.0000000227997701829352195091
00.0000000227997701829352195091
00.0000000227997701829352195091
00.0000000227997701829352195091
00.0000000227997701829352195091
00.0000000227997701829352195091
00.0000000227997701829352195091
00.0000000227997701829352195091
00.0000000227997701829352195091
00.0000000227997701829352195091
00.0000000227997701829352195091
00.0000000227997701829352195091
00.0000000227997701829352195091
00.0000000227997701829352195091
00.0000000227997701829352195091
00.0000000227997701829352195091
00.0000000227997701829352195091
00.0000000227997701829352195091
00.0000000227997701829352195091
00.0000000227997701829352195091
00.0000000227997701829352195091
00.0000000227997701829352195091
00.0000000227997701829352195091
00.0000000227997701829352195091
00.0000000227997701829352195091
00.0000000227997701829352195091
00.0000000227997701829352195091
00.0000000227997701829352195091
00.0000000227997701829352195091
00.0000000227997701829352195091
00.0000000227997701829352195091
00.0000000227997701829352195091
00.0000000227997701829352195091
00.0000000227997701829352195091
00.0000000227997701829352195091
00.0000000227997701829352195091
00.0000000227997701829352195091
00.0000000227997701829352195091
00.0000000227997701829352195091
00.0000000227997701829352195091
00.0000000227997701829352195091
00.0000000227997701829352195091
00.0000000227997701829352195091
00.0000000227997701829352195091
00.0000000227997701829352195091
00.0000000227997701829352195091
00.0000000227997701829352195091
00.0000000227997701829352195091
00.0000000227997701829352195091
00.0000000227997701829352195091
00.0000000227997701829352195091
00.0000000227997701829352195091
00.0000000227997701829352195091
00.0000000227997701829352195091
00.0000000227997701829352195091
00.0000000227997701829352195091
00.0000000227997701829352195091
00.0000000227997701829352195091
00.0000000227997701829352195091
00.0000000227997701829352195091
00.0000000227997701829352195091
00.0000000227997701829352195091
00.0000000227997701829352195091
00.0000000227997701829352195091
00.0000000227997701829352195091
00.0000000227997701829352195091
00.0000000227997701829352195091
00.0000000227997701829352195091
00.0000000227997701829352195091
00.0000000227997701829352195091
00.0000000227997701829352195091
00.0000000227997701829352195091
00.0000000227997701829352195091
00.0000000227997701829352195091
00.0000000227997701829352195091
00.0000000227997701829352195091
00.0000000227997701829352195091
00.0000000227997701829352195091
00.0000000227997701829352195091
00.0000000227997701829352195091
00.0000000227997701829352195091
00.0000000227997701829352195091
00.0000000227997701829352195091
00.0000000227997701829352195091
00.0000000227997701829352195091
00.0000000227997701829352195091
00.0000000227997701829352195091
00.0000000227997701829352195091
00.0000000227997701829352195091
00.0000000227997701829352195091
00.0000000227997701829352195091
00.0000000227997701829352195091
00.0000000227997701829352195091
00.0000000227997701829352195091
00.0000000227997701829352195091
00.0000000227997701829352195091
00.0000000227997701829352195091
00.0000000227997701829352195091
00.0000000227997701829352195091
00.0000000227997701829352195091
00.0000000227997701829352195091
00.0000000227997701829352195091
00.0000000227997701829352195091
00.0000000227997701829352195091
00.0000000227997701829352195091
00.0000000227997701829352195091
00.0000000227997701829352195091
00.0000000227997701829352195091
00.0000000227997701829352195091
00.0000000227997701829352195091
00.0000000227997701829352195091
00.0000000227997701829352195091
00.0000000227997701829352195091
00.0000000227997701829352195091
00.0000000227997701829352195091
00.0000000227997701829352195091
00.0000000227997701829352195091
00.0000000227997701829352195091
00.0000000227997701829352195091
00.0000000227997701829352195091
00.0000000227997701829352195091
00.0000000227997701829352195091
00.0000000227997701829352195091
00.0000000227997701829352195091
00.0000000227997701829352195091
00.0000000227997701829352195091
00.0000000227997701829352195091
00.0000000227997701829352195091
00.0000000227997701829352195091
00.0000000227997701829352195091
00.0000000227997701829352195091
00.0000000227997701829352195091
00.0000000227997701829352195091
00.0000000227997701829352195091
00.0000000227997701829352195091
00.0000000227997701829352195091
00.0000000227997701829352195091
00.0000000227997701829352195091
00.0000000227997701829352195091
00.0000000227997701829352195091
00.0000000227997701829352195091
00.0000000227997701829352195091
00.0000000227997701829352195091
00.0000000227997701829352195091
00.0000000227997701829352195091
00.0000000227997701829352195091
00.0000000227997701829352195091
00.0000000227997701829352195091
00.0000000227997701829352195091
00.0000000227997701829352195091
00.0000000227997701829352195091
00.0000000227997701829352195091
00.0000000227997701829352195091
00.0000000227997701829352195091
00.0000000227997701829352195091
00.0000000227997701829352195091
00.0000000227997701829352195091
00.0000000227997701829352195091
00.0000000227997701829352195091
00.0000000227997701829352195091
00.0000000227997701829352195091
00.0000000227997701829352195091
00.0000000227997701829352195091
00.0000000227997701829352195091
00.0000000227997701829352195091
00.0000000227997701829352195091
00.0000000227997701829352195091
00.0000000227997701829352195091
00.0000000227997701829352195091
00.0000000227997701829352195091
00.0000000227997701829352195091
00.0000000227997701829352195091
00.0000000227997701829352195091
00.0000000227997701829352195091
00.0000000227997701829352195091
00.0000000227997701829352195091
00.0000000227997701829352195091
00.0000000227997701829352195091
00.0000000227997701829352195091
00.0000000227997701829352195091
00.0000000227997701829352195091
00.0000000227997701829352195091
00.0000000227997701829352195091
00.0000000227997701829352195091
00.0000000227997701829352195091
00.0000000227997701829352195091
00.0000000227997701829352195091
00.0000000227997701829352195091
00.0000000227997701829352195091
00.0000000227997701829352195091
00.0000000227997701829352195091
00.0000000227997701829352195091
00.0000000227997701829352195091
00.0000000227997701829352195091
00.0000000227997701829352195091
00.0000000227997701829352195091
00.0000000227997701829352195091
00.0000000227997701829352195091
00.0000000227997701829352195091
00.0000000227997701829352195091
00.0000000227997701829352195091
00.0000000227997701829352195091
00.0000000227997701829352195091
00.0000000227997701829352195091
00.0000000227997701829352195091
00.0000000227997701829352195091
00.0000000227997701829352195091
00.0000000227997701829352195091
00.0000000227997701829352195091
00.0000000227997701829352195091
00.0000000227997701829352195091
00.0000000227997701829352195091
00.0000000227997701829352195091
00.0000000227997701829352195091
00.0000000227997701829352195091
00.0000000227997701829352195091
00.0000000227997701829352195091
00.0000000227997701829352195091
00.0000000227997701829352195091
00.0000000227997701829352195091
00.0000000227997701829352195091
00.0000000227997701829352195091
00.0000000227997701829352195091
00.0000000227997701829352195091
00.0000000227997701829352195091
00.0000000227997701829352195091
00.0000000227997701829352195091
00.0000000227997701829352195091
00.0000000227997701829352195091
00.0000000227997701829352195091
00.0000000227997701829352195091
00.0000000227997701829352195091
00.0000000227997701829352195091
00.0000000227997701829352195091
00.0000000227997701829352195091
00.0000000227997701829352195091
00.0000000227997701829352195091
00.0000000227997701829352195091
00.0000000227997701829352195091
00.0000000227997701829352195091
00.0000000227997701829352195091
00.0000000227997701829352195091
00.0000000227997701829352195091
00.0000000227997701829352195091
00.0000000227997701829352195091
00.0000000227997701829352195091
00.0000000227997701829352195091
00.0000000227997701829352195091
00.0000000227997701829352195091
00.0000000227997701829352195091
00.0000000227997701829352195091
00.0000000227997701829352195091
00.0000000227997701829352195091
00.0000000227997701829352195091
00.0000000227997701829352195091
00.0000000227997701829352195091
00.0000000227997701829352195091
00.0000000227997701829352195091
00.0000000227997701829352195091
00.0000000227997701829352195091
00.0000000227997701829352195091
00.0000000227997701829352195091
00.0000000227997701829352195091
00.0000000227997701829352195091
00.0000000227997701829352195091
00.0000000227997701829352195091
00.0000000227997701829352195091
00.0000000227997701829352195091
00.0000000227997701829352195091
00.0000000227997701829352195091
00.0000000227997701829352195091
00.0000000227997701829352195091
00.0000000227997701829352195091
00.0000000227997701829352195091
00.0000000227997701829352195091
00.0000000227997701829352195091
00.0000000227997701829352195091
00.0000000227997701829352195091
00.0000000227997701829352195091
00.0000000227997701829352195091
00.0000000227997701829352195091
00.0000000227997701829352195091
00.0000000227997701829352195091
00.0000000227997701829352195091
00.0000000227997701829352195091
00.0000000227997701829352195091
00.0000000227997701829352195091
00.0000000227997701829352195091
00.0000000227997701829352195091
00.0000000227997701829352195091
00.0000000227997701829352195091
00.0000000227997701829352195091
00.0000000227997701829352195091
00.0000000227997701829352195091
00.0000000227997701829352195091
00.0000000227997701829352195091
00.0000000227997701829352195091
00.0000000227997701829352195091
00.0000000227997701829352195091
00.0000000227997701829352195091
00.0000000227997701829352195091
00.0000000227997701829352195091
00.0000000227997701829352195091
00.0000000227997701829352195091
00.0000000227997701829352195091
00.0000000227997701829352195091
00.0000000227997701829352195091
00.0000000227997701829352195091
00.0000000227997701829352195091
00.0000000227997701829352195091
00.0000000227997701829352195091
00.0000000227997701829352195091
00.0000000227997701829352195091
00.0000000227997701829352195091
00.0000000227997701829352195091
00.0000000227997701829352195091
00.0000000227997701829352195091
00.0000000227997701829352195091
00.0000000227997701829352195091
00.0000000227997701829352195091
00.0000000227997701829352195091
00.0000000227997701829352195091
00.0000000227997701829352195091
00.0000000227997701829352195091
00.0000000227997701829352195091
00.0000000227997701829352195091
00.0000000227997701829352195091
00.0000000227997701829352195091
00.0000000227997701829352195091
00.0000000227997701829352195091
00.0000000227997701829352195091
00.0000000227997701829352195091
00.0000000227997701829352195091
00.0000000227997701829352195091
00.0000000227997701829352195091
00.0000000227997701829352195091
00.0000000227997701829352195091
00.0000000227997701829352195091
00.0000000227997701829352195091
00.0000000227997701829352195091
00.0000000227997701829352195091
00.0000000227997701829352195091
00.0000000227997701829352195091
00.0000000227997701829352195091
00.0000000227997701829352195091
00.0000000227997701829352195091
00.0000000227997701829352195091
00.0000000227997701829352195091
00.0000000227997701829352195091
00.0000000227997701829352195091
00.0000000227997701829352195091
00.0000000227997701829352195091
00.0000000227997701829352195091
00.0000000227997701829352195091
00.0000000227997701829352195091
00.0000000227997701829352195091
00.0000000227997701829352195091
00.0000000227997701829352195091
00.0000000227997701829352195091
00.0000000227997701829352195091
00.0000000227997701829352195091
00.0000000227997701829352195091
00.0000000227997701829352195091
00.0000000227997701829352195091
00.0000000227997701829352195091
00.0000000227997701829352195091
00.0000000227997701829352195091
00.0000000227997701829352195091
00.0000000227997701829352195091
00.0000000227997701829352195091
00.0000000227997701829352195091
00.0000000227997701829352195091
00.0000000227997701829352195091
00.0000000227997701829352195091
00.0000000227997701829352195091
00.0000000227997701829352195091
00.0000000227997701829352195091
00.0000000227997701829352195091
00.0000000227997701829352195091
00.0000000227997701829352195091
00.0000000227997701829352195091
00.0000000227997701829352195091
00.0000000227997701829352195091
00.0000000227997701829352195091
00.0000000227997701829352195091
00.0000000227997701829352195091
00.0000000227997701829352195091
00.0000000227997701829352195091
00.0000000227997701829352195091
00.0000000227997701829352195091
00.0000000227997701829352195091
00.0000000227997701829352195091
00.0000000227997701829352195091
00.0000000227997701829352195091
00.0000000227997701829352195091
00.0000000227997701829352195091
00.0000000227997701829352195091
00.0000000227997701829352195091
00.0000000227997701829352195091
00.0000000227997701829352195091
00.0000000227997701829352195091
00.0000000227997701829352195091
00.0000000227997701829352195091
00.0000000227997701829352195091
00.0000000227997701829352195091
00.0000000227997701829352195091
00.0000000227997701829352195091
00.0000000227997701829352195091
00.0000000227997701829352195091
00.0000000227997701829352195091
00.0000000227997701829352195091
00.0000000227997701829352195091
00.0000000227997701829352195091
00.0000000227997701829352195091
00.0000000227997701829352195091
00.0000000227997701829352195091
00.0000000227997701829352195091
00.0000000227997701829352195091
00.0000000227997701829352195091
00.0000000227997701829352195091
00.0000000227997701829352195091
00.0000000227997701829352195091
00.0000000227997701829352195091
00.0000000227997701829352195091
00.0000000227997701829352195091
00.0000000227997701829352195091
00.0000000227997701829352195091
00.0000000227997701829352195091
00.0000000227997701829352195091
00.0000000227997701829352195091
00.0000000227997701829352195091
00.0000000227997701829352195091
00.0000000227997701829352195091
00.0000000227997701829352195091
00.0000000227997701829352195091
00.0000000227997701829352195091
00.0000000227997701829352195091
00.0000000227997701829352195091
00.0000000227997701829352195091
00.0000000227997701829352195091
00.0000000227997701829352195091
00.0000000227997701829352195091
00.0000000227997701829352195091
00.0000000227997701829352195091
00.0000000227997701829352195091
00.0000000227997701829352195091
00.0000000227997701829352195091
00.0000000227997701829352195091
00.0000000227997701829352195091
00.0000000227997701829352195091
00.0000000227997701829352195091
00.0000000227997701829352195091
00.0000000227997701829352195091
00.0000000227997701829352195091
00.0000000227997701829352195091
00.0000000227997701829352195091
00.0000000227997701829352195091
00.0000000227997701829352195091
00.0000000227997701829352195091
00.0000000227997701829352195091
00.0000000227997701829352195091
00.0000000227997701829352195091
00.0000000227997701829352195091
00.0000000227997701829352195091
00.0000000227997701829352195091
00.0000000227997701829352195091
00.0000000227997701829352195091
00.0000000227997701829352195091
00.0000000227997701829352195091
00.0000000227997701829352195091
00.0000000227997701829352195091
00.0000000227997701829352195091
00.0000000227997701829352195091
00.0000000227997701829352195091
00.0000000227997701829352195091
00.0000000227997701829352195091
00.0000000227997701829352195091
00.0000000227997701829352195091
00.0000000227997701829352195091
00.0000000227997701829352195091
00.0000000227997701829352195091
00.0000000227997701829352195091
00.0000000227997701829352195091
00.0000000227997701829352195091
00.0000000227997701829352195091
00.0000000227997701829352195091
00.0000000227997701829352195091
00.0000000227997701829352195091
00.0000000227997701829352195091
00.0000000227997701829352195091
00.0000000227997701829352195091
00.0000000227997701829352195091
00.0000000227997701829352195091
00.0000000227997701829352195091
00.0000000227997701829352195091
00.0000000227997701829352195091
00.0000000227997701829352195091
00.0000000227997701829352195091
00.0000000227997701829352195091
00.0000000227997701829352195091
00.0000000227997701829352195091
00.0000000227997701829352195091
00.0000000227997701829352195091
00.0000000227997701829352195091
00.0000000227997701829352195091
00.0000000227997701829352195091
00.0000000227997701829352195091
00.0000000227997701829352195091
00.0000000227997701829352195091
00.0000000227997701829352195091
00.0000000227997701829352195091
00.0000000227997701829352195091
00.0000000227997701829352195091
00.0000000227997701829352195091
00.0000000227997701829352195091
00.0000000227997701829352195091
00.0000000227997701829352195091
00.0000000227997701829352195091
00.0000000227997701829352195091
00.0000000227997701829352195091
00.0000000227997701829352195091
00.0000000227997701829352195091
00.0000000227997701829352195091
00.0000000227997701829352195091
00.0000000227997701829352195091
00.0000000227997701829352195091
00.0000000227997701829352195091
00.0000000227997701829352195091
00.0000000227997701829352195091
00.0000000227997701829352195091
00.0000000227997701829352195091
00.0000000227997701829352195091
00.0000000227997701829352195091
00.0000000227997701829352195091
00.0000000227997701829352195091
00.0000000227997701829352195091
00.0000000227997701829352195091
00.0000000227997701829352195091
00.0000000227997701829352195091
00.0000000227997701829352195091
00.0000000227997701829352195091
00.0000000227997701829352195091
00.0000000227997701829352195091
00.0000000227997701829352195091
00.0000000227997701829352195091
00.0000000227997701829352195091
00.0000000227997701829352195091
00.0000000227997701829352195091
00.0000000227997701829352195091
00.0000000227997701829352195091
00.0000000227997701829352195091
00.0000000227997701829352195091
00.0000000227997701829352195091
00.0000000227997701829352195091
00.0000000227997701829352195091
00.0000000227997701829352195091
00.0000000227997701829352195091
00.0000000227997701829352195091
00.0000000227997701829352195091
00.0000000227997701829352195091
00.0000000227997701829352195091
00.0000000227997701829352195091
00.0000000227997701829352195091
00.0000000227997701829352195091
00.0000000227997701829352195091
00.0000000227997701829352195091
00.0000000227997701829352195091
00.0000000227997701829352195091
00.0000000227997701829352195091
00.0000000227997701829352195091
00.0000000227997701829352195091
00.0000000227997701829352195091
00.0000000227997701829352195091
00.0000000227997701829352195091
00.0000000227997701829352195091
00.0000000227997701829352195091
00.0000000227997701829352195091
00.0000000227997701829352195091
00.0000000227997701829352195091
00.0000000227997701829352195091
00.0000000227997701829352195091
00.0000000227997701829352195091
00.0000000227997701829352195091
00.0000000227997701829352195091
00.0000000227997701829352195091
00.0000000227997701829352195091
00.0000000227997701829352195091
00.0000000227997701829352195091
00.0000000227997701829352195091
00.0000000227997701829352195091
00.0000000227997701829352195091
00.0000000227997701829352195091
00.0000000227997701829352195091
00.0000000227997701829352195091
00.0000000227997701829352195091
00.0000000227997701829352195091
00.0000000227997701829352195091
00.0000000227997701829352195091
00.0000000227997701829352195091
00.0000000227997701829352195091
00.0000000227997701829352195091
00.0000000227997701829352195091
00.0000000227997701829352195091
00.0000000227997701829352195091
00.0000000227997701829352195091
00.0000000227997701829352195091
00.0000000227997701829352195091
00.0000000227997701829352195091
00.0000000227997701829352195091
00.0000000227997701829352195091
00.0000000227997701829352195091
00.0000000227997701829352195091
00.0000000227997701829352195091
00.0000000227997701829352195091
00.0000000227997701829352195091
00.0000000227997701829352195091
00.0000000227997701829352195091
00.0000000227997701829352195091
00.0000000227997701829352195091
00.0000000227997701829352195091
00.0000000227997701829352195091
00.0000000227997701829352195091
00.0000000227997701829352195091
00.0000000227997701829352195091
00.0000000227997701829352195091
00.0000000227997701829352195091
00.0000000227997701829352195091
00.0000000227997701829352195091
00.0000000227997701829352195091
00.0000000227997701829352195091
00.0000000227997701829352195091
00.0000000227997701829352195091
00.0000000227997701829352195091
00.0000000227997701829352195091
00.0000000227997701829352195091
00.0000000227997701829352195091
00.0000000227997701829352195091
00.0000000227997701829352195091
00.0000000227997701829352195091
00.0000000227997701829352195091
00.0000000227997701829352195091
00.0000000227997701829352195091
00.0000000227997701829352195091
00.0000000227997701829352195091
00.0000000227997701829352195091
00.0000000227997701829352195091
00.0000000227997701829352195091
00.0000000227997701829352195091
00.0000000227997701829352195091
00.0000000227997701829352195091
00.0000000227997701829352195091
00.0000000227997701829352195091
00.0000000227997701829352195091
00.0000000227997701829352195091
00.0000000227997701829352195091
00.0000000227997701829352195091
00.0000000227997701829352195091
00.0000000227997701829352195091
00.0000000227997701829352195091
00.0000000227997701829352195091
00.0000000227997701829352195091
00.0000000227997701829352195091
00.0000000227997701829352195091
00.0000000227997701829352195091
00.0000000227997701829352195091
00.0000000227997701829352195091
00.0000000227997701829352195091
00.0000000227997701829352195091
00.0000000227997701829352195091
00.0000000227997701829352195091
00.0000000227997701829352195091
00.0000000227997701829352195091
00.0000000227997701829352195091
00.0000000227997701829352195091
00.0000000227997701829352195091
00.0000000227997701829352195091
00.0000000227997701829352195091
00.0000000227997701829352195091
00.0000000227997701829352195091
00.0000000227997701829352195091
00.0000000227997701829352195091
00.0000000227997701829352195091
00.0000000227997701829352195091
00.0000000227997701829352195091
00.0000000227997701829352195091
00.0000000227997701829352195091
00.0000000227997701829352195091
00.0000000227997701829352195091
00.0000000227997701829352195091
00.0000000227997701829352195091
00.0000000227997701829352195091
00.0000000227997701829352195091
00.0000000227997701829352195091
00.0000000227997701829352195091
00.0000000227997701829352195091
00.0000000227997701829352195091
00.0000000227997701829352195091
00.0000000227997701829352195091
00.0000000227997701829352195091
00.0000000227997701829352195091
00.0000000227997701829352195091
00.0000000227997701829352195091
00.0000000227997701829352195091
00.0000000227997701829352195091
00.0000000227997701829352195091
00.0000000227997701829352195091
00.0000000227997701829352195091
00.0000000227997701829352195091
00.0000000227997701829352195091
00.0000000227997701829352195091
00.0000000227997701829352195091
00.0000000227997701829352195091
00.0000000227997701829352195091
00.0000000227997701829352195091
00.0000000227997701829352195091
00.0000000227997701829352195091
00.0000000227997701829352195091
00.0000000227997701829352195091
00.0000000227997701829352195091
00.0000000227997701829352195091
00.0000000227997701829352195091
00.0000000227997701829352195091
00.0000000227997701829352195091
00.0000000227997701829352195091
00.0000000227997701829352195091
00.0000000227997701829352195091
00.0000000227997701829352195091
00.0000000227997701829352195091
00.0000000227997701829352195091
00.0000000227997701829352195091
00.0000000227997701829352195091
00.0000000227997701829352195091
00.0000000227997701829352195091
00.0000000227997701829352195091
00.0000000227997701829352195091
00.0000000227997701829352195091
00.0000000227997701829352195091
00.0000000227997701829352195091
00.0000000227997701829352195091
00.0000000227997701829352195091
00.0000000227997701829352195091
00.0000000227997701829352195091
00.0000000227997701829352195091
00.0000000227997701829352195091
00.0000000227997701829352195091
00.0000000227997701829352195091
00.0000000227997701829352195091
00.0000000227997701829352195091
00.0000000227997701829352195091
00.0000000227997701829352195091
00.0000000227997701829352195091
00.0000000227997701829352195091
00.0000000227997701829352195091
00.0000000227997701829352195091
00.0000000227997701829352195091
00.0000000227997701829352195091
00.0000000227997701829352195091
00.0000000227997701829352195091
00.0000000227997701829352195091
00.0000000227997701829352195091
00.0000000227997701829352195091
00.0000000227997701829352195091
00.0000000227997701829352195091
00.0000000227997701829352195091
00.0000000227997701829352195091
00.0000000227997701829352195091
00.0000000227997701829352195091
00.0000000227997701829352195091
00.0000000227997701829352195091
00.0000000227997701829352195091
00.0000000227997701829352195091
00.0000000227997701829352195091
00.0000000227997701829352195091
00.0000000227997701829352195091
00.0000000227997701829352195091
00.0000000227997701829352195091
00.0000000227997701829352195091
00.0000000227997701829352195091
00.0000000227997701829352195091
00.0000000227997701829352195091
00.0000000227997701829352195091
00.0000000227997701829352195091
00.0000000227997701829352195091
00.0000000227997701829352195091
00.0000000227997701829352195091
00.0000000227997701829352195091
00.0000000227997701829352195091
00.0000000227997701829352195091
00.0000000227997701829352195091
00.0000000227997701829352195091
00.0000000227997701829352195091
00.0000000227997701829352195091
00.0000000227997701829352195091
00.0000000227997701829352195091
00.0000000227997701829352195091
00.0000000227997701829352195091
00.0000000227997701829352195091
00.0000000227997701829352195091
00.0000000227997701829352195091
00.0000000227997701829352195091
00.0000000227997701829352195091
00.0000000227997701829352195091
00.0000000227997701829352195091
00.0000000227997701829352195091
00.0000000227997701829352195091
00.0000000227997701829352195091
00.0000000227997701829352195091
00.0000000227997701829352195091
00.0000000227997701829352195091
00.0000000227997701829352195091
00.0000000227997701829352195091
00.0000000227997701829352195091
00.0000000227997701829352195091
00.0000000227997701829352195091
00.0000000227997701829352195091
00.0000000227997701829352195091
00.0000000227997701829352195091
00.0000000227997701829352195091
00.0000000227997701829352195091
00.0000000227997701829352195091
00.0000000227997701829352195091
00.0000000227997701829352195091
00.0000000227997701829352195091
00.0000000227997701829352195091
00.0000000227997701829352195091
00.0000000227997701829352195091
00.0000000227997701829352195091
00.0000000227997701829352195091
00.0000000227997701829352195091
00.0000000227997701829352195091
00.0000000227997701829352195091
00.0000000227997701829352195091
00.0000000227997701829352195091
00.0000000227997701829352195091
00.0000000227997701829352195091
00.0000000227997701829352195091
00.0000000221786474741136885314
00.0000000221786474741136885314
00.0000000221786474741136885314
00.0000000221786474741136885314
00.0000000221786474741136885314
00.0000000221786474741136885314
00.0000000221786474741136885314
00.0000000221786474741136885314
00.0000000221786474741136885314
00.0000000221786474741136885314
00.0000000221786474741136885314
00.0000000221786474741136885314
00.0000000221786474741136885314
00.0000000221786474741136885314
00.0000000221786474741136885314
00.0000000221786474741136885314
00.0000000221786474741136885314
00.0000000221786474741136885314
00.0000000221786474741136885314
00.0000000221786474741136885314
00.0000000221786474741136885314
00.0000000221786474741136885314
00.0000000221786474741136885314
00.0000000221786474741136885314
00.0000000221786474741136885314
00.0000000221786474741136885314
00.0000000221786474741136885314
00.0000000221786474741136885314
00.0000000221786474741136885314
00.0000000221786474741136885314
00.0000000221786474741136885314
00.0000000221786474741136885314
00.0000000221786474741136885314
00.0000000221786474741136885314
00.0000000221786474741136885314
00.0000000221786474741136885314
00.0000000221786474741136885314
00.0000000221786474741136885314
00.0000000221786474741136885314
00.0000000221786474741136885314
00.0000000221786474741136885314
00.0000000221786474741136885314
00.0000000221786474741136885314
00.0000000221786474741136885314
00.0000000221786474741136885314
00.0000000221786474741136885314
00.0000000221786474741136885314
00.0000000221786474741136885314
00.0000000221786474741136885314
00.0000000221786474741136885314
00.0000000221786474741136885314
00.0000000221786474741136885314
00.0000000221786474741136885314
00.0000000221786474741136885314
00.0000000221786474741136885314
00.0000000221786474741136885314
00.0000000221786474741136885314
00.0000000221786474741136885314
00.0000000221786474741136885314
00.0000000221786474741136885314
00.0000000221786474741136885314
00.0000000221786474741136885314
00.0000000221786474741136885314
00.0000000221786474741136885314
00.0000000221786474741136885314
00.0000000221786474741136885314
00.0000000221786474741136885314
00.0000000221786474741136885314
00.0000000221786474741136885314
00.0000000221786474741136885314
00.0000000221786474741136885314
00.0000000221786474741136885314
00.0000000221786474741136885314
00.0000000221786474741136885314
00.0000000221786474741136885314
00.0000000221786474741136885314
00.0000000221786474741136885314
00.0000000221786474741136885314
00.0000000221786474741136885314
00.0000000221786474741136885314
00.0000000221786474741136885314
00.0000000221786474741136885314
00.0000000221786474741136885314
00.0000000221786474741136885314
00.0000000221786474741136885314
00.0000000221786474741136885314
00.0000000221786474741136885314
00.0000000221786474741136885314
00.0000000221786474741136885314
00.0000000221786474741136885314
00.0000000221786474741136885314
00.0000000221786474741136885314
00.0000000221786474741136885314
00.0000000221786474741136885314
00.0000000221786474741136885314
00.0000000221786474741136885314
00.0000000221786474741136885314
00.0000000221786474741136885314
00.0000000221786474741136885314
00.0000000221786474741136885314
00.0000000221786474741136885314
00.0000000221786474741136885314
00.0000000221786474741136885314
00.0000000221786474741136885314
00.0000000221786474741136885314
00.0000000221786474741136885314
00.0000000221786474741136885314
00.0000000221786474741136885314
00.0000000221786474741136885314
00.0000000221786474741136885314
00.0000000221786474741136885314
00.0000000221786474741136885314
00.0000000221786474741136885314
00.0000000221786474741136885314
00.0000000221786474741136885314
00.0000000221786474741136885314
00.0000000221786474741136885314
00.0000000221786474741136885314
00.0000000221786474741136885314
00.0000000221786474741136885314
00.0000000221786474741136885314
00.0000000221786474741136885314
00.0000000221786474741136885314
00.0000000221786474741136885314
00.0000000221786474741136885314
00.0000000221786474741136885314
00.0000000221786474741136885314
00.0000000221786474741136885314
00.0000000221786474741136885314
00.0000000221786474741136885314
00.0000000221786474741136885314
00.0000000221786474741136885314
00.0000000221786474741136885314
00.0000000221786474741136885314
00.0000000221786474741136885314
00.0000000221786474741136885314
00.0000000221786474741136885314
00.0000000221786474741136885314
00.0000000221786474741136885314
00.0000000221786474741136885314
00.0000000221786474741136885314
00.0000000221786474741136885314
00.0000000221786474741136885314
00.0000000221786474741136885314
00.0000000221786474741136885314
00.0000000221786474741136885314
00.0000000221786474741136885314
00.0000000221786474741136885314
00.0000000221786474741136885314
00.0000000221786474741136885314
00.0000000221786474741136885314
00.0000000221786474741136885314
00.0000000221786474741136885314
00.0000000221786474741136885314
00.0000000221786474741136885314
00.0000000221786474741136885314
00.0000000221786474741136885314
00.0000000221786474741136885314
00.0000000221786474741136885314
00.0000000221786474741136885314
00.0000000221786474741136885314
00.0000000221786474741136885314
00.0000000221786474741136885314
00.0000000221786474741136885314
00.0000000221786474741136885314
00.0000000221786474741136885314
00.0000000221786474741136885314
00.0000000221786474741136885314
00.0000000221786474741136885314
00.0000000221786474741136885314
00.0000000221786474741136885314
00.0000000221786474741136885314
00.0000000221786474741136885314
00.0000000221786474741136885314
00.0000000221786474741136885314
00.0000000221786474741136885314
00.0000000221786474741136885314
00.0000000221786474741136885314
00.0000000221786474741136885314
00.0000000221786474741136885314
00.0000000221786474741136885314
00.0000000221786474741136885314
00.0000000221786474741136885314
00.0000000221786474741136885314
00.0000000221786474741136885314
00.0000000221786474741136885314
00.0000000221786474741136885314
00.0000000221786474741136885314
00.0000000221786474741136885314
00.0000000221786474741136885314
00.0000000221786474741136885314
00.0000000221786474741136885314
00.0000000221786474741136885314
00.0000000221786474741136885314
00.0000000221786474741136885314
00.0000000221786474741136885314
00.0000000221786474741136885314
00.0000000221786474741136885314
00.0000000221786474741136885314
00.0000000221786474741136885314
00.0000000221786474741136885314
00.0000000221786474741136885314
00.0000000221786474741136885314
00.0000000221786474741136885314
00.0000000221786474741136885314
00.0000000221786474741136885314
00.0000000221786474741136885314
00.0000000221786474741136885314
00.0000000221786474741136885314
00.0000000221786474741136885314
00.0000000221786474741136885314
00.0000000221786474741136885314
00.0000000221786474741136885314
00.0000000221786474741136885314
00.0000000221786474741136885314
00.0000000221786474741136885314
00.0000000221786474741136885314
00.0000000221786474741136885314
00.0000000221786474741136885314
00.0000000221786474741136885314
00.0000000221786474741136885314
00.0000000221786474741136885314
00.0000000221786474741136885314
00.0000000221786474741136885314
00.0000000221786474741136885314
00.0000000221786474741136885314
00.0000000221786474741136885314
00.0000000221786474741136885314
00.0000000221786474741136885314
00.0000000221786474741136885314
00.0000000221786474741136885314
00.0000000221786474741136885314
00.0000000221786474741136885314
00.0000000221786474741136885314
00.0000000221786474741136885314
00.0000000221786474741136885314
00.0000000221786474741136885314
00.0000000221786474741136885314
00.0000000221786474741136885314
00.0000000221786474741136885314
00.0000000221786474741136885314
00.0000000221786474741136885314
00.0000000221786474741136885314
00.0000000221786474741136885314
00.0000000221786474741136885314
00.0000000221786474741136885314
00.0000000221786474741136885314
00.0000000221786474741136885314
00.0000000221786474741136885314
00.0000000221786474741136885314
00.0000000221786474741136885314
00.0000000221786474741136885314
00.0000000221786474741136885314
00.0000000221786474741136885314
00.0000000221786474741136885314
00.0000000221786474741136885314
00.0000000221786474741136885314
00.0000000221786474741136885314
00.0000000221786474741136885314
00.0000000221786474741136885314
00.0000000221786474741136885314
00.0000000221786474741136885314
00.0000000221786474741136885314
00.0000000221786474741136885314
00.0000000221786474741136885314
00.0000000221786474741136885314
00.0000000221786474741136885314
00.0000000221786474741136885314
00.0000000221786474741136885314
00.0000000221786474741136885314
00.0000000221786474741136885314
00.0000000221786474741136885314
00.0000000221786474741136885314
00.0000000221786474741136885314
00.0000000221786474741136885314
00.0000000221786474741136885314
00.0000000221786474741136885314
00.0000000221786474741136885314
00.0000000221786474741136885314
00.0000000221786474741136885314
00.0000000221786474741136885314
00.0000000221786474741136885314
00.0000000221786474741136885314
00.0000000221786474741136885314
00.0000000221786474741136885314
00.0000000221786474741136885314
00.0000000221786474741136885314
00.0000000221786474741136885314
00.0000000221786474741136885314
00.0000000221786474741136885314
00.0000000221786474741136885314
00.0000000221786474741136885314
00.0000000221786474741136885314
00.0000000221786474741136885314
00.0000000221786474741136885314
00.0000000221786474741136885314
00.0000000221786474741136885314
00.0000000221786474741136885314
00.0000000221786474741136885314
00.0000000221786474741136885314
00.0000000221786474741136885314
00.0000000221786474741136885314
00.0000000221786474741136885314
00.0000000221786474741136885314
00.0000000221786474741136885314
00.0000000221786474741136885314
00.0000000221786474741136885314
00.0000000221786474741136885314
00.0000000221786474741136885314
00.0000000221786474741136885314
00.0000000221786474741136885314
00.0000000221786474741136885314
00.0000000221786474741136885314
00.0000000221786474741136885314
00.0000000221786474741136885314
00.0000000221786474741136885314
00.0000000221786474741136885314
00.0000000221786474741136885314
00.0000000221786474741136885314
00.0000000221786474741136885314
00.0000000221786474741136885314
00.0000000221786474741136885314
00.0000000221786474741136885314
00.0000000221786474741136885314
00.0000000221786474741136885314
00.0000000221786474741136885314
00.0000000221786474741136885314
00.0000000221786474741136885314
00.0000000221786474741136885314
00.0000000221786474741136885314
00.0000000221786474741136885314
00.0000000221786474741136885314
00.0000000221786474741136885314
00.0000000221786474741136885314
00.0000000221786474741136885314
00.0000000221786474741136885314
00.0000000221786474741136885314
00.0000000221786474741136885314
00.0000000221786474741136885314
00.0000000221786474741136885314
00.0000000221786474741136885314
00.0000000221786474741136885314
00.0000000221786474741136885314
00.0000000221786474741136885314
00.0000000221786474741136885314
00.0000000221786474741136885314
00.0000000221786474741136885314
00.0000000221786474741136885314
00.0000000221786474741136885314
00.0000000221786474741136885314
00.0000000221786474741136885314
00.0000000221786474741136885314
00.0000000221786474741136885314
00.0000000221786474741136885314
00.0000000221786474741136885314
00.0000000221786474741136885314
00.0000000221786474741136885314
00.0000000221786474741136885314
00.0000000221786474741136885314
00.0000000221786474741136885314
00.0000000221786474741136885314
00.0000000221786474741136885314
00.0000000221786474741136885314
00.0000000221786474741136885314
00.0000000221786474741136885314
00.0000000221786474741136885314
00.0000000221786474741136885314
00.0000000221786474741136885314
00.0000000221786474741136885314
00.0000000221786474741136885314
00.0000000221786474741136885314
00.0000000221786474741136885314
00.0000000221786474741136885314
00.0000000221786474741136885314
00.0000000221786474741136885314
00.0000000221786474741136885314
00.0000000221786474741136885314
00.0000000221786474741136885314
00.0000000221786474741136885314
00.0000000221786474741136885314
00.0000000221786474741136885314
00.0000000221786474741136885314
00.0000000221786474741136885314
00.0000000221786474741136885314
00.0000000221786474741136885314
00.0000000221786474741136885314
00.0000000221786474741136885314
00.0000000221786474741136885314
00.0000000221786474741136885314
00.0000000221786474741136885314
00.0000000221786474741136885314
00.0000000221786474741136885314
00.0000000221786474741136885314
00.0000000221786474741136885314
00.0000000221786474741136885314
00.0000000221786474741136885314
00.0000000221786474741136885314
00.0000000221786474741136885314
00.0000000221786474741136885314
00.0000000221786474741136885314
00.0000000221786474741136885314
00.0000000221786474741136885314
00.0000000221786474741136885314
00.0000000221786474741136885314
00.0000000221786474741136885314
00.0000000221786474741136885314
00.0000000221786474741136885314
00.0000000221786474741136885314
00.0000000221786474741136885314
00.0000000221786474741136885314
00.0000000221786474741136885314
00.0000000221786474741136885314
00.0000000221786474741136885314
00.0000000221786474741136885314
00.0000000221786474741136885314
00.0000000221786474741136885314
00.0000000221786474741136885314
00.0000000221786474741136885314
00.0000000221786474741136885314
00.0000000221786474741136885314
00.0000000221786474741136885314
00.0000000221786474741136885314
00.0000000221786474741136885314
00.0000000221786474741136885314
00.0000000221786474741136885314
00.0000000221786474741136885314
00.0000000221786474741136885314
00.0000000221786474741136885314
00.0000000221786474741136885314
00.0000000221786474741136885314
00.0000000221786474741136885314
00.0000000221786474741136885314
00.0000000221786474741136885314
00.0000000221786474741136885314
00.0000000221786474741136885314
00.0000000221786474741136885314
00.0000000221786474741136885314
00.0000000221786474741136885314
00.0000000221786474741136885314
00.0000000221786474741136885314
00.0000000221786474741136885314
00.0000000221786474741136885314
00.0000000221786474741136885314
00.0000000221786474741136885314
00.0000000221786474741136885314
00.0000000221786474741136885314
00.0000000221786474741136885314
00.0000000221786474741136885314
00.0000000221786474741136885314
00.0000000221786474741136885314
00.0000000221786474741136885314
00.0000000221786474741136885314
00.0000000221786474741136885314
00.0000000221786474741136885314
00.0000000221786474741136885314
00.0000000221786474741136885314
00.0000000221786474741136885314
00.0000000221786474741136885314
00.0000000221786474741136885314
00.0000000221786474741136885314
00.0000000221786474741136885314
00.0000000221786474741136885314
00.0000000221786474741136885314
00.0000000221786474741136885314
00.0000000221786474741136885314
00.0000000221786474741136885314
00.0000000221786474741136885314
00.0000000221786474741136885314
00.0000000221786474741136885314
00.0000000221786474741136885314
00.0000000221786474741136885314
00.0000000221786474741136885314
00.0000000221786474741136885314
00.0000000221786474741136885314
00.0000000221786474741136885314
00.0000000221786474741136885314
00.0000000221786474741136885314
00.0000000221786474741136885314
00.0000000221786474741136885314
00.0000000221786474741136885314
00.0000000221786474741136885314
00.0000000221786474741136885314
00.0000000221786474741136885314
00.0000000221786474741136885314
00.0000000221786474741136885314
00.0000000221786474741136885314
00.0000000221786474741136885314
00.0000000221786474741136885314
00.0000000221786474741136885314
00.0000000221786474741136885314
00.0000000221786474741136885314
00.0000000221786474741136885314
00.0000000221786474741136885314
00.0000000221786474741136885314
00.0000000221786474741136885314
00.0000000221786474741136885314
00.0000000221786474741136885314
00.0000000221786474741136885314
00.0000000221786474741136885314
00.0000000221786474741136885314
00.0000000221786474741136885314
00.0000000221786474741136885314
00.0000000221786474741136885314
00.0000000221786474741136885314
00.0000000221786474741136885314
00.0000000221786474741136885314
00.0000000221786474741136885314
00.0000000221786474741136885314
00.0000000221786474741136885314
00.0000000221786474741136885314
00.0000000221786474741136885314
00.0000000221786474741136885314
00.0000000221786474741136885314
00.0000000221786474741136885314
00.0000000221786474741136885314
00.0000000221786474741136885314
00.0000000221786474741136885314
00.0000000221786474741136885314
00.0000000221786474741136885314
00.0000000221786474741136885314
00.0000000221786474741136885314
00.0000000221786474741136885314
00.0000000221786474741136885314
00.0000000221786474741136885314
00.0000000221786474741136885314
00.0000000221786474741136885314
00.0000000221786474741136885314
00.0000000221786474741136885314
00.0000000221786474741136885314
00.0000000221786474741136885314
00.0000000221786474741136885314
00.0000000221786474741136885314
00.0000000221786474741136885314
00.0000000221786474741136885314
00.0000000221786474741136885314
00.0000000221786474741136885314
00.0000000221786474741136885314
00.0000000221786474741136885314
00.0000000221786474741136885314
00.0000000221786474741136885314
00.0000000221786474741136885314
00.0000000221786474741136885314
00.0000000221786474741136885314
00.0000000221786474741136885314
00.0000000221786474741136885314
00.0000000221786474741136885314
00.0000000221786474741136885314
00.0000000221786474741136885314
00.0000000221786474741136885314
00.0000000221786474741136885314
00.0000000221786474741136885314
00.0000000221786474741136885314
00.0000000221786474741136885314
00.0000000221786474741136885314
00.0000000221786474741136885314
00.0000000221786474741136885314
00.0000000221786474741136885314
00.0000000221786474741136885314
00.0000000221786474741136885314
00.0000000221786474741136885314
00.0000000221786474741136885314
00.0000000221786474741136885314
00.0000000221786474741136885314
00.0000000221786474741136885314
00.0000000221786474741136885314
00.0000000221786474741136885314
00.0000000221786474741136885314
00.0000000221786474741136885314
00.0000000221786474741136885314
00.0000000221786474741136885314
00.0000000221786474741136885314
00.0000000221786474741136885314
00.0000000221786474741136885314
00.0000000221786474741136885314
00.0000000221786474741136885314
00.0000000221786474741136885314
00.0000000221786474741136885314
00.0000000221786474741136885314
00.0000000221786474741136885314
00.0000000221786474741136885314
00.0000000221786474741136885314
00.0000000221786474741136885314
00.0000000221786474741136885314
00.0000000221786474741136885314
00.0000000221786474741136885314
00.0000000221786474741136885314
00.0000000221786474741136885314
00.0000000221786474741136885314
00.0000000221786474741136885314
00.0000000221786474741136885314
00.0000000221786474741136885314
00.0000000221786474741136885314
00.0000000221786474741136885314
00.0000000221786474741136885314
00.0000000221786474741136885314
00.0000000221786474741136885314
00.0000000221786474741136885314
00.0000000221786474741136885314
00.0000000221786474741136885314
00.0000000221786474741136885314
00.0000000221786474741136885314
00.0000000221786474741136885314
00.0000000221786474741136885314
00.0000000221786474741136885314
00.0000000221786474741136885314
00.0000000221786474741136885314
00.0000000221786474741136885314
00.0000000221786474741136885314
00.0000000221786474741136885314
00.0000000221786474741136885314
00.0000000221786474741136885314
00.0000000221786474741136885314
00.0000000221786474741136885314
00.0000000221786474741136885314
00.0000000221786474741136885314
00.0000000221786474741136885314
00.0000000221786474741136885314
00.0000000221786474741136885314
00.0000000221786474741136885314
00.0000000221786474741136885314
00.0000000221786474741136885314
00.0000000221786474741136885314
00.0000000221786474741136885314
00.0000000221786474741136885314
00.0000000221786474741136885314
00.0000000221786474741136885314
00.0000000221786474741136885314
00.0000000221786474741136885314
00.0000000221786474741136885314
00.0000000221786474741136885314
00.0000000221786474741136885314
00.0000000221786474741136885314
00.0000000221786474741136885314
00.0000000221786474741136885314
00.0000000221786474741136885314
00.0000000221786474741136885314
00.0000000221786474741136885314
00.0000000221786474741136885314
00.0000000221786474741136885314
00.0000000221786474741136885314
00.0000000221786474741136885314
00.0000000221786474741136885314
00.0000000221786474741136885314
00.0000000221786474741136885314
00.0000000221786474741136885314
00.0000000221786474741136885314
00.0000000221786474741136885314
00.0000000221786474741136885314
00.0000000221786474741136885314
00.0000000221786474741136885314
00.0000000221786474741136885314
00.0000000221786474741136885314
00.0000000221786474741136885314
00.0000000221786474741136885314
00.0000000221786474741136885314
00.0000000221786474741136885314
00.0000000221786474741136885314
00.0000000221786474741136885314
00.0000000221786474741136885314
00.0000000221786474741136885314
00.0000000221786474741136885314
00.0000000221786474741136885314
00.0000000221786474741136885314
00.0000000221786474741136885314
00.0000000221786474741136885314
00.0000000221786474741136885314
00.0000000221786474741136885314
00.0000000221786474741136885314
00.0000000221786474741136885314
00.0000000221786474741136885314
00.0000000221786474741136885314
00.0000000221786474741136885314
00.0000000221786474741136885314
00.0000000221786474741136885314
00.0000000221786474741136885314
00.0000000221786474741136885314
00.0000000221786474741136885314
00.0000000221786474741136885314
00.0000000221786474741136885314
00.0000000221786474741136885314
00.0000000221786474741136885314
00.0000000221786474741136885314
00.0000000221786474741136885314
00.0000000221786474741136885314
00.0000000221786474741136885314
00.0000000221786474741136885314
00.0000000221786474741136885314
00.0000000221786474741136885314
00.0000000221786474741136885314
00.0000000221786474741136885314
00.0000000221786474741136885314
00.0000000221786474741136885314
00.0000000221786474741136885314
00.0000000221786474741136885314
00.0000000221786474741136885314
00.0000000221786474741136885314
00.0000000221786474741136885314
00.0000000221786474741136885314
00.0000000221786474741136885314
00.0000000221786474741136885314
00.0000000221786474741136885314
00.0000000221786474741136885314
00.0000000221786474741136885314
00.0000000221786474741136885314
00.0000000221786474741136885314
00.0000000221786474741136885314
00.0000000221786474741136885314
00.0000000221786474741136885314
00.0000000221786474741136885314
00.0000000221786474741136885314
00.0000000221786474741136885314
00.0000000221786474741136885314
00.0000000221786474741136885314
00.0000000221786474741136885314
00.0000000221786474741136885314
00.0000000221786474741136885314
00.0000000221786474741136885314
00.0000000221786474741136885314
00.0000000221786474741136885314
00.0000000221786474741136885314
00.0000000221786474741136885314
00.0000000221786474741136885314
00.0000000221786474741136885314
00.0000000221786474741136885314
00.0000000221786474741136885314
00.0000000221786474741136885314
00.0000000221786474741136885314
00.0000000221786474741136885314
00.0000000221786474741136885314
00.0000000221786474741136885314
00.0000000221786474741136885314
00.0000000221786474741136885314
00.0000000221786474741136885314
00.0000000221786474741136885314
00.0000000221786474741136885314
00.0000000221786474741136885314
00.0000000221786474741136885314
00.0000000221786474741136885314
00.0000000221786474741136885314
00.0000000221786474741136885314
00.0000000221786474741136885314
00.0000000221786474741136885314
00.0000000221786474741136885314
00.0000000221786474741136885314
00.0000000221786474741136885314
00.0000000221786474741136885314
00.0000000221786474741136885314
00.0000000221786474741136885314
00.0000000221786474741136885314
00.0000000221786474741136885314
00.0000000221786474741136885314
00.0000000221786474741136885314
00.0000000221786474741136885314
00.0000000221786474741136885314
00.0000000221786474741136885314
00.0000000221786474741136885314
00.0000000221786474741136885314
00.0000000221786474741136885314
00.0000000221786474741136885314
00.0000000221786474741136885314
00.0000000221786474741136885314
00.0000000221786474741136885314
00.0000000221786474741136885314
00.0000000221786474741136885314
00.0000000221786474741136885314
00.0000000221786474741136885314
00.0000000221786474741136885314
00.0000000221786474741136885314
00.0000000221786474741136885314
00.0000000221786474741136885314
00.0000000221786474741136885314
00.0000000221786474741136885314
00.0000000221786474741136885314
00.0000000221786474741136885314
00.0000000221786474741136885314
00.0000000221786474741136885314
00.0000000221786474741136885314
00.0000000221786474741136885314
00.0000000221786474741136885314
00.0000000221786474741136885314
00.0000000221786474741136885314
00.0000000221786474741136885314
00.0000000221786474741136885314
00.0000000221786474741136885314
00.0000000221786474741136885314
00.0000000221786474741136885314
00.0000000221786474741136885314
00.0000000221786474741136885314
00.0000000221786474741136885314
00.0000000221786474741136885314
00.0000000221786474741136885314
00.0000000221786474741136885314
00.0000000221786474741136885314
00.0000000221786474741136885314
00.0000000221786474741136885314
00.0000000221786474741136885314
00.0000000221786474741136885314
00.0000000221786474741136885314
00.0000000221786474741136885314
00.0000000221786474741136885314
00.0000000221786474741136885314
00.0000000221786474741136885314
00.0000000221786474741136885314
00.0000000221786474741136885314
00.0000000221786474741136885314
00.0000000221786474741136885314
00.0000000221786474741136885314
00.0000000221786474741136885314
00.0000000221786474741136885314
00.0000000221786474741136885314
00.0000000221786474741136885314
00.0000000221786474741136885314
00.0000000221786474741136885314
00.0000000221786474741136885314
00.0000000221786474741136885314
00.0000000221786474741136885314
00.0000000221786474741136885314
00.0000000221786474741136885314
00.0000000221786474741136885314
00.0000000221786474741136885314
00.0000000221786474741136885314
00.0000000221786474741136885314
00.0000000221786474741136885314
00.0000000221786474741136885314
00.0000000221786474741136885314
00.0000000221786474741136885314
00.0000000221786474741136885314
00.0000000221786474741136885314
00.0000000221786474741136885314
00.0000000221786474741136885314
00.0000000221786474741136885314
00.0000000221786474741136885314
00.0000000221786474741136885314
00.0000000221786474741136885314
00.0000000221786474741136885314
00.0000000221786474741136885314
00.0000000221786474741136885314
00.0000000221786474741136885314
00.0000000221786474741136885314
00.0000000221786474741136885314
00.0000000221786474741136885314
00.0000000221786474741136885314
00.0000000221786474741136885314
00.0000000221786474741136885314
00.0000000221786474741136885314
00.0000000221786474741136885314
00.0000000221786474741136885314
00.0000000221786474741136885314
00.0000000221786474741136885314
00.0000000221786474741136885314
00.0000000221786474741136885314
00.0000000221786474741136885314
00.0000000221786474741136885314
00.0000000221786474741136885314
00.0000000221786474741136885314
00.0000000221786474741136885314
00.0000000221786474741136885314
00.0000000221786474741136885314
00.0000000221786474741136885314
00.0000000221786474741136885314
00.0000000221786474741136885314
00.0000000221786474741136885314
00.0000000221786474741136885314
00.0000000221786474741136885314
00.0000000221786474741136885314
00.0000000221786474741136885314
00.0000000221786474741136885314
00.0000000221786474741136885314
00.0000000221786474741136885314
00.0000000221786474741136885314
00.0000000221786474741136885314
00.0000000221786474741136885314
00.0000000221786474741136885314
00.0000000221786474741136885314
00.0000000221786474741136885314
00.0000000221786474741136885314
00.0000000221786474741136885314
00.0000000221786474741136885314
00.0000000221786474741136885314
00.0000000221786474741136885314
00.0000000221786474741136885314
00.0000000221786474741136885314
00.0000000221786474741136885314
00.0000000221786474741136885314
00.0000000221786474741136885314
00.0000000221786474741136885314
00.0000000221786474741136885314
00.0000000221786474741136885314
00.0000000221786474741136885314
00.0000000221786474741136885314
00.0000000221786474741136885314
00.0000000221786474741136885314
00.0000000221786474741136885314
00.0000000221786474741136885314
00.0000000221786474741136885314
00.0000000221786474741136885314
00.0000000221786474741136885314
00.0000000221786474741136885314
00.0000000221786474741136885314
00.0000000221786474741136885314
00.0000000221786474741136885314
00.0000000221786474741136885314
00.0000000221786474741136885314
00.0000000221786474741136885314
00.0000000221786474741136885314
00.0000000221786474741136885314
00.0000000221786474741136885314
00.0000000221786474741136885314
00.0000000221786474741136885314
00.0000000221786474741136885314
00.0000000221786474741136885314
00.0000000221786474741136885314
00.0000000221786474741136885314
00.0000000221786474741136885314
00.0000000221786474741136885314
00.0000000221786474741136885314
00.0000000221786474741136885314
00.0000000221786474741136885314
00.0000000221786474741136885314
00.0000000221786474741136885314
00.0000000221786474741136885314
00.0000000221786474741136885314
00.0000000221786474741136885314
00.0000000221786474741136885314
00.0000000221786474741136885314
00.0000000221786474741136885314
00.0000000221786474741136885314
00.0000000221786474741136885314
00.0000000221786474741136885314
00.0000000221786474741136885314
00.0000000221786474741136885314
00.0000000221786474741136885314
00.0000000221786474741136885314
00.0000000221786474741136885314
00.0000000221786474741136885314
00.0000000221786474741136885314
00.0000000221786474741136885314
00.0000000221786474741136885314
00.0000000221786474741136885314
00.0000000221786474741136885314
00.0000000221786474741136885314
00.0000000221786474741136885314
00.0000000221786474741136885314
00.0000000221786474741136885314
00.0000000221786474741136885314
00.0000000221786474741136885314
00.0000000221786474741136885314
00.0000000221786474741136885314
00.0000000221786474741136885314
00.0000000221786474741136885314
00.0000000221786474741136885314
00.0000000221786474741136885314
00.0000000221786474741136885314
00.0000000221786474741136885314
00.0000000221786474741136885314
00.0000000221786474741136885314
00.0000000221786474741136885314
00.0000000221786474741136885314
00.0000000221786474741136885314
00.0000000221786474741136885314
00.0000000221786474741136885314
00.0000000221786474741136885314
00.0000000221786474741136885314
00.0000000221786474741136885314
00.0000000221786474741136885314
00.0000000221786474741136885314
00.0000000221786474741136885314
00.0000000221786474741136885314
00.0000000221786474741136885314
00.0000000221786474741136885314
00.0000000221786474741136885314
00.0000000221786474741136885314
00.0000000221786474741136885314
00.0000000221786474741136885314
00.0000000221786474741136885314
00.0000000221786474741136885314
00.0000000221786474741136885314
00.0000000221786474741136885314
00.0000000221786474741136885314
00.0000000221786474741136885314
00.0000000221786474741136885314
00.0000000221786474741136885314
00.0000000221786474741136885314
00.0000000221786474741136885314
00.0000000221786474741136885314
00.0000000221786474741136885314
00.0000000221786474741136885314
00.0000000221786474741136885314
00.0000000221786474741136885314
00.0000000221786474741136885314
00.0000000221786474741136885314
00.0000000221786474741136885314
00.0000000221786474741136885314
00.0000000221786474741136885314
00.0000000221786474741136885314
00.0000000221786474741136885314
00.0000000221786474741136885314
00.0000000221786474741136885314
00.0000000221786474741136885314
00.0000000221786474741136885314
00.0000000221786474741136885314
00.0000000221786474741136885314
00.0000000221786474741136885314
00.0000000221786474741136885314
00.0000000221786474741136885314
00.0000000221786474741136885314
00.0000000221786474741136885314
00.0000000221786474741136885314
00.0000000221786474741136885314
00.0000000221786474741136885314
00.0000000221786474741136885314
00.0000000221786474741136885314
00.0000000221786474741136885314
00.0000000221786474741136885314
00.0000000221786474741136885314
00.0000000221786474741136885314
00.0000000221786474741136885314
00.0000000221786474741136885314
00.0000000221786474741136885314
00.0000000221786474741136885314
00.0000000221786474741136885314
00.0000000221786474741136885314
00.0000000221786474741136885314
00.0000000221786474741136885314
00.0000000221786474741136885314
00.0000000221786474741136885314
00.0000000221786474741136885314
00.0000000221786474741136885314
00.0000000221786474741136885314
00.0000000221786474741136885314
00.0000000221786474741136885314
00.0000000221786474741136885314
00.0000000221786474741136885314
00.0000000221786474741136885314
00.0000000221786474741136885314
00.0000000221786474741136885314
00.0000000221786474741136885314
00.0000000221786474741136885314
00.0000000221786474741136885314
00.0000000221786474741136885314
00.0000000221786474741136885314
00.0000000221786474741136885314
00.0000000221786474741136885314
00.0000000221786474741136885314
00.0000000221786474741136885314
00.0000000221786474741136885314
00.0000000221786474741136885314
00.0000000221786474741136885314
00.0000000221786474741136885314
00.0000000221786474741136885314
00.0000000221786474741136885314
00.0000000221786474741136885314
00.0000000221786474741136885314
00.0000000221786474741136885314
00.0000000221786474741136885314
00.0000000221786474741136885314
00.0000000221786474741136885314
00.0000000221786474741136885314
00.0000000221786474741136885314
00.0000000221786474741136885314
00.0000000221786474741136885314
00.0000000221786474741136885314
00.0000000221786474741136885314
00.0000000221786474741136885314
00.0000000221786474741136885314
00.0000000221786474741136885314
00.0000000221786474741136885314
00.0000000221786474741136885314
00.0000000221786474741136885314
00.0000000221786474741136885314
00.0000000221786474741136885314
00.0000000221786474741136885314
00.0000000221786474741136885314
00.0000000221786474741136885314
00.0000000221786474741136885314
00.0000000221786474741136885314
00.0000000221786474741136885314
00.0000000221786474741136885314
00.0000000221786474741136885314
00.0000000221786474741136885314
00.0000000221786474741136885314
00.0000000221786474741136885314
00.0000000221786474741136885314
00.0000000221786474741136885314
00.0000000221786474741136885314
00.0000000221786474741136885314
00.0000000221786474741136885314
00.0000000221786474741136885314
00.0000000221786474741136885314
00.0000000221786474741136885314
00.0000000221786474741136885314
00.0000000221786474741136885314
00.0000000221786474741136885314
00.0000000221786474741136885314
00.0000000221786474741136885314
00.0000000221786474741136885314
00.0000000221786474741136885314
00.0000000221786474741136885314
00.0000000221786474741136885314
00.0000000221786474741136885314
00.0000000221786474741136885314
00.0000000221786474741136885314
00.0000000221786474741136885314
00.0000000221786474741136885314
00.0000000221786474741136885314
00.0000000221786474741136885314
00.0000000221786474741136885314
00.0000000221786474741136885314
00.0000000221786474741136885314
00.0000000221786474741136885314
00.0000000221786474741136885314
00.0000000221786474741136885314
00.0000000221786474741136885314
00.0000000221786474741136885314
00.0000000221786474741136885314
00.0000000221786474741136885314
00.0000000221786474741136885314
00.0000000221786474741136885314
00.0000000221786474741136885314
00.0000000221786474741136885314
00.0000000221786474741136885314
00.0000000221786474741136885314
00.0000000221786474741136885314
00.0000000221786474741136885314
00.0000000221786474741136885314
00.0000000221786474741136885314
00.0000000221786474741136885314
00.0000000221786474741136885314
00.0000000221786474741136885314
00.0000000221786474741136885314
00.0000000221786474741136885314
00.0000000221786474741136885314
00.0000000221786474741136885314
00.0000000221786474741136885314
00.0000000221786474741136885314
00.0000000221786474741136885314
00.0000000221786474741136885314
00.0000000221786474741136885314
00.0000000221786474741136885314
00.0000000221786474741136885314
00.0000000221786474741136885314
00.0000000221786474741136885314
00.0000000221786474741136885314
00.0000000221786474741136885314
00.0000000221786474741136885314
00.0000000221786474741136885314
00.0000000221786474741136885314
00.0000000221786474741136885314
00.0000000221786474741136885314
00.0000000221786474741136885314
00.0000000221786474741136885314
00.0000000221786474741136885314
00.0000000221786474741136885314
00.0000000221786474741136885314
00.0000000221786474741136885314
00.0000000221786474741136885314
00.0000000221786474741136885314
00.0000000221786474741136885314
00.0000000221786474741136885314
00.0000000221786474741136885314
00.0000000221786474741136885314
00.0000000221786474741136885314
00.0000000221786474741136885314
00.0000000221786474741136885314
00.0000000221786474741136885314
00.0000000221786474741136885314
00.0000000221786474741136885314
00.0000000221786474741136885314
00.0000000221786474741136885314
00.0000000221786474741136885314
00.0000000221786474741136885314
00.0000000221786474741136885314
00.0000000221786474741136885314
00.0000000221786474741136885314
00.0000000221786474741136885314
00.0000000221786474741136885314
00.0000000221786474741136885314
00.0000000221786474741136885314
00.0000000221786474741136885314
00.0000000221786474741136885314
00.0000000221786474741136885314
00.0000000221786474741136885314
00.0000000221786474741136885314
00.0000000221786474741136885314
00.0000000221786474741136885314
00.0000000221786474741136885314
00.0000000221786474741136885314
00.0000000221786474741136885314
00.0000000221786474741136885314
00.0000000221786474741136885314
00.0000000221786474741136885314
00.0000000221786474741136885314
00.0000000221786474741136885314
00.0000000221786474741136885314
00.0000000221786474741136885314
00.0000000221786474741136885314
00.0000000221786474741136885314
00.0000000221786474741136885314
00.0000000221786474741136885314
00.0000000221786474741136885314
00.0000000221786474741136885314
00.0000000221786474741136885314
00.0000000221786474741136885314
00.0000000221786474741136885314
00.0000000221786474741136885314
00.0000000221786474741136885314
00.0000000221786474741136885314
00.0000000221786474741136885314
00.0000000221786474741136885314
00.0000000221786474741136885314
00.0000000221786474741136885314
00.0000000221786474741136885314
00.0000000221786474741136885314
00.0000000221786474741136885314
00.0000000221786474741136885314
00.0000000221786474741136885314
00.0000000221786474741136885314
00.0000000221786474741136885314
00.0000000221786474741136885314
00.0000000221786474741136885314
00.0000000221786474741136885314
00.0000000221786474741136885314
00.0000000221786474741136885314
00.0000000221786474741136885314
00.0000000221786474741136885314
00.0000000221786474741136885314
00.0000000221786474741136885314
00.0000000221786474741136885314
00.0000000221786474741136885314
00.0000000221786474741136885314
00.0000000221786474741136885314
00.0000000221786474741136885314
00.0000000221786474741136885314
00.0000000221786474741136885314
00.0000000221786474741136885314
00.0000000221786474741136885314
00.0000000221786474741136885314
00.0000000221786474741136885314
00.0000000221786474741136885314
00.0000000221786474741136885314
00.0000000221786474741136885314
00.0000000221786474741136885314
00.0000000221786474741136885314
00.0000000221786474741136885314
00.0000000221786474741136885314
00.0000000221786474741136885314
00.0000000221786474741136885314
00.0000000221786474741136885314
00.0000000221786474741136885314
00.0000000221786474741136885314
00.0000000221786474741136885314
00.0000000221786474741136885314
00.0000000221786474741136885314
00.0000000221786474741136885314
00.0000000221786474741136885314
00.0000000221786474741136885314
00.0000000221786474741136885314
00.0000000221786474741136885314
00.0000000221786474741136885314
00.0000000221786474741136885314
00.0000000221786474741136885314
00.0000000221786474741136885314
00.0000000221786474741136885314
00.0000000221786474741136885314
00.0000000221786474741136885314
00.0000000221786474741136885314
00.0000000221786474741136885314
00.0000000221786474741136885314
00.0000000221786474741136885314
00.0000000221786474741136885314
00.0000000221786474741136885314
00.0000000221786474741136885314
00.0000000221786474741136885314
00.0000000221786474741136885314
00.0000000221786474741136885314
00.0000000221786474741136885314
00.0000000221786474741136885314
00.0000000221786474741136885314
00.0000000221786474741136885314
00.0000000221786474741136885314
00.0000000221786474741136885314
00.0000000221786474741136885314
00.0000000221786474741136885314
00.0000000221786474741136885314
00.0000000221786474741136885314
00.0000000221786474741136885314
00.0000000221786474741136885314
00.0000000221786474741136885314
00.0000000221786474741136885314
00.0000000221786474741136885314
00.0000000221786474741136885314
00.0000000221786474741136885314
00.0000000221786474741136885314
00.0000000221786474741136885314
00.0000000221786474741136885314
00.0000000221786474741136885314
00.0000000221786474741136885314
00.0000000221786474741136885314
00.0000000221786474741136885314
00.0000000221786474741136885314
00.0000000221786474741136885314
00.0000000221786474741136885314
00.0000000221786474741136885314
00.0000000221786474741136885314
00.0000000221786474741136885314
00.0000000221786474741136885314
00.0000000221786474741136885314
00.0000000221786474741136885314
00.0000000221786474741136885314
00.0000000221786474741136885314
00.0000000221786474741136885314
00.0000000221786474741136885314
00.0000000221786474741136885314
00.0000000221786474741136885314
00.0000000221786474741136885314
00.0000000221786474741136885314
00.0000000221786474741136885314
00.0000000221786474741136885314
00.0000000221786474741136885314
00.0000000221786474741136885314
00.0000000221786474741136885314
00.0000000221786474741136885314
00.0000000221786474741136885314
00.0000000221786474741136885314
00.0000000221786474741136885314
00.0000000221786474741136885314
00.0000000221786474741136885314
00.0000000221786474741136885314
00.0000000221786474741136885314
00.0000000221786474741136885314
00.0000000221786474741136885314
00.0000000221786474741136885314
00.0000000221786474741136885314
00.0000000221786474741136885314
00.0000000221786474741136885314
00.0000000221786474741136885314
00.0000000221786474741136885314
00.0000000221786474741136885314
00.0000000221786474741136885314
00.0000000221786474741136885314
00.0000000221786474741136885314
00.0000000221786474741136885314
00.0000000221786474741136885314
00.0000000221786474741136885314
00.0000000221786474741136885314
00.0000000221786474741136885314
00.0000000221786474741136885314
00.0000000221786474741136885314
00.0000000221786474741136885314
00.0000000221786474741136885314
00.0000000221786474741136885314
00.0000000221786474741136885314
00.0000000221786474741136885314
00.0000000221786474741136885314
00.0000000221786474741136885314
00.0000000221786474741136885314
00.0000000221786474741136885314
00.0000000221786474741136885314
00.0000000221786474741136885314
00.0000000221786474741136885314
00.0000000221786474741136885314
00.0000000221786474741136885314
00.0000000221786474741136885314
00.0000000221786474741136885314
00.0000000221786474741136885314
00.0000000221786474741136885314
00.0000000221786474741136885314
00.0000000221786474741136885314
00.0000000221786474741136885314
00.0000000221786474741136885314
00.0000000221786474741136885314
00.0000000221786474741136885314
00.0000000221786474741136885314
00.0000000221786474741136885314
00.0000000221786474741136885314
00.0000000221786474741136885314
00.0000000221786474741136885314
00.0000000221786474741136885314
00.0000000221786474741136885314
00.0000000221786474741136885314
00.0000000221786474741136885314
00.0000000221786474741136885314
00.0000000221786474741136885314
00.0000000221786474741136885314
00.0000000221786474741136885314
00.0000000221786474741136885314
00.0000000221786474741136885314
00.0000000221786474741136885314
00.0000000221786474741136885314
00.0000000221786474741136885314
00.0000000221786474741136885314
00.0000000221786474741136885314
00.0000000221786474741136885314
00.0000000221786474741136885314
00.0000000221786474741136885314
00.0000000221786474741136885314
00.0000000221786474741136885314
00.0000000221786474741136885314
00.0000000221786474741136885314
00.0000000221786474741136885314
00.0000000221786474741136885314
00.0000000221786474741136885314
00.0000000221786474741136885314
00.0000000221786474741136885314
00.0000000221786474741136885314
00.0000000221786474741136885314
00.0000000221786474741136885314
00.0000000221786474741136885314
00.0000000221786474741136885314
00.0000000221786474741136885314
00.0000000221786474741136885314
00.0000000221786474741136885314
00.0000000221786474741136885314
00.0000000221786474741136885314
00.0000000221786474741136885314
00.0000000221786474741136885314
00.0000000221786474741136885314
00.0000000221786474741136885314
00.0000000221786474741136885314
00.0000000221786474741136885314
00.0000000221786474741136885314
00.0000000221786474741136885314
00.0000000221786474741136885314
00.0000000221786474741136885314
00.0000000221786474741136885314
00.0000000221786474741136885314
00.0000000221786474741136885314
00.0000000221786474741136885314
00.0000000221786474741136885314
00.0000000221786474741136885314
00.0000000221786474741136885314
00.0000000221786474741136885314
00.0000000221786474741136885314
00.0000000221786474741136885314
00.0000000221786474741136885314
00.0000000221786474741136885314
00.0000000221786474741136885314
00.0000000221786474741136885314
00.0000000221786474741136885314
00.0000000221786474741136885314
00.0000000221786474741136885314
00.0000000221786474741136885314
00.0000000221786474741136885314
00.0000000221786474741136885314
00.0000000221786474741136885314
00.0000000221786474741136885314
00.0000000221786474741136885314
00.0000000221786474741136885314
00.0000000221786474741136885314
00.0000000221786474741136885314
00.0000000221786474741136885314
00.0000000221786474741136885314
00.0000000221786474741136885314
00.0000000221786474741136885314
00.0000000221786474741136885314
00.0000000221786474741136885314
00.0000000221786474741136885314
00.0000000221786474741136885314
00.0000000221786474741136885314
00.0000000221786474741136885314
00.0000000221786474741136885314
00.0000000221786474741136885314
00.0000000221786474741136885314
00.0000000221786474741136885314
00.0000000221786474741136885314
00.0000000221786474741136885314
00.0000000221786474741136885314
00.0000000221786474741136885314
00.0000000221786474741136885314
00.0000000221786474741136885314
00.0000000221786474741136885314
00.0000000221786474741136885314
00.0000000221786474741136885314
00.0000000221786474741136885314
00.0000000221786474741136885314
00.0000000221786474741136885314
00.0000000221786474741136885314
00.0000000221786474741136885314
00.0000000221786474741136885314
00.0000000221786474741136885314
00.0000000221786474741136885314
00.0000000221786474741136885314
00.0000000221786474741136885314
00.0000000221786474741136885314
00.0000000221786474741136885314
00.0000000221786474741136885314
00.0000000221786474741136885314
00.0000000221786474741136885314
00.0000000221786474741136885314
00.0000000221786474741136885314
00.0000000221786474741136885314
00.0000000221786474741136885314
00.0000000221786474741136885314
00.0000000221786474741136885314
00.0000000221786474741136885314
00.0000000221786474741136885314
00.0000000221786474741136885314
00.0000000221786474741136885314
00.0000000221786474741136885314
00.0000000221786474741136885314
00.0000000221786474741136885314
00.0000000221786474741136885314
00.0000000221786474741136885314
00.0000000221786474741136885314
00.0000000221786474741136885314
00.0000000221786474741136885314
00.0000000221786474741136885314
00.0000000221786474741136885314
00.0000000221786474741136885314
00.0000000221786474741136885314
00.0000000221786474741136885314
00.0000000221786474741136885314
00.0000000221786474741136885314
00.0000000221786474741136885314
00.0000000221786474741136885314
00.0000000221786474741136885314
00.0000000221786474741136885314
00.0000000221786474741136885314
00.0000000221786474741136885314
00.0000000221786474741136885314
00.0000000221786474741136885314
00.0000000221786474741136885314
00.0000000221786474741136885314
00.0000000221786474741136885314
00.0000000221786474741136885314
00.0000000221786474741136885314
00.0000000221786474741136885314
00.0000000221786474741136885314
00.0000000221786474741136885314
00.0000000221786474741136885314
00.0000000221786474741136885314
00.0000000221786474741136885314
00.0000000221786474741136885314
00.0000000221786474741136885314
00.0000000221786474741136885314
00.0000000221786474741136885314
00.0000000221786474741136885314
00.0000000221786474741136885314
00.0000000221786474741136885314
00.0000000221786474741136885314
00.0000000221786474741136885314
00.0000000221786474741136885314
00.0000000221786474741136885314
00.0000000221786474741136885314
00.0000000221786474741136885314
00.0000000221786474741136885314
00.0000000221786474741136885314
00.0000000221786474741136885314
00.0000000221786474741136885314
00.0000000221786474741136885314
00.0000000221786474741136885314
00.0000000221786474741136885314
00.0000000221786474741136885314
00.0000000221786474741136885314
00.0000000221786474741136885314
00.0000000221786474741136885314
00.0000000221786474741136885314
00.0000000221786474741136885314
00.0000000221786474741136885314
00.0000000221786474741136885314
00.0000000221786474741136885314
00.0000000221786474741136885314
00.0000000221786474741136885314
00.0000000221786474741136885314
00.0000000221786474741136885314
00.0000000221786474741136885314
00.0000000221786474741136885314
00.0000000221786474741136885314
00.0000000221786474741136885314
00.0000000221786474741136885314
00.0000000221786474741136885314
00.0000000221786474741136885314
00.0000000221786474741136885314
00.0000000221786474741136885314
00.0000000221786474741136885314
00.0000000221786474741136885314
00.0000000221786474741136885314
00.0000000221786474741136885314
00.0000000221786474741136885314
00.0000000221786474741136885314
00.0000000221786474741136885314
00.0000000221786474741136885314
00.0000000221786474741136885314
00.0000000221786474741136885314
00.0000000221786474741136885314
00.0000000221786474741136885314
00.0000000221786474741136885314
00.0000000221786474741136885314
00.0000000221786474741136885314
00.0000000221786474741136885314
00.0000000221786474741136885314
00.0000000221786474741136885314
00.0000000221786474741136885314
00.0000000221786474741136885314
00.0000000221786474741136885314
00.0000000221786474741136885314
00.0000000221786474741136885314
00.0000000221786474741136885314
00.0000000221786474741136885314
00.0000000221786474741136885314
00.0000000221786474741136885314
00.0000000221786474741136885314
00.0000000221786474741136885314
00.0000000221786474741136885314
00.0000000221786474741136885314
00.0000000221786474741136885314
00.0000000221786474741136885314
00.0000000221786474741136885314
00.0000000221786474741136885314
00.0000000221786474741136885314
00.0000000221786474741136885314
00.0000000221786474741136885314
00.0000000221786474741136885314
00.0000000221786474741136885314
00.0000000221786474741136885314
00.0000000221786474741136885314
00.0000000221786474741136885314
00.0000000221786474741136885314
00.0000000221786474741136885314
00.0000000221786474741136885314
00.0000000221786474741136885314
00.0000000221786474741136885314
00.0000000221786474741136885314
00.0000000221786474741136885314
00.0000000221786474741136885314
00.0000000221786474741136885314
00.0000000221786474741136885314
00.0000000221786474741136885314
00.0000000221786474741136885314
00.0000000221786474741136885314
00.0000000221786474741136885314
00.0000000221786474741136885314
00.0000000221786474741136885314
00.0000000221786474741136885314
00.0000000221786474741136885314
00.0000000221786474741136885314
00.0000000221786474741136885314
00.0000000221786474741136885314
00.0000000221786474741136885314
00.0000000221786474741136885314
00.0000000221786474741136885314
00.0000000221786474741136885314
00.0000000221786474741136885314
00.0000000221786474741136885314
00.0000000221786474741136885314
00.0000000221786474741136885314
00.0000000221786474741136885314
00.0000000221786474741136885314
00.0000000221786474741136885314
00.0000000221786474741136885314
00.0000000221786474741136885314
00.0000000221786474741136885314
00.0000000221786474741136885314
00.0000000221786474741136885314
00.0000000221786474741136885314
00.0000000221786474741136885314
00.0000000221786474741136885314
00.0000000221786474741136885314
00.0000000221786474741136885314
00.0000000221786474741136885314
00.0000000221786474741136885314
00.0000000221786474741136885314
00.0000000221786474741136885314
00.0000000221786474741136885314
00.0000000221786474741136885314
00.0000000221786474741136885314
00.0000000221786474741136885314
00.0000000221786474741136885314
00.0000000221786474741136885314
00.0000000221786474741136885314
00.0000000221786474741136885314
00.0000000221786474741136885314
00.0000000221786474741136885314
00.0000000221786474741136885314
00.0000000221786474741136885314
00.0000000221786474741136885314
00.0000000221786474741136885314
00.0000000221786474741136885314
00.0000000221786474741136885314
00.0000000221786474741136885314
00.0000000221786474741136885314
00.0000000221786474741136885314
00.0000000221786474741136885314
00.0000000221786474741136885314
00.0000000221786474741136885314
00.0000000221786474741136885314
00.0000000221786474741136885314
00.0000000221786474741136885314
00.0000000221786474741136885314
00.0000000221786474741136885314
00.0000000221786474741136885314
00.0000000221786474741136885314
00.0000000221786474741136885314
00.0000000221786474741136885314
00.0000000221786474741136885314
00.0000000221786474741136885314
00.0000000221786474741136885314
00.0000000221786474741136885314
00.0000000221786474741136885314
00.0000000221786474741136885314
00.0000000221786474741136885314
00.0000000221786474741136885314
00.0000000221786474741136885314
00.0000000221786474741136885314
00.0000000221786474741136885314
00.0000000221786474741136885314
00.0000000221786474741136885314
00.0000000221786474741136885314
00.0000000221786474741136885314
00.0000000221786474741136885314
00.0000000221786474741136885314
00.0000000221786474741136885314
00.0000000221786474741136885314
00.0000000221786474741136885314
00.0000000221786474741136885314
00.0000000221786474741136885314
00.0000000221786474741136885314
00.0000000221786474741136885314
00.0000000221786474741136885314
00.0000000221786474741136885314
00.0000000221786474741136885314
00.0000000221786474741136885314
00.0000000221786474741136885314
00.0000000221786474741136885314
00.0000000221786474741136885314
00.0000000221786474741136885314
00.0000000221786474741136885314
00.0000000221786474741136885314
00.0000000221786474741136885314
00.0000000221786474741136885314
00.0000000221786474741136885314
00.0000000221786474741136885314
00.0000000221786474741136885314
00.0000000221786474741136885314
00.0000000221786474741136885314
00.0000000221786474741136885314
00.0000000221786474741136885314
00.0000000221786474741136885314
00.0000000221786474741136885314
00.0000000221786474741136885314
00.0000000221786474741136885314
00.0000000221786474741136885314
00.0000000221786474741136885314
00.0000000221786474741136885314
00.0000000221786474741136885314
00.0000000221786474741136885314
00.0000000221786474741136885314
00.0000000221786474741136885314
00.0000000221786474741136885314
00.0000000221786474741136885314
00.0000000221786474741136885314
00.0000000221786474741136885314
00.0000000221786474741136885314
00.0000000221786474741136885314
00.0000000221786474741136885314
00.0000000221786474741136885314
00.0000000221786474741136885314
00.0000000221786474741136885314
00.0000000221786474741136885314
00.0000000221786474741136885314
00.0000000221786474741136885314
00.0000000221786474741136885314
00.0000000221786474741136885314
00.0000000221786474741136885314
00.0000000221786474741136885314
00.0000000221786474741136885314
00.0000000221786474741136885314
00.0000000221786474741136885314
00.0000000221786474741136885314
00.0000000221786474741136885314
00.0000000221786474741136885314
00.0000000221786474741136885314
00.0000000221786474741136885314
00.0000000221786474741136885314
00.0000000221786474741136885314
00.0000000221786474741136885314
00.0000000221786474741136885314
00.0000000221786474741136885314
00.0000000221786474741136885314
00.0000000221786474741136885314
00.0000000221786474741136885314
00.0000000221786474741136885314
00.0000000221786474741136885314
00.0000000221786474741136885314
00.0000000221786474741136885314
00.0000000221786474741136885314
00.0000000221786474741136885314
00.0000000221786474741136885314
00.0000000221786474741136885314
00.0000000221786474741136885314
00.0000000221786474741136885314
00.0000000221786474741136885314
00.0000000221786474741136885314
00.0000000221786474741136885314
00.0000000221786474741136885314
00.0000000221786474741136885314
00.0000000221786474741136885314
00.0000000221786474741136885314
00.0000000221786474741136885314
00.0000000221786474741136885314
00.0000000221786474741136885314
00.0000000221786474741136885314
00.0000000221786474741136885314
00.0000000221786474741136885314
00.0000000221786474741136885314
00.0000000221786474741136885314
00.0000000221786474741136885314
00.0000000221786474741136885314
00.0000000221786474741136885314
00.0000000221786474741136885314
00.0000000221786474741136885314
00.0000000221786474741136885314
00.0000000221786474741136885314
00.0000000221786474741136885314
00.0000000221786474741136885314
00.0000000221786474741136885314
00.0000000221786474741136885314
00.0000000221786474741136885314
00.0000000221786474741136885314
00.0000000221786474741136885314
00.0000000221786474741136885314
00.0000000221786474741136885314
00.0000000221786474741136885314
00.0000000221786474741136885314
00.0000000221786474741136885314
00.0000000221786474741136885314
00.0000000221786474741136885314
00.0000000221786474741136885314
00.0000000221786474741136885314
00.0000000221786474741136885314
00.0000000221786474741136885314
00.0000000221786474741136885314
00.0000000221786474741136885314
00.0000000221786474741136885314
00.0000000221786474741136885314
00.0000000221786474741136885314
00.0000000221786474741136885314
00.0000000221786474741136885314
00.0000000221786474741136885314
00.0000000221786474741136885314
00.0000000221786474741136885314
00.0000000221786474741136885314
00.0000000221786474741136885314
00.0000000221786474741136885314
00.0000000221786474741136885314
00.0000000221786474741136885314
00.0000000221786474741136885314
00.0000000221786474741136885314
00.0000000221786474741136885314
00.0000000221786474741136885314
00.0000000221786474741136885314
00.0000000221786474741136885314
00.0000000221786474741136885314
00.0000000221786474741136885314
00.0000000221786474741136885314
00.0000000221786474741136885314
00.0000000221786474741136885314
00.0000000221786474741136885314
00.0000000221786474741136885314
00.0000000221786474741136885314
00.0000000221786474741136885314
00.0000000221786474741136885314
00.0000000221786474741136885314
00.0000000221786474741136885314
00.0000000221786474741136885314
00.0000000221786474741136885314
00.0000000221786474741136885314
00.0000000221786474741136885314
00.0000000221786474741136885314
00.0000000221786474741136885314
00.0000000221786474741136885314
00.0000000221786474741136885314
00.0000000221786474741136885314
00.0000000221786474741136885314
00.0000000221786474741136885314
00.0000000221786474741136885314
00.0000000221786474741136885314
00.0000000221786474741136885314
00.0000000221786474741136885314
00.0000000221786474741136885314
00.0000000221786474741136885314
00.0000000221786474741136885314
00.0000000221786474741136885314
00.0000000221786474741136885314
00.0000000221786474741136885314
00.0000000221786474741136885314
00.0000000221786474741136885314
00.0000000221786474741136885314
00.0000000221786474741136885314
00.0000000221786474741136885314
00.0000000221786474741136885314
00.0000000221786474741136885314
00.0000000221786474741136885314
00.0000000221786474741136885314
00.0000000221786474741136885314
00.0000000221786474741136885314
00.0000000221786474741136885314
00.0000000221786474741136885314
00.0000000221786474741136885314
00.0000000221786474741136885314
00.0000000221786474741136885314
00.0000000221786474741136885314
00.0000000221786474741136885314
00.0000000221786474741136885314
00.0000000221786474741136885314
00.0000000221786474741136885314
00.0000000221786474741136885314
00.0000000221786474741136885314
00.0000000221786474741136885314
00.0000000221786474741136885314
00.0000000221786474741136885314
00.0000000221786474741136885314
00.0000000221786474741136885314
00.0000000221786474741136885314
00.0000000221786474741136885314
00.0000000221786474741136885314
00.0000000221786474741136885314
00.0000000221786474741136885314
00.0000000221786474741136885314
00.0000000221786474741136885314
00.0000000221786474741136885314
00.0000000221786474741136885314
00.0000000221786474741136885314
00.0000000221786474741136885314
00.0000000221786474741136885314
00.0000000221786474741136885314
00.0000000221786474741136885314
00.0000000221786474741136885314
00.0000000221786474741136885314
00.0000000221786474741136885314
00.0000000221786474741136885314
00.0000000221786474741136885314
00.0000000221786474741136885314
00.0000000221786474741136885314
00.0000000221786474741136885314
00.0000000221786474741136885314
00.0000000221786474741136885314
00.0000000221786474741136885314
00.0000000221786474741136885314
00.0000000221786474741136885314
00.0000000221786474741136885314
00.0000000221786474741136885314
00.0000000221786474741136885314
00.0000000221786474741136885314
00.0000000221786474741136885314
00.0000000221786474741136885314
00.0000000221786474741136885314
00.0000000221786474741136885314
00.0000000221786474741136885314
00.0000000221786474741136885314
00.0000000221786474741136885314
00.0000000221786474741136885314
00.0000000221786474741136885314
00.0000000221786474741136885314
00.0000000221786474741136885314
00.0000000221786474741136885314
00.0000000221786474741136885314
00.0000000221786474741136885314
00.0000000221786474741136885314
00.0000000221786474741136885314
00.0000000221786474741136885314
00.0000000221786474741136885314
00.0000000221786474741136885314
00.0000000221786474741136885314
00.0000000221786474741136885314
00.0000000221786474741136885314
00.0000000221786474741136885314
00.0000000221786474741136885314
00.0000000221786474741136885314
00.0000000221786474741136885314
00.0000000221786474741136885314
00.0000000221786474741136885314
00.0000000221786474741136885314
00.0000000221786474741136885314
00.0000000221786474741136885314
00.0000000221786474741136885314
00.0000000221786474741136885314
00.0000000221786474741136885314
00.0000000221786474741136885314
00.0000000221786474741136885314
00.0000000221786474741136885314
00.0000000221786474741136885314
00.0000000221786474741136885314
00.0000000221786474741136885314
00.0000000221786474741136885314
00.0000000221786474741136885314
00.0000000221786474741136885314
00.0000000221786474741136885314
00.0000000221786474741136885314
00.0000000221786474741136885314
00.0000000221786474741136885314
00.0000000221786474741136885314
00.0000000221786474741136885314
00.0000000221786474741136885314
00.0000000221786474741136885314
00.0000000221786474741136885314
00.0000000221786474741136885314
00.0000000221786474741136885314
00.0000000221786474741136885314
00.0000000221786474741136885314
00.0000000240935089657057233126
00.0000000240935089657057233126
00.0000000240935089657057233126
00.0000000240935089657057233126
00.0000000240935089657057233126
00.0000000240935089657057233126
00.0000000240935089657057233126
00.0000000240935089657057233126
00.0000000240935089657057233126
00.0000000240935089657057233126
00.0000000240935089657057233126
00.0000000240935089657057233126
00.0000000240935089657057233126
00.0000000240935089657057233126
00.0000000240935089657057233126
00.0000000240935089657057233126
00.0000000240935089657057233126
00.0000000240935089657057233126
00.0000000240935089657057233126
00.0000000240935089657057233126
00.0000000240935089657057233126
00.0000000240935089657057233126
00.0000000240935089657057233126
00.0000000240935089657057233126
00.0000000240935089657057233126
00.0000000240935089657057233126
00.0000000240935089657057233126
00.0000000240935089657057233126
00.0000000240935089657057233126
00.0000000240935089657057233126
00.0000000240935089657057233126
00.0000000240935089657057233126
00.0000000240935089657057233126
00.0000000240935089657057233126
00.0000000240935089657057233126
00.0000000240935089657057233126
00.0000000240935089657057233126
00.0000000240935089657057233126
00.0000000240935089657057233126
00.0000000240935089657057233126
00.0000000240935089657057233126
00.0000000240935089657057233126
00.0000000240935089657057233126
00.0000000240935089657057233126
00.0000000240935089657057233126
00.0000000240935089657057233126
00.0000000240935089657057233126
00.0000000240935089657057233126
00.0000000240935089657057233126
00.0000000240935089657057233126
00.0000000240935089657057233126
00.0000000240935089657057233126
00.0000000240935089657057233126
00.0000000240935089657057233126
00.0000000240935089657057233126
00.0000000240935089657057233126
00.0000000240935089657057233126
00.0000000240935089657057233126
00.0000000240935089657057233126
00.0000000240935089657057233126
00.0000000240935089657057233126
00.0000000240935089657057233126
00.0000000240935089657057233126
00.0000000240935089657057233126
00.0000000240935089657057233126
00.0000000240935089657057233126
00.0000000240935089657057233126
00.0000000240935089657057233126
00.0000000240935089657057233126
00.0000000240935089657057233126
00.0000000240935089657057233126
00.0000000240935089657057233126
00.0000000240935089657057233126
00.0000000240935089657057233126
00.0000000240935089657057233126
00.0000000240935089657057233126
00.0000000240935089657057233126
00.0000000240935089657057233126
00.0000000240935089657057233126
00.0000000240935089657057233126
00.0000000240935089657057233126
00.0000000240935089657057233126
00.0000000240935089657057233126
00.0000000240935089657057233126
00.0000000240935089657057233126
00.0000000240935089657057233126
00.0000000240935089657057233126
00.0000000240935089657057233126
00.0000000240935089657057233126
00.0000000240935089657057233126
00.0000000240935089657057233126
00.0000000240935089657057233126
00.0000000240935089657057233126
00.0000000240935089657057233126
00.0000000240935089657057233126
00.0000000240935089657057233126
00.0000000240935089657057233126
00.0000000240935089657057233126
00.0000000240935089657057233126
00.0000000240935089657057233126
00.0000000240935089657057233126
00.0000000240935089657057233126
00.0000000240935089657057233126
00.0000000240935089657057233126
00.0000000240935089657057233126
00.0000000240935089657057233126
00.0000000240935089657057233126
00.0000000240935089657057233126
00.0000000240935089657057233126
00.0000000240935089657057233126
00.0000000240935089657057233126
00.0000000240935089657057233126
00.0000000240935089657057233126
00.0000000240935089657057233126
00.0000000240935089657057233126
00.0000000240935089657057233126
00.0000000240935089657057233126
00.0000000240935089657057233126
00.0000000240935089657057233126
00.0000000240935089657057233126
00.0000000240935089657057233126
00.0000000240935089657057233126
00.0000000240935089657057233126
00.0000000240935089657057233126
00.0000000240935089657057233126
00.0000000240935089657057233126
00.0000000240935089657057233126
00.0000000240935089657057233126
00.0000000240935089657057233126
00.0000000240935089657057233126
00.0000000240935089657057233126
00.0000000240935089657057233126
00.0000000240935089657057233126
00.0000000240935089657057233126
00.0000000240935089657057233126
00.0000000240935089657057233126
00.0000000240935089657057233126
00.0000000240935089657057233126
00.0000000240935089657057233126
00.0000000240935089657057233126
00.0000000240935089657057233126
00.0000000240935089657057233126
00.0000000240935089657057233126
00.0000000240935089657057233126
00.0000000240935089657057233126
00.0000000240935089657057233126
00.0000000240935089657057233126
00.0000000240935089657057233126
00.0000000240935089657057233126
00.0000000240935089657057233126
00.0000000240935089657057233126
00.0000000240935089657057233126
00.0000000240935089657057233126
00.0000000240935089657057233126
00.0000000240935089657057233126
00.0000000240935089657057233126
00.0000000240935089657057233126
00.0000000240935089657057233126
00.0000000240935089657057233126
00.0000000240935089657057233126
00.0000000240935089657057233126
00.0000000240935089657057233126
00.0000000240935089657057233126
00.0000000240935089657057233126
00.0000000240935089657057233126
00.0000000240935089657057233126
00.0000000240935089657057233126
00.0000000240935089657057233126
00.0000000240935089657057233126
00.0000000240935089657057233126
00.0000000240935089657057233126
00.0000000240935089657057233126
00.0000000240935089657057233126
00.0000000240935089657057233126
00.0000000240935089657057233126
00.0000000240935089657057233126
00.0000000240935089657057233126
00.0000000240935089657057233126
00.0000000240935089657057233126
00.0000000240935089657057233126
00.0000000240935089657057233126
00.0000000240935089657057233126
00.0000000240935089657057233126
00.0000000240935089657057233126
00.0000000240935089657057233126
00.0000000240935089657057233126
00.0000000240935089657057233126
00.0000000240935089657057233126
00.0000000240935089657057233126
00.0000000240935089657057233126
00.0000000240935089657057233126
00.0000000240935089657057233126
00.0000000240935089657057233126
00.0000000240935089657057233126
00.0000000240935089657057233126
00.0000000240935089657057233126
00.0000000240935089657057233126
00.0000000240935089657057233126
00.0000000240935089657057233126
00.0000000240935089657057233126
00.0000000240935089657057233126
00.0000000240935089657057233126
00.0000000240935089657057233126
00.0000000240935089657057233126
00.0000000240935089657057233126
00.0000000240935089657057233126
00.0000000240935089657057233126
00.0000000240935089657057233126
00.0000000240935089657057233126
00.0000000240935089657057233126
00.0000000240935089657057233126
00.0000000240935089657057233126
00.0000000240935089657057233126
00.0000000240935089657057233126
00.0000000240935089657057233126
00.0000000240935089657057233126
00.0000000240935089657057233126
00.0000000240935089657057233126
00.0000000240935089657057233126
00.0000000240935089657057233126
00.0000000240935089657057233126
00.0000000240935089657057233126
00.0000000240935089657057233126
00.0000000240935089657057233126
00.0000000240935089657057233126
00.0000000240935089657057233126
00.0000000240935089657057233126
00.0000000240935089657057233126
00.0000000240935089657057233126
00.0000000240935089657057233126
00.0000000240935089657057233126
00.0000000240935089657057233126
00.0000000240935089657057233126
00.0000000240935089657057233126
00.0000000240935089657057233126
00.0000000240935089657057233126
00.0000000240935089657057233126
00.0000000240935089657057233126
00.0000000240935089657057233126
00.0000000240935089657057233126
00.0000000240935089657057233126
00.0000000240935089657057233126
00.0000000240935089657057233126
00.0000000240935089657057233126
00.0000000240935089657057233126
00.0000000240935089657057233126
00.0000000240935089657057233126
00.0000000240935089657057233126
00.0000000240935089657057233126
00.0000000240935089657057233126
00.0000000240935089657057233126
00.0000000240935089657057233126
00.0000000240935089657057233126
00.0000000240935089657057233126
00.0000000240935089657057233126
00.0000000240935089657057233126
00.0000000240935089657057233126
00.0000000240935089657057233126
00.0000000240935089657057233126
00.0000000240935089657057233126
00.0000000240935089657057233126
00.0000000240935089657057233126
00.0000000240935089657057233126
00.0000000240935089657057233126
00.0000000240935089657057233126
00.0000000240935089657057233126
00.0000000240935089657057233126
00.0000000240935089657057233126
00.0000000240935089657057233126
00.0000000240935089657057233126
00.0000000240935089657057233126
00.0000000240935089657057233126
00.0000000240935089657057233126
00.0000000240935089657057233126
00.0000000240935089657057233126
00.0000000240935089657057233126
00.0000000240935089657057233126
00.0000000240935089657057233126
00.0000000240935089657057233126
00.0000000240935089657057233126
00.0000000240935089657057233126
00.0000000240935089657057233126
00.0000000240935089657057233126
00.0000000240935089657057233126
00.0000000240935089657057233126
00.0000000240935089657057233126
00.0000000240935089657057233126
00.0000000240935089657057233126
00.0000000240935089657057233126
00.0000000240935089657057233126
00.0000000240935089657057233126
00.0000000240935089657057233126
00.0000000240935089657057233126
00.0000000240935089657057233126
00.0000000240935089657057233126
00.0000000240935089657057233126
00.0000000240935089657057233126
00.0000000240935089657057233126
00.0000000240935089657057233126
00.0000000240935089657057233126
00.0000000240935089657057233126
00.0000000240935089657057233126
00.0000000240935089657057233126
00.0000000240935089657057233126
00.0000000240935089657057233126
00.0000000240935089657057233126
00.0000000240935089657057233126
00.0000000240935089657057233126
00.0000000240935089657057233126
00.0000000240935089657057233126
00.0000000240935089657057233126
00.0000000240935089657057233126
00.0000000240935089657057233126
00.0000000240935089657057233126
00.0000000240935089657057233126
00.0000000240935089657057233126
00.0000000240935089657057233126
00.0000000240935089657057233126
00.0000000240935089657057233126
00.0000000240935089657057233126
00.0000000240935089657057233126
00.0000000240935089657057233126
00.0000000240935089657057233126
00.0000000240935089657057233126
00.0000000240935089657057233126
00.0000000240935089657057233126
00.0000000240935089657057233126
00.0000000240935089657057233126
00.0000000240935089657057233126
00.0000000240935089657057233126
00.0000000240935089657057233126
00.0000000240935089657057233126
00.0000000240935089657057233126
00.0000000240935089657057233126
00.0000000240935089657057233126
00.0000000240935089657057233126
00.0000000240935089657057233126
00.0000000240935089657057233126
00.0000000240935089657057233126
00.0000000240935089657057233126
00.0000000240935089657057233126
00.0000000240935089657057233126
00.0000000240935089657057233126
00.0000000240935089657057233126
00.0000000240935089657057233126
00.0000000240935089657057233126
00.0000000240935089657057233126
00.0000000240935089657057233126
00.0000000240935089657057233126
00.0000000240935089657057233126
00.0000000240935089657057233126
00.0000000240935089657057233126
00.0000000240935089657057233126
00.0000000240935089657057233126
00.0000000240935089657057233126
00.0000000240935089657057233126
00.0000000240935089657057233126
00.0000000240935089657057233126
00.0000000240935089657057233126
00.0000000240935089657057233126
00.0000000240935089657057233126
00.0000000240935089657057233126
00.0000000240935089657057233126
00.0000000240935089657057233126
00.0000000240935089657057233126
00.0000000240935089657057233126
00.0000000240935089657057233126
00.0000000240935089657057233126
00.0000000240935089657057233126
00.0000000240935089657057233126
00.0000000240935089657057233126
00.0000000240935089657057233126
00.0000000240935089657057233126
00.0000000240935089657057233126
00.0000000240935089657057233126
00.0000000240935089657057233126
00.0000000240935089657057233126
00.0000000240935089657057233126
00.0000000240935089657057233126
00.0000000240935089657057233126
00.0000000240935089657057233126
00.0000000240935089657057233126
00.0000000240935089657057233126
00.0000000240935089657057233126
00.0000000240935089657057233126
00.0000000240935089657057233126
00.0000000240935089657057233126
00.0000000240935089657057233126
00.0000000240935089657057233126
00.0000000240935089657057233126
00.0000000240935089657057233126
00.0000000240935089657057233126
00.0000000240935089657057233126
00.0000000240935089657057233126
00.0000000240935089657057233126
00.0000000240935089657057233126
00.0000000240935089657057233126
00.0000000240935089657057233126
00.0000000240935089657057233126
00.0000000240935089657057233126
00.0000000240935089657057233126
00.0000000240935089657057233126
00.0000000240935089657057233126
00.0000000240935089657057233126
00.0000000240935089657057233126
00.0000000240935089657057233126
00.0000000240935089657057233126
00.0000000240935089657057233126
00.0000000240935089657057233126
00.0000000240935089657057233126
00.0000000240935089657057233126
00.0000000240935089657057233126
00.0000000240935089657057233126
00.0000000240935089657057233126
00.0000000240935089657057233126
00.0000000240935089657057233126
00.0000000240935089657057233126
00.0000000240935089657057233126
00.0000000240935089657057233126
00.0000000240935089657057233126
00.0000000240935089657057233126
00.0000000240935089657057233126
00.0000000240935089657057233126
00.0000000240935089657057233126
00.0000000240935089657057233126
00.0000000240935089657057233126
00.0000000240935089657057233126
00.0000000240935089657057233126
00.0000000240935089657057233126
00.0000000240935089657057233126
00.0000000240935089657057233126
00.0000000240935089657057233126
00.0000000240935089657057233126
00.0000000240935089657057233126
00.0000000240935089657057233126
00.0000000240935089657057233126
00.0000000240935089657057233126
00.0000000240935089657057233126
00.0000000240935089657057233126
00.0000000240935089657057233126
00.0000000240935089657057233126
00.0000000240935089657057233126
00.0000000240935089657057233126
00.0000000240935089657057233126
00.0000000240935089657057233126
00.0000000240935089657057233126
00.0000000240935089657057233126
00.0000000240935089657057233126
00.0000000240935089657057233126
00.0000000240935089657057233126
00.0000000240935089657057233126
00.0000000240935089657057233126
00.0000000240935089657057233126
00.0000000240935089657057233126
00.0000000240935089657057233126
00.0000000240935089657057233126
00.0000000240935089657057233126
00.0000000240935089657057233126
00.0000000240935089657057233126
00.0000000240935089657057233126
00.0000000240935089657057233126
00.0000000240935089657057233126
00.0000000240935089657057233126
00.0000000240935089657057233126
00.0000000240935089657057233126
00.0000000240935089657057233126
00.0000000240935089657057233126
00.0000000240935089657057233126
00.0000000240935089657057233126
00.0000000240935089657057233126
00.0000000240935089657057233126
00.0000000240935089657057233126
00.0000000240935089657057233126
00.0000000240935089657057233126
00.0000000240935089657057233126
00.0000000240935089657057233126
00.0000000240935089657057233126
00.0000000240935089657057233126
00.0000000240935089657057233126
00.0000000240935089657057233126
00.0000000240935089657057233126
00.0000000240935089657057233126
00.0000000240935089657057233126
00.0000000240935089657057233126
00.0000000240935089657057233126
00.0000000240935089657057233126
00.0000000240935089657057233126
00.0000000240935089657057233126
00.0000000240935089657057233126
00.0000000240935089657057233126
00.0000000240935089657057233126
00.0000000240935089657057233126
00.0000000240935089657057233126
00.0000000240935089657057233126
00.0000000240935089657057233126
00.0000000240935089657057233126
00.0000000240935089657057233126
00.0000000240935089657057233126
00.0000000240935089657057233126
00.0000000240935089657057233126
00.0000000240935089657057233126
00.0000000240935089657057233126
00.0000000240935089657057233126
00.0000000240935089657057233126
00.0000000240935089657057233126
00.0000000240935089657057233126
00.0000000240935089657057233126
00.0000000240935089657057233126
00.0000000240935089657057233126
00.0000000240935089657057233126
00.0000000240935089657057233126
00.0000000240935089657057233126
00.0000000240935089657057233126
00.0000000240935089657057233126
00.0000000240935089657057233126
00.0000000240935089657057233126
00.0000000240935089657057233126
00.0000000240935089657057233126
00.0000000240935089657057233126
00.0000000240935089657057233126
00.0000000240935089657057233126
00.0000000240935089657057233126
00.0000000240935089657057233126
00.0000000240935089657057233126
00.0000000240935089657057233126
00.0000000240935089657057233126
00.0000000240935089657057233126
00.0000000240935089657057233126
00.0000000240935089657057233126
00.0000000240935089657057233126
00.0000000240935089657057233126
00.0000000240935089657057233126
00.0000000240935089657057233126
00.0000000240935089657057233126
00.0000000240935089657057233126
00.0000000240935089657057233126
00.0000000240935089657057233126
00.0000000240935089657057233126
00.0000000240935089657057233126
00.0000000240935089657057233126
00.0000000240935089657057233126
00.0000000240935089657057233126
00.0000000240935089657057233126
00.0000000240935089657057233126
00.0000000240935089657057233126
00.0000000240935089657057233126
00.0000000240935089657057233126
00.0000000240935089657057233126
00.0000000240935089657057233126
00.0000000240935089657057233126
00.0000000240935089657057233126
00.0000000240935089657057233126
00.0000000240935089657057233126
00.0000000240935089657057233126
00.0000000240935089657057233126
00.0000000240935089657057233126
00.0000000240935089657057233126
00.0000000240935089657057233126
00.0000000240935089657057233126
00.0000000240935089657057233126
00.0000000240935089657057233126
00.0000000240935089657057233126
00.0000000240935089657057233126
00.0000000240935089657057233126
00.0000000240935089657057233126
00.0000000240935089657057233126
00.0000000240935089657057233126
00.0000000240935089657057233126
00.0000000240935089657057233126
00.0000000240935089657057233126
00.0000000240935089657057233126
00.0000000240935089657057233126
00.0000000240935089657057233126
00.0000000240935089657057233126
00.0000000240935089657057233126
00.0000000240935089657057233126
00.0000000240935089657057233126
00.0000000240935089657057233126
00.0000000240935089657057233126
00.0000000240935089657057233126
00.0000000240935089657057233126
00.0000000240935089657057233126
00.0000000240935089657057233126
00.0000000240935089657057233126
00.0000000240935089657057233126
00.0000000240935089657057233126
00.0000000240935089657057233126
00.0000000240935089657057233126
00.0000000240935089657057233126
00.0000000240935089657057233126
00.0000000240935089657057233126
00.0000000240935089657057233126
00.0000000240935089657057233126
00.0000000240935089657057233126
00.0000000240935089657057233126
00.0000000240935089657057233126
00.0000000240935089657057233126
00.0000000240935089657057233126
00.0000000240935089657057233126
00.0000000240935089657057233126
00.0000000240935089657057233126
00.0000000240935089657057233126
00.0000000240935089657057233126
00.0000000240935089657057233126
00.0000000240935089657057233126
00.0000000240935089657057233126
00.0000000240935089657057233126
00.0000000240935089657057233126
00.0000000240935089657057233126
00.0000000240935089657057233126
00.0000000240935089657057233126
00.0000000240935089657057233126
00.0000000240935089657057233126
00.0000000240935089657057233126
00.0000000240935089657057233126
00.0000000240935089657057233126
00.0000000240935089657057233126
00.0000000240935089657057233126
00.0000000240935089657057233126
00.0000000240935089657057233126
00.0000000240935089657057233126
00.0000000240935089657057233126
00.0000000240935089657057233126
00.0000000240935089657057233126
00.0000000240935089657057233126
00.0000000240935089657057233126
00.0000000240935089657057233126
00.0000000240935089657057233126
00.0000000240935089657057233126
00.0000000240935089657057233126
00.0000000240935089657057233126
00.0000000240935089657057233126
00.0000000240935089657057233126
00.0000000240935089657057233126
00.0000000240935089657057233126
00.0000000240935089657057233126
00.0000000240935089657057233126
00.0000000240935089657057233126
00.0000000240935089657057233126
00.0000000240935089657057233126
00.0000000240935089657057233126
00.0000000240935089657057233126
00.0000000240935089657057233126
00.0000000240935089657057233126
00.0000000240935089657057233126
00.0000000240935089657057233126
00.0000000240935089657057233126
00.0000000240935089657057233126
00.0000000240935089657057233126
00.0000000240935089657057233126
00.0000000240935089657057233126
00.0000000240935089657057233126
00.0000000240935089657057233126
00.0000000240935089657057233126
00.0000000240935089657057233126
00.0000000240935089657057233126
00.0000000240935089657057233126
00.0000000240935089657057233126
00.0000000240935089657057233126
00.0000000240935089657057233126
00.0000000240935089657057233126
00.0000000240935089657057233126
00.0000000240935089657057233126
00.0000000240935089657057233126
00.0000000240935089657057233126
00.0000000240935089657057233126
00.0000000240935089657057233126
00.0000000240935089657057233126
00.0000000240935089657057233126
00.0000000240935089657057233126
00.0000000240935089657057233126
00.0000000240935089657057233126
00.0000000240935089657057233126
00.0000000240935089657057233126
00.0000000240935089657057233126
00.0000000240935089657057233126
00.0000000240935089657057233126
00.0000000240935089657057233126
00.0000000240935089657057233126
00.0000000240935089657057233126
00.0000000240935089657057233126
00.0000000240935089657057233126
00.0000000240935089657057233126
00.0000000240935089657057233126
00.0000000240935089657057233126
00.0000000240935089657057233126
00.0000000240935089657057233126
00.0000000240935089657057233126
00.0000000240935089657057233126
00.0000000240935089657057233126
00.0000000240935089657057233126
00.0000000240935089657057233126
00.0000000240935089657057233126
00.0000000240935089657057233126
00.0000000240935089657057233126
00.0000000240935089657057233126
00.0000000240935089657057233126
00.0000000240935089657057233126
00.0000000240935089657057233126
00.0000000240935089657057233126
00.0000000240935089657057233126
00.0000000240935089657057233126
00.0000000240935089657057233126
00.0000000240935089657057233126
00.0000000240935089657057233126
00.0000000240935089657057233126
00.0000000240935089657057233126
00.0000000240935089657057233126
00.0000000240935089657057233126
00.0000000240935089657057233126
00.0000000240935089657057233126
00.0000000240935089657057233126
00.0000000240935089657057233126
00.0000000240935089657057233126
00.0000000240935089657057233126
00.0000000240935089657057233126
00.0000000240935089657057233126
00.0000000240935089657057233126
00.0000000240935089657057233126
00.0000000240935089657057233126
00.0000000240935089657057233126
00.0000000240935089657057233126
00.0000000240935089657057233126
00.0000000240935089657057233126
00.0000000240935089657057233126
00.0000000240935089657057233126
00.0000000240935089657057233126
00.0000000240935089657057233126
00.0000000240935089657057233126
00.0000000240935089657057233126
00.0000000240935089657057233126
00.0000000240935089657057233126
00.0000000240935089657057233126
00.0000000240935089657057233126
00.0000000240935089657057233126
00.0000000240935089657057233126
00.0000000240935089657057233126
00.0000000240935089657057233126
00.0000000240935089657057233126
00.0000000240935089657057233126
00.0000000240935089657057233126
00.0000000240935089657057233126
00.0000000240935089657057233126
00.0000000240935089657057233126
00.0000000240935089657057233126
00.0000000240935089657057233126
00.0000000240935089657057233126
00.0000000240935089657057233126
00.0000000240935089657057233126
00.0000000240935089657057233126
00.0000000240935089657057233126
00.0000000240935089657057233126
00.0000000240935089657057233126
00.0000000240935089657057233126
00.0000000240935089657057233126
00.0000000240935089657057233126
00.0000000240935089657057233126
00.0000000240935089657057233126
00.0000000240935089657057233126
00.0000000240935089657057233126
00.0000000240935089657057233126
00.0000000240935089657057233126
00.0000000240935089657057233126
00.0000000240935089657057233126
00.0000000240935089657057233126
00.0000000240935089657057233126
00.0000000240935089657057233126
00.0000000240935089657057233126
00.0000000240935089657057233126
00.0000000240935089657057233126
00.0000000240935089657057233126
00.0000000240935089657057233126
00.0000000240935089657057233126
00.0000000240935089657057233126
00.0000000240935089657057233126
00.0000000240935089657057233126
00.0000000240935089657057233126
00.0000000240935089657057233126
00.0000000240935089657057233126
00.0000000240935089657057233126
00.0000000240935089657057233126
00.0000000240935089657057233126
00.0000000240935089657057233126
00.0000000240935089657057233126
00.0000000240935089657057233126
00.0000000240935089657057233126
00.0000000240935089657057233126
00.0000000240935089657057233126
00.0000000240935089657057233126
00.0000000240935089657057233126
00.0000000240935089657057233126
00.0000000240935089657057233126
00.0000000240935089657057233126
00.0000000240935089657057233126
00.0000000240935089657057233126
00.0000000240935089657057233126
00.0000000240935089657057233126
00.0000000240935089657057233126
00.0000000240935089657057233126
00.0000000240935089657057233126
00.0000000240935089657057233126
00.0000000240935089657057233126
00.0000000240935089657057233126
00.0000000240935089657057233126
00.0000000240935089657057233126
00.0000000240935089657057233126
00.0000000240935089657057233126
00.0000000240935089657057233126
00.0000000240935089657057233126
00.0000000240935089657057233126
00.0000000240935089657057233126
00.0000000240935089657057233126
00.0000000240935089657057233126
00.0000000240935089657057233126
00.0000000240935089657057233126
00.0000000240935089657057233126
00.0000000240935089657057233126
00.0000000240935089657057233126
00.0000000240935089657057233126
00.0000000240935089657057233126
00.0000000240935089657057233126
00.0000000240935089657057233126
00.0000000240935089657057233126
00.0000000240935089657057233126
00.0000000240935089657057233126
00.0000000240935089657057233126
00.0000000240935089657057233126
00.0000000240935089657057233126
00.0000000240935089657057233126
00.0000000240935089657057233126
00.0000000240935089657057233126
00.0000000240935089657057233126
00.0000000240935089657057233126
00.0000000240935089657057233126
00.0000000240935089657057233126
00.0000000240935089657057233126
00.0000000240935089657057233126
00.0000000240935089657057233126
00.0000000240935089657057233126
00.0000000240935089657057233126
00.0000000240935089657057233126
00.0000000240935089657057233126
00.0000000240935089657057233126
00.0000000240935089657057233126
00.0000000240935089657057233126
00.0000000240935089657057233126
00.0000000240935089657057233126
00.0000000240935089657057233126
00.0000000240935089657057233126
00.0000000240935089657057233126
00.0000000240935089657057233126
00.0000000240935089657057233126
00.0000000240935089657057233126
00.0000000240935089657057233126
00.0000000240935089657057233126
00.0000000240935089657057233126
00.0000000240935089657057233126
00.0000000240935089657057233126
00.0000000240935089657057233126
00.0000000240935089657057233126
00.0000000240935089657057233126
00.0000000240935089657057233126
00.0000000240935089657057233126
00.0000000240935089657057233126
00.0000000240935089657057233126
00.0000000240935089657057233126
00.0000000240935089657057233126
00.0000000240935089657057233126
00.0000000240935089657057233126
00.0000000240935089657057233126
00.0000000240935089657057233126
00.0000000240935089657057233126
00.0000000240935089657057233126
00.0000000240935089657057233126
00.0000000240935089657057233126
00.0000000240935089657057233126
00.0000000240935089657057233126
00.0000000240935089657057233126
00.0000000240935089657057233126
00.0000000240935089657057233126
00.0000000240935089657057233126
00.0000000240935089657057233126
00.0000000240935089657057233126
00.0000000240935089657057233126
00.0000000240935089657057233126
00.0000000240935089657057233126
00.0000000240935089657057233126
00.0000000240935089657057233126
00.0000000240935089657057233126
00.0000000240935089657057233126
00.0000000240935089657057233126
00.0000000240935089657057233126
00.0000000240935089657057233126
00.0000000240935089657057233126
00.0000000240935089657057233126
00.0000000240935089657057233126
00.0000000240935089657057233126
00.0000000240935089657057233126
00.0000000240935089657057233126
00.0000000240935089657057233126
00.0000000240935089657057233126
00.0000000240935089657057233126
00.0000000240935089657057233126
00.0000000240935089657057233126
00.0000000240935089657057233126
00.0000000240935089657057233126
00.0000000240935089657057233126
00.0000000240935089657057233126
00.0000000240935089657057233126
00.0000000240935089657057233126
00.0000000240935089657057233126
00.0000000240935089657057233126
00.0000000240935089657057233126
00.0000000240935089657057233126
00.0000000240935089657057233126
00.0000000240935089657057233126
00.0000000240935089657057233126
00.0000000240935089657057233126
00.0000000240935089657057233126
00.0000000240935089657057233126
00.0000000240935089657057233126
00.0000000240935089657057233126
00.0000000240935089657057233126
00.0000000240935089657057233126
00.0000000240935089657057233126
00.0000000240935089657057233126
00.0000000240935089657057233126
00.0000000240935089657057233126
00.0000000240935089657057233126
00.0000000240935089657057233126
00.0000000240935089657057233126
00.0000000240935089657057233126
00.0000000240935089657057233126
00.0000000240935089657057233126
00.0000000240935089657057233126
00.0000000240935089657057233126
00.0000000240935089657057233126
00.0000000240935089657057233126
00.0000000240935089657057233126
00.0000000240935089657057233126
00.0000000240935089657057233126
00.0000000240935089657057233126
00.0000000240935089657057233126
00.0000000240935089657057233126
00.0000000240935089657057233126
00.0000000240935089657057233126
00.0000000240935089657057233126
00.0000000240935089657057233126
00.0000000240935089657057233126
00.0000000240935089657057233126
00.0000000240935089657057233126
00.0000000240935089657057233126
00.0000000240935089657057233126
00.0000000240935089657057233126
00.0000000240935089657057233126
00.0000000240935089657057233126
00.0000000240935089657057233126
00.0000000240935089657057233126
00.0000000240935089657057233126
00.0000000240935089657057233126
00.0000000240935089657057233126
00.0000000240935089657057233126
00.0000000240935089657057233126
00.0000000240935089657057233126
00.0000000240935089657057233126
00.0000000240935089657057233126
00.0000000240935089657057233126
00.0000000240935089657057233126
00.0000000240935089657057233126
00.0000000240935089657057233126
00.0000000240935089657057233126
00.0000000240935089657057233126
00.0000000240935089657057233126
00.0000000240935089657057233126
00.0000000240935089657057233126
00.0000000240935089657057233126
00.0000000240935089657057233126
00.0000000240935089657057233126
00.0000000240935089657057233126
00.0000000240935089657057233126
00.0000000240935089657057233126
00.0000000240935089657057233126
00.0000000240935089657057233126
00.0000000240935089657057233126
00.0000000240935089657057233126
00.0000000240935089657057233126
00.0000000240935089657057233126
00.0000000240935089657057233126
00.0000000240935089657057233126
00.0000000240935089657057233126
00.0000000240935089657057233126
00.0000000240935089657057233126
00.0000000240935089657057233126
00.0000000240935089657057233126
00.0000000240935089657057233126
00.0000000240935089657057233126
00.0000000240935089657057233126
00.0000000240935089657057233126
00.0000000240935089657057233126
00.0000000240935089657057233126
00.0000000261698617221028939639
00.0000000261698617221028939639
00.0000000261698617221028939639
00.0000000261698617221028939639
00.0000000261698617221028939639
00.0000000261698617221028939639
00.0000000261698617221028939639
00.0000000261698617221028939639
00.0000000261698617221028939639
00.0000000261698617221028939639
00.0000000261698617221028939639
00.0000000261698617221028939639
00.0000000261698617221028939639
00.0000000261698617221028939639
00.0000000261698617221028939639
00.0000000261698617221028939639
00.0000000261698617221028939639
00.0000000261698617221028939639
00.0000000261698617221028939639
00.0000000261698617221028939639
00.0000000261698617221028939639
00.0000000261698617221028939639
00.0000000261698617221028939639
00.0000000261698617221028939639
00.0000000261698617221028939639
00.0000000261698617221028939639
00.0000000261698617221028939639
00.0000000261698617221028939639
00.0000000261698617221028939639
00.0000000261698617221028939639
00.0000000261698617221028939639
00.0000000261698617221028939639
00.0000000261698617221028939639
00.0000000261698617221028939639
00.0000000261698617221028939639
00.0000000261698617221028939639
00.0000000261698617221028939639
00.0000000261698617221028939639
00.0000000261698617221028939639
00.0000000261698617221028939639
00.0000000261698617221028939639
00.0000000261698617221028939639
00.0000000261698617221028939639
00.0000000261698617221028939639
00.0000000261698617221028939639
00.0000000261698617221028939639
00.0000000261698617221028939639
00.0000000261698617221028939639
00.0000000261698617221028939639
00.0000000261698617221028939639
00.0000000261698617221028939639
00.0000000261698617221028939639
00.0000000261698617221028939639
00.0000000261698617221028939639
00.0000000261698617221028939639
00.0000000261698617221028939639
00.0000000261698617221028939639
00.0000000261698617221028939639
00.0000000261698617221028939639
00.0000000261698617221028939639
00.0000000261698617221028939639
00.0000000261698617221028939639
00.0000000261698617221028939639
00.0000000261698617221028939639
00.0000000261698617221028939639
00.0000000261698617221028939639
00.0000000261698617221028939639
00.0000000261698617221028939639
00.0000000261698617221028939639
00.0000000261698617221028939639
00.0000000261698617221028939639
00.0000000261698617221028939639
00.0000000261698617221028939639
00.0000000261698617221028939639
00.0000000261698617221028939639
00.0000000261698617221028939639
00.0000000261698617221028939639
00.0000000261698617221028939639
00.0000000261698617221028939639
00.0000000261698617221028939639
00.0000000261698617221028939639
00.0000000261698617221028939639
00.0000000261698617221028939639
00.0000000261698617221028939639
00.0000000261698617221028939639
00.0000000261698617221028939639
00.0000000261698617221028939639
00.0000000261698617221028939639
00.0000000261698617221028939639
00.0000000261698617221028939639
00.0000000261698617221028939639
00.0000000261698617221028939639
00.0000000261698617221028939639
00.0000000261698617221028939639
00.0000000261698617221028939639
00.0000000261698617221028939639
00.0000000261698617221028939639
00.0000000261698617221028939639
00.0000000261698617221028939639
00.0000000261698617221028939639
00.0000000261698617221028939639
00.0000000261698617221028939639
00.0000000261698617221028939639
00.0000000261698617221028939639
00.0000000261698617221028939639
00.0000000261698617221028939639
00.0000000261698617221028939639
00.0000000261698617221028939639
00.0000000261698617221028939639
00.0000000261698617221028939639
00.0000000261698617221028939639
00.0000000261698617221028939639
00.0000000261698617221028939639
00.0000000261698617221028939639
00.0000000261698617221028939639
00.0000000261698617221028939639
00.0000000261698617221028939639
00.0000000261698617221028939639
00.0000000261698617221028939639
00.0000000261698617221028939639
00.0000000261698617221028939639
00.0000000261698617221028939639
00.0000000261698617221028939639
00.0000000261698617221028939639
00.0000000261698617221028939639
00.0000000261698617221028939639
00.0000000261698617221028939639
00.0000000261698617221028939639
00.0000000261698617221028939639
00.0000000261698617221028939639
00.0000000261698617221028939639
00.0000000261698617221028939639
00.0000000261698617221028939639
00.0000000261698617221028939639
00.0000000261698617221028939639
00.0000000261698617221028939639
00.0000000261698617221028939639
00.0000000261698617221028939639
00.0000000261698617221028939639
00.0000000261698617221028939639
00.0000000261698617221028939639
00.0000000261698617221028939639
00.0000000261698617221028939639
00.0000000261698617221028939639
00.0000000261698617221028939639
00.0000000261698617221028939639
00.0000000261698617221028939639
00.0000000261698617221028939639
00.0000000261698617221028939639
00.0000000261698617221028939639
00.0000000261698617221028939639
00.0000000261698617221028939639
00.0000000261698617221028939639
00.0000000261698617221028939639
00.0000000261698617221028939639
00.0000000261698617221028939639
00.0000000261698617221028939639
00.0000000261698617221028939639
00.0000000261698617221028939639
00.0000000261698617221028939639
00.0000000261698617221028939639
00.0000000261698617221028939639
00.0000000261698617221028939639
00.0000000261698617221028939639
00.0000000261698617221028939639
00.0000000261698617221028939639
00.0000000261698617221028939639
00.0000000261698617221028939639
00.0000000261698617221028939639
00.0000000261698617221028939639
00.0000000261698617221028939639
00.0000000261698617221028939639
00.0000000261698617221028939639
00.0000000261698617221028939639
00.0000000261698617221028939639
00.0000000261698617221028939639
00.0000000261698617221028939639
00.0000000261698617221028939639
00.0000000261698617221028939639
00.0000000261698617221028939639
00.0000000261698617221028939639
00.0000000261698617221028939639
00.0000000261698617221028939639
00.0000000261698617221028939639
00.0000000261698617221028939639
00.0000000261698617221028939639
00.0000000261698617221028939639
00.0000000261698617221028939639
00.0000000261698617221028939639
00.0000000261698617221028939639
00.0000000261698617221028939639
00.0000000261698617221028939639
00.0000000261698617221028939639
00.0000000261698617221028939639
00.0000000261698617221028939639
00.0000000261698617221028939639
00.0000000261698617221028939639
00.0000000261698617221028939639
00.0000000261698617221028939639
00.0000000261698617221028939639
00.0000000261698617221028939639
00.0000000261698617221028939639
00.0000000261698617221028939639
00.0000000261698617221028939639
00.0000000261698617221028939639
00.0000000261698617221028939639
00.0000000261698617221028939639
00.0000000261698617221028939639
00.0000000261698617221028939639
00.0000000261698617221028939639
00.0000000261698617221028939639
00.0000000261698617221028939639
00.0000000261698617221028939639
00.0000000261698617221028939639
00.0000000261698617221028939639
00.0000000261698617221028939639
00.0000000261698617221028939639
00.0000000261698617221028939639
00.0000000261698617221028939639
00.0000000261698617221028939639
00.0000000261698617221028939639
00.0000000261698617221028939639
00.0000000261698617221028939639
00.0000000261698617221028939639
00.0000000261698617221028939639
00.0000000261698617221028939639
00.0000000261698617221028939639
00.0000000261698617221028939639
00.0000000261698617221028939639
00.0000000261698617221028939639
00.0000000261698617221028939639
00.0000000261698617221028939639
00.0000000261698617221028939639
00.0000000261698617221028939639
00.0000000261698617221028939639
00.0000000261698617221028939639
00.0000000261698617221028939639
00.0000000261698617221028939639
00.0000000261698617221028939639
00.0000000261698617221028939639
00.0000000261698617221028939639
00.0000000261698617221028939639
00.0000000261698617221028939639
00.0000000261698617221028939639
00.0000000261698617221028939639
00.0000000261698617221028939639
00.0000000261698617221028939639
00.0000000261698617221028939639
00.0000000261698617221028939639
00.0000000261698617221028939639
00.0000000261698617221028939639
00.0000000261698617221028939639
00.0000000261698617221028939639
00.0000000261698617221028939639
00.0000000261698617221028939639
00.0000000261698617221028939639
00.0000000261698617221028939639
00.0000000261698617221028939639
00.0000000261698617221028939639
00.0000000261698617221028939639
00.0000000261698617221028939639
00.0000000261698617221028939639
00.0000000261698617221028939639
00.0000000261698617221028939639
00.0000000261698617221028939639
00.0000000261698617221028939639
00.0000000261698617221028939639
00.0000000261698617221028939639
00.0000000261698617221028939639
00.0000000261698617221028939639
00.0000000261698617221028939639
00.0000000261698617221028939639
00.0000000261698617221028939639
00.0000000261698617221028939639
00.0000000261698617221028939639
00.0000000261698617221028939639
00.0000000261698617221028939639
00.0000000261698617221028939639
00.0000000261698617221028939639
00.0000000261698617221028939639
00.0000000261698617221028939639
00.0000000261698617221028939639
00.0000000261698617221028939639
00.0000000261698617221028939639
00.0000000261698617221028939639
00.0000000261698617221028939639
00.0000000261698617221028939639
00.0000000261698617221028939639
00.0000000261698617221028939639
00.0000000261698617221028939639
00.0000000261698617221028939639
00.0000000261698617221028939639
00.0000000261698617221028939639
00.0000000261698617221028939639
00.0000000261698617221028939639
00.0000000261698617221028939639
00.0000000261698617221028939639
00.0000000261698617221028939639
00.0000000261698617221028939639
00.0000000261698617221028939639
00.0000000261698617221028939639
00.0000000261698617221028939639
00.0000000261698617221028939639
00.0000000261698617221028939639
00.0000000261698617221028939639
00.0000000261698617221028939639
00.0000000261698617221028939639
00.0000000261698617221028939639
00.0000000261698617221028939639
00.0000000261698617221028939639
00.0000000261698617221028939639
00.0000000261698617221028939639
00.0000000261698617221028939639
00.0000000261698617221028939639
00.0000000261698617221028939639
00.0000000261698617221028939639
00.0000000261698617221028939639
00.0000000261698617221028939639
00.0000000261698617221028939639
00.0000000261698617221028939639
00.0000000261698617221028939639
00.0000000261698617221028939639
00.0000000261698617221028939639
00.0000000261698617221028939639
00.0000000261698617221028939639
00.0000000261698617221028939639
00.0000000261698617221028939639
00.0000000261698617221028939639
00.0000000261698617221028939639
00.0000000261698617221028939639
00.0000000261698617221028939639
00.0000000261698617221028939639
00.0000000261698617221028939639
00.0000000261698617221028939639
00.0000000261698617221028939639
00.0000000261698617221028939639
00.0000000261698617221028939639
00.0000000261698617221028939639
00.0000000261698617221028939639
00.0000000261698617221028939639
00.0000000261698617221028939639
00.0000000261698617221028939639
00.0000000261698617221028939639
00.0000000261698617221028939639
00.0000000261698617221028939639
00.0000000261698617221028939639
00.0000000261698617221028939639
00.0000000261698617221028939639
00.0000000261698617221028939639
00.0000000261698617221028939639
00.0000000261698617221028939639
00.0000000261698617221028939639
00.0000000261698617221028939639
00.0000000261698617221028939639
00.0000000261698617221028939639
00.0000000261698617221028939639
00.0000000261698617221028939639
00.0000000261698617221028939639
00.0000000261698617221028939639
00.0000000261698617221028939639
00.0000000261698617221028939639
00.0000000261698617221028939639
00.0000000261698617221028939639
00.0000000261698617221028939639
00.0000000261698617221028939639
00.0000000261698617221028939639
00.0000000261698617221028939639
00.0000000261698617221028939639
00.0000000261698617221028939639
00.0000000261698617221028939639
00.0000000261698617221028939639
00.0000000261698617221028939639
00.0000000261698617221028939639
00.0000000261698617221028939639
00.0000000261698617221028939639
00.0000000261698617221028939639
00.0000000261698617221028939639
00.0000000261698617221028939639
00.0000000261698617221028939639
00.0000000261698617221028939639
00.0000000261698617221028939639
00.0000000261698617221028939639
00.0000000261698617221028939639
00.0000000261698617221028939639
00.0000000261698617221028939639
00.0000000261698617221028939639
00.0000000261698617221028939639
00.0000000261698617221028939639
00.0000000261698617221028939639
00.0000000261698617221028939639
00.0000000261698617221028939639
00.0000000261698617221028939639
00.0000000261698617221028939639
00.0000000261698617221028939639
00.0000000261698617221028939639
00.0000000261698617221028939639
00.0000000261698617221028939639
00.0000000261698617221028939639
00.0000000261698617221028939639
00.0000000261698617221028939639
00.0000000261698617221028939639
00.0000000261698617221028939639
00.0000000261698617221028939639
00.0000000261698617221028939639
00.0000000261698617221028939639
00.0000000261698617221028939639
00.0000000261698617221028939639
00.0000000261698617221028939639
00.0000000261698617221028939639
00.0000000261698617221028939639
00.0000000261698617221028939639
00.0000000261698617221028939639
00.0000000261698617221028939639
00.0000000261698617221028939639
00.0000000261698617221028939639
00.0000000261698617221028939639
00.0000000261698617221028939639
00.0000000261698617221028939639
00.0000000261698617221028939639
00.0000000261698617221028939639
00.0000000261698617221028939639
00.0000000261698617221028939639
00.0000000261698617221028939639
00.0000000261698617221028939639
00.0000000261698617221028939639
00.0000000261698617221028939639
00.0000000261698617221028939639
00.0000000261698617221028939639
00.0000000261698617221028939639
00.0000000261698617221028939639
00.0000000261698617221028939639
00.0000000261698617221028939639
00.0000000261698617221028939639
00.0000000261698617221028939639
00.0000000261698617221028939639
00.0000000261698617221028939639
00.0000000261698617221028939639
00.0000000261698617221028939639
00.0000000261698617221028939639
00.0000000261698617221028939639
00.0000000261698617221028939639
00.0000000261698617221028939639
00.0000000261698617221028939639
00.0000000261698617221028939639
00.0000000261698617221028939639
00.0000000261698617221028939639
00.0000000261698617221028939639
00.0000000261698617221028939639
00.0000000261698617221028939639
00.0000000261698617221028939639
00.0000000261698617221028939639
00.0000000261698617221028939639
00.0000000261698617221028939639
00.0000000261698617221028939639
00.0000000261698617221028939639
00.0000000261698617221028939639
00.0000000261698617221028939639
00.0000000261698617221028939639
00.0000000261698617221028939639
00.0000000261698617221028939639
00.0000000261698617221028939639
00.0000000261698617221028939639
00.0000000261698617221028939639
00.0000000261698617221028939639
00.0000000261698617221028939639
00.0000000261698617221028939639
00.0000000261698617221028939639
00.0000000261698617221028939639
00.0000000261698617221028939639
00.0000000261698617221028939639
00.0000000261698617221028939639
00.0000000261698617221028939639
00.0000000261698617221028939639
00.0000000261698617221028939639
00.0000000261698617221028939639
00.0000000261698617221028939639
00.0000000261698617221028939639
00.0000000261698617221028939639
00.0000000261698617221028939639
00.0000000261698617221028939639
00.0000000261698617221028939639
00.0000000261698617221028939639
00.0000000261698617221028939639
00.0000000261698617221028939639
00.0000000261698617221028939639
00.0000000261698617221028939639
00.0000000261698617221028939639
00.0000000261698617221028939639
00.0000000261698617221028939639
00.0000000261698617221028939639
00.0000000261698617221028939639
00.0000000261698617221028939639
00.0000000261698617221028939639
00.0000000261698617221028939639
00.0000000261698617221028939639
00.0000000261698617221028939639
00.0000000261698617221028939639
00.0000000261698617221028939639
00.0000000261698617221028939639
00.0000000261698617221028939639
00.0000000261698617221028939639
00.0000000261698617221028939639
00.0000000261698617221028939639
00.0000000261698617221028939639
00.0000000261698617221028939639
00.0000000261698617221028939639
00.0000000261698617221028939639
00.0000000261698617221028939639
00.0000000261698617221028939639
00.0000000261698617221028939639
00.0000000261698617221028939639
00.0000000261698617221028939639
00.0000000261698617221028939639
00.0000000261698617221028939639
00.0000000261698617221028939639
00.0000000261698617221028939639
00.0000000261698617221028939639
00.0000000261698617221028939639
00.0000000261698617221028939639
00.0000000261698617221028939639
00.0000000261698617221028939639
00.0000000261698617221028939639
00.0000000261698617221028939639
00.0000000261698617221028939639
00.0000000261698617221028939639
00.0000000261698617221028939639
00.0000000261698617221028939639
00.0000000261698617221028939639
00.0000000261698617221028939639
00.0000000261698617221028939639
00.0000000261698617221028939639
00.0000000261698617221028939639
00.0000000261698617221028939639
00.0000000261698617221028939639
00.0000000261698617221028939639
00.0000000261698617221028939639
00.0000000261698617221028939639
00.0000000261698617221028939639
00.0000000261698617221028939639
00.0000000261698617221028939639
00.0000000261698617221028939639
00.0000000261698617221028939639
00.0000000261698617221028939639
00.0000000261698617221028939639
00.0000000261698617221028939639
00.0000000261698617221028939639
00.0000000261698617221028939639
00.0000000261698617221028939639
00.0000000261698617221028939639
00.0000000261698617221028939639
00.0000000261698617221028939639
00.0000000261698617221028939639
00.0000000261698617221028939639
00.0000000261698617221028939639
00.0000000261698617221028939639
00.0000000261698617221028939639
00.0000000261698617221028939639
00.0000000261698617221028939639
00.0000000261698617221028939639
00.0000000261698617221028939639
00.0000000261698617221028939639
00.0000000261698617221028939639
00.0000000261698617221028939639
00.0000000261698617221028939639
00.0000000261698617221028939639
00.0000000261698617221028939639
00.0000000261698617221028939639
00.0000000261698617221028939639
00.0000000261698617221028939639
00.0000000261698617221028939639
00.0000000261698617221028939639
00.0000000261698617221028939639
00.0000000261698617221028939639
00.0000000261698617221028939639
00.0000000261698617221028939639
00.0000000261698617221028939639
00.0000000261698617221028939639
00.0000000261698617221028939639
00.0000000261698617221028939639
00.0000000261698617221028939639
00.0000000261698617221028939639
00.0000000261698617221028939639
00.0000000261698617221028939639
00.0000000261698617221028939639
00.0000000261698617221028939639
00.0000000261698617221028939639
00.0000000261698617221028939639
00.0000000261698617221028939639
00.0000000261698617221028939639
00.0000000261698617221028939639
00.0000000261698617221028939639
00.0000000261698617221028939639
00.0000000261698617221028939639
00.0000000261698617221028939639
00.0000000261698617221028939639
00.0000000261698617221028939639
00.0000000261698617221028939639
00.0000000261698617221028939639
00.0000000261698617221028939639
00.0000000261698617221028939639
00.0000000261698617221028939639
00.0000000261698617221028939639
00.0000000261698617221028939639
00.0000000261698617221028939639
00.0000000261698617221028939639
00.0000000261698617221028939639
00.0000000261698617221028939639
00.0000000261698617221028939639
00.0000000261698617221028939639
00.0000000261698617221028939639
00.0000000261698617221028939639
00.0000000261698617221028939639
00.0000000261698617221028939639
00.0000000261698617221028939639
00.0000000261698617221028939639
00.0000000261698617221028939639
00.0000000261698617221028939639
00.0000000261698617221028939639
00.0000000261698617221028939639
00.0000000261698617221028939639
00.0000000261698617221028939639
00.0000000261698617221028939639
00.0000000261698617221028939639
00.0000000261698617221028939639
00.0000000261698617221028939639
00.0000000261698617221028939639
00.0000000261698617221028939639
00.0000000261698617221028939639
00.0000000261698617221028939639
00.0000000261698617221028939639
00.0000000261698617221028939639
00.0000000261698617221028939639
00.0000000261698617221028939639
00.0000000261698617221028939639
00.0000000261698617221028939639
00.0000000261698617221028939639
00.0000000261698617221028939639
00.0000000261698617221028939639
00.0000000261698617221028939639
00.0000000261698617221028939639
00.0000000261698617221028939639
00.0000000261698617221028939639
00.0000000261698617221028939639
00.0000000261698617221028939639
00.0000000261698617221028939639
00.0000000261698617221028939639
00.0000000261698617221028939639
00.0000000261698617221028939639
00.0000000261698617221028939639
00.0000000261698617221028939639
00.0000000261698617221028939639
00.0000000261698617221028939639
00.0000000261698617221028939639
00.0000000261698617221028939639
00.0000000261698617221028939639
00.0000000261698617221028939639
00.0000000261698617221028939639
00.0000000261698617221028939639
00.0000000261698617221028939639
00.0000000261698617221028939639
00.0000000261698617221028939639
00.0000000261698617221028939639
00.0000000261698617221028939639
00.0000000261698617221028939639
00.0000000261698617221028939639
00.0000000261698617221028939639
00.0000000261698617221028939639
00.0000000261698617221028939639
00.0000000261698617221028939639
00.0000000261698617221028939639
00.0000000261698617221028939639
00.0000000261698617221028939639
00.0000000261698617221028939639
00.0000000261698617221028939639
00.0000000261698617221028939639
00.0000000261698617221028939639
00.0000000261698617221028939639
00.0000000261698617221028939639
00.0000000261698617221028939639
00.0000000261698617221028939639
00.0000000261698617221028939639
00.0000000261698617221028939639
00.0000000261698617221028939639
00.0000000261698617221028939639
00.0000000261698617221028939639
00.0000000261698617221028939639
00.0000000261698617221028939639
00.0000000261698617221028939639
00.0000000261698617221028939639
00.0000000261698617221028939639
00.0000000261698617221028939639
00.0000000261698617221028939639
00.0000000261698617221028939639
00.0000000261698617221028939639
00.0000000261698617221028939639
00.0000000261698617221028939639
00.0000000261698617221028939639
00.0000000261698617221028939639
00.0000000261698617221028939639
00.0000000261698617221028939639
00.0000000261698617221028939639
00.0000000261698617221028939639
00.0000000261698617221028939639
00.0000000261698617221028939639
00.0000000261698617221028939639
00.0000000261698617221028939639
00.0000000261698617221028939639
00.0000000261698617221028939639
00.0000000261698617221028939639
00.0000000261698617221028939639
00.0000000261698617221028939639
00.0000000261698617221028939639
00.0000000261698617221028939639
00.0000000261698617221028939639
00.0000000261698617221028939639
00.0000000261698617221028939639
00.0000000261698617221028939639
00.0000000261698617221028939639
00.0000000261698617221028939639
00.0000000261698617221028939639
00.0000000261698617221028939639
00.0000000261698617221028939639
00.0000000261698617221028939639
00.0000000261698617221028939639
00.0000000261698617221028939639
00.0000000261698617221028939639
00.0000000261698617221028939639
00.0000000261698617221028939639
00.0000000261698617221028939639
00.0000000261698617221028939639
00.0000000261698617221028939639
00.0000000261698617221028939639
00.0000000261698617221028939639
00.0000000261698617221028939639
00.0000000261698617221028939639
00.0000000261698617221028939639
00.0000000261698617221028939639
00.0000000261698617221028939639
00.0000000261698617221028939639
00.0000000261698617221028939639
00.0000000261698617221028939639
00.0000000261698617221028939639
00.0000000261698617221028939639
00.0000000261698617221028939639
00.0000000261698617221028939639
00.0000000261698617221028939639
00.0000000261698617221028939639
00.0000000261698617221028939639
00.0000000261698617221028939639
00.0000000261698617221028939639
00.0000000261698617221028939639
00.0000000261698617221028939639
00.0000000261698617221028939639
00.0000000261698617221028939639
00.0000000261698617221028939639
00.0000000261698617221028939639
00.0000000261698617221028939639
00.0000000261698617221028939639
00.0000000261698617221028939639
00.0000000261698617221028939639
00.0000000261698617221028939639
00.0000000261698617221028939639
00.0000000261698617221028939639
00.0000000261698617221028939639
00.0000000261698617221028939639
00.0000000261698617221028939639
00.0000000261698617221028939639
00.0000000261698617221028939639
00.0000000261698617221028939639
00.0000000261698617221028939639
00.0000000261698617221028939639
00.0000000261698617221028939639
00.0000000261698617221028939639
00.0000000261698617221028939639
00.0000000261698617221028939639
00.0000000261698617221028939639
00.0000000261698617221028939639
00.0000000261698617221028939639
00.0000000261698617221028939639
00.0000000261698617221028939639
00.0000000261698617221028939639
00.0000000261698617221028939639
00.0000000261698617221028939639
00.0000000261698617221028939639
00.0000000261698617221028939639
00.0000000261698617221028939639
00.0000000261698617221028939639
00.0000000261698617221028939639
00.0000000261698617221028939639
00.0000000261698617221028939639
00.0000000261698617221028939639
00.0000000261698617221028939639
00.0000000261698617221028939639
00.0000000261698617221028939639
00.0000000261698617221028939639
00.0000000261698617221028939639
00.0000000261698617221028939639
00.0000000261698617221028939639
00.0000000261698617221028939639
00.0000000261698617221028939639
00.0000000261698617221028939639
00.0000000261698617221028939639
00.0000000261698617221028939639
00.0000000261698617221028939639
00.0000000261698617221028939639
00.0000000261698617221028939639
00.0000000261698617221028939639
00.0000000261698617221028939639
00.0000000261698617221028939639
00.0000000261698617221028939639
00.0000000261698617221028939639
00.0000000261698617221028939639
00.0000000261698617221028939639
00.0000000261698617221028939639
00.0000000261698617221028939639
00.0000000261698617221028939639
00.0000000261698617221028939639
00.0000000261698617221028939639
00.0000000261698617221028939639
00.0000000261698617221028939639
00.0000000261698617221028939639
00.0000000261698617221028939639
00.0000000261698617221028939639
00.0000000261698617221028939639
00.0000000261698617221028939639
00.0000000261698617221028939639
00.0000000261698617221028939639
00.0000000261698617221028939639
00.0000000261698617221028939639
00.0000000261698617221028939639
00.0000000261698617221028939639
00.0000000261698617221028939639
00.0000000261698617221028939639
00.0000000261698617221028939639
00.0000000261698617221028939639
00.0000000261698617221028939639
00.0000000261698617221028939639
00.0000000261698617221028939639
00.0000000261698617221028939639
00.0000000261698617221028939639
00.0000000261698617221028939639
00.0000000261698617221028939639
00.0000000261698617221028939639
00.0000000261698617221028939639
00.0000000261698617221028939639
00.0000000261698617221028939639
00.0000000261698617221028939639
00.0000000261698617221028939639
00.0000000261698617221028939639
00.0000000261698617221028939639
00.0000000261698617221028939639
00.0000000261698617221028939639
00.0000000261698617221028939639
00.0000000261698617221028939639
00.0000000261698617221028939639
00.0000000261698617221028939639
00.0000000261698617221028939639
00.0000000261698617221028939639
00.0000000261698617221028939639
00.0000000261698617221028939639
00.0000000261698617221028939639
00.0000000261698617221028939639
00.0000000261698617221028939639
00.0000000261698617221028939639
00.0000000261698617221028939639
00.0000000261698617221028939639
00.0000000261698617221028939639
00.0000000261698617221028939639
00.0000000261698617221028939639
00.0000000261698617221028939639
00.0000000261698617221028939639
00.0000000261698617221028939639
00.0000000261698617221028939639
00.0000000261698617221028939639
00.0000000261698617221028939639
00.0000000261698617221028939639
00.0000000261698617221028939639
00.0000000261698617221028939639
00.0000000261698617221028939639
00.0000000261698617221028939639
00.0000000261698617221028939639
00.0000000261698617221028939639
00.0000000261698617221028939639
00.0000000261698617221028939639
00.0000000261698617221028939639
00.0000000261698617221028939639
00.0000000261698617221028939639
00.0000000261698617221028939639
00.0000000261698617221028939639
00.0000000261698617221028939639
00.0000000261698617221028939639
00.0000000261698617221028939639
00.0000000261698617221028939639
00.0000000261698617221028939639
00.0000000261698617221028939639
00.0000000261698617221028939639
00.0000000261698617221028939639
00.0000000261698617221028939639
00.0000000261698617221028939639
00.0000000261698617221028939639
00.0000000261698617221028939639
00.0000000261698617221028939639
00.0000000261698617221028939639
00.0000000261698617221028939639
00.0000000261698617221028939639
00.0000000261698617221028939639
00.0000000261698617221028939639
00.0000000261698617221028939639
00.0000000261698617221028939639
00.0000000261698617221028939639
00.0000000261698617221028939639
00.0000000261698617221028939639
00.0000000261698617221028939639
00.0000000261698617221028939639
00.0000000261698617221028939639
00.0000000261698617221028939639
00.0000000261698617221028939639
00.0000000261698617221028939639
00.0000000261698617221028939639
00.0000000261698617221028939639
00.0000000261698617221028939639
00.0000000261698617221028939639
00.0000000261698617221028939639
00.0000000261698617221028939639
00.0000000261698617221028939639
00.0000000261698617221028939639
00.0000000261698617221028939639
00.0000000261698617221028939639
00.0000000261698617221028939639
00.0000000261698617221028939639
00.0000000261698617221028939639
00.0000000261698617221028939639
00.0000000261698617221028939639
00.0000000261698617221028939639
00.0000000261698617221028939639
00.0000000261698617221028939639
00.0000000261698617221028939639
00.0000000261698617221028939639
00.0000000261698617221028939639
00.0000000261698617221028939639
00.0000000261698617221028939639
00.0000000261698617221028939639
00.0000000261698617221028939639
00.0000000261698617221028939639
00.0000000261698617221028939639
00.0000000261698617221028939639
00.0000000261698617221028939639
00.0000000261698617221028939639
00.0000000261698617221028939639
00.0000000261698617221028939639
00.0000000261698617221028939639
00.0000000261698617221028939639
00.0000000261698617221028939639
00.0000000261698617221028939639
00.0000000261698617221028939639
00.0000000261698617221028939639
00.0000000261698617221028939639
00.0000000261698617221028939639
00.0000000261698617221028939639
00.0000000261698617221028939639
00.0000000261698617221028939639
00.0000000261698617221028939639
00.0000000261698617221028939639
00.0000000261698617221028939639
00.0000000261698617221028939639
00.0000000261698617221028939639
00.0000000261698617221028939639
00.0000000261698617221028939639
00.0000000261698617221028939639
00.0000000261698617221028939639
00.0000000261698617221028939639
00.0000000261698617221028939639
00.0000000261698617221028939639
00.0000000261698617221028939639
00.0000000261698617221028939639
00.0000000261698617221028939639
00.0000000261698617221028939639
00.0000000261698617221028939639
00.0000000261698617221028939639
00.0000000261698617221028939639
00.0000000261698617221028939639
00.0000000261698617221028939639
00.0000000261698617221028939639
00.0000000261698617221028939639
00.0000000261698617221028939639
00.0000000261698617221028939639
00.0000000261698617221028939639
00.0000000261698617221028939639
00.0000000261698617221028939639
00.0000000261698617221028939639
00.0000000261698617221028939639
00.0000000261698617221028939639
00.0000000261698617221028939639
00.0000000261698617221028939639
00.0000000261698617221028939639
00.0000000261698617221028939639
00.0000000261698617221028939639
00.0000000261698617221028939639
00.0000000261698617221028939639
00.0000000261698617221028939639
00.0000000234379057273415014606
00.0000000234379057273415014606
00.0000000234379057273415014606
00.0000000234379057273415014606
00.0000000234379057273415014606
00.0000000234379057273415014606
00.0000000234379057273415014606
00.0000000234379057273415014606
00.0000000234379057273415014606
00.0000000234379057273415014606
00.0000000234379057273415014606
00.0000000234379057273415014606
00.0000000234379057273415014606
00.0000000234379057273415014606
00.0000000234379057273415014606
00.0000000234379057273415014606
00.0000000234379057273415014606
00.0000000234379057273415014606
00.0000000234379057273415014606
00.0000000234379057273415014606
00.0000000234379057273415014606
00.0000000234379057273415014606
00.0000000234379057273415014606
00.0000000234379057273415014606
00.0000000234379057273415014606
00.0000000234379057273415014606
00.0000000234379057273415014606
00.0000000234379057273415014606
00.0000000234379057273415014606
00.0000000234379057273415014606
00.0000000234379057273415014606
00.0000000234379057273415014606
00.0000000234379057273415014606
00.0000000234379057273415014606
00.0000000234379057273415014606
00.0000000234379057273415014606
00.0000000234379057273415014606
00.0000000234379057273415014606
00.0000000234379057273415014606
00.0000000234379057273415014606
00.0000000234379057273415014606
00.0000000234379057273415014606
00.0000000234379057273415014606
00.0000000234379057273415014606
00.0000000234379057273415014606
00.0000000234379057273415014606
00.0000000234379057273415014606
00.0000000234379057273415014606
00.0000000234379057273415014606
00.0000000234379057273415014606
00.0000000234379057273415014606
00.0000000234379057273415014606
00.0000000234379057273415014606
00.0000000234379057273415014606
00.0000000234379057273415014606
00.0000000234379057273415014606
00.0000000234379057273415014606
00.0000000234379057273415014606
00.0000000234379057273415014606
00.0000000234379057273415014606
00.0000000234379057273415014606
00.0000000234379057273415014606
00.0000000234379057273415014606
00.0000000234379057273415014606
00.0000000234379057273415014606
00.0000000234379057273415014606
00.0000000234379057273415014606
00.0000000234379057273415014606
00.0000000234379057273415014606
00.0000000234379057273415014606
00.0000000234379057273415014606
00.0000000234379057273415014606
00.0000000234379057273415014606
00.0000000234379057273415014606
00.0000000234379057273415014606
00.0000000234379057273415014606
00.0000000234379057273415014606
00.0000000234379057273415014606
00.0000000234379057273415014606
00.0000000234379057273415014606
00.0000000234379057273415014606
00.0000000234379057273415014606
00.0000000234379057273415014606
00.0000000234379057273415014606
00.0000000234379057273415014606
00.0000000234379057273415014606
00.0000000234379057273415014606
00.0000000234379057273415014606
00.0000000234379057273415014606
00.0000000234379057273415014606
00.0000000234379057273415014606
00.0000000234379057273415014606
00.0000000234379057273415014606
00.0000000234379057273415014606
00.0000000234379057273415014606
00.0000000234379057273415014606
00.0000000234379057273415014606
00.0000000234379057273415014606
00.0000000234379057273415014606
00.0000000234379057273415014606
00.0000000234379057273415014606
00.0000000234379057273415014606
00.0000000234379057273415014606
00.0000000234379057273415014606
00.0000000234379057273415014606
00.0000000234379057273415014606
00.0000000234379057273415014606
00.0000000234379057273415014606
00.0000000234379057273415014606
00.0000000234379057273415014606
00.0000000234379057273415014606
00.0000000234379057273415014606
00.0000000234379057273415014606
00.0000000234379057273415014606
00.0000000234379057273415014606
00.0000000234379057273415014606
00.0000000234379057273415014606
00.0000000234379057273415014606
00.0000000234379057273415014606
00.0000000234379057273415014606
00.0000000234379057273415014606
00.0000000234379057273415014606
00.0000000234379057273415014606
00.0000000234379057273415014606
00.0000000234379057273415014606
00.0000000234379057273415014606
00.0000000234379057273415014606
00.0000000234379057273415014606
00.0000000234379057273415014606
00.0000000234379057273415014606
00.0000000234379057273415014606
00.0000000234379057273415014606
00.0000000234379057273415014606
00.0000000234379057273415014606
00.0000000234379057273415014606
00.0000000234379057273415014606
00.0000000234379057273415014606
00.0000000234379057273415014606
00.0000000234379057273415014606
00.0000000234379057273415014606
00.0000000234379057273415014606
00.0000000234379057273415014606
00.0000000234379057273415014606
00.0000000234379057273415014606
00.0000000234379057273415014606
00.0000000234379057273415014606
00.0000000234379057273415014606
00.0000000234379057273415014606
00.0000000234379057273415014606
00.0000000234379057273415014606
00.0000000234379057273415014606
00.0000000234379057273415014606
00.0000000234379057273415014606
00.0000000234379057273415014606
00.0000000234379057273415014606
00.0000000234379057273415014606
00.0000000234379057273415014606
00.0000000234379057273415014606
00.0000000234379057273415014606
00.0000000234379057273415014606
00.0000000234379057273415014606
00.0000000234379057273415014606
00.0000000234379057273415014606
00.0000000234379057273415014606
00.0000000234379057273415014606
00.0000000234379057273415014606
00.0000000234379057273415014606
00.0000000234379057273415014606
00.0000000234379057273415014606
00.0000000234379057273415014606
00.0000000234379057273415014606
00.0000000234379057273415014606
00.0000000234379057273415014606
00.0000000234379057273415014606
00.0000000234379057273415014606
00.0000000234379057273415014606
00.0000000234379057273415014606
00.0000000234379057273415014606
00.0000000234379057273415014606
00.0000000234379057273415014606
00.0000000234379057273415014606
00.0000000234379057273415014606
00.0000000234379057273415014606
00.0000000234379057273415014606
00.0000000234379057273415014606
00.0000000234379057273415014606
00.0000000234379057273415014606
00.0000000234379057273415014606
00.0000000234379057273415014606
00.0000000234379057273415014606
00.0000000234379057273415014606
00.0000000234379057273415014606
00.0000000234379057273415014606
00.0000000234379057273415014606
00.0000000234379057273415014606
00.0000000234379057273415014606
00.0000000234379057273415014606
00.0000000234379057273415014606
00.0000000234379057273415014606
00.0000000234379057273415014606
00.0000000234379057273415014606
00.0000000234379057273415014606
00.0000000234379057273415014606
00.0000000234379057273415014606
00.0000000234379057273415014606
00.0000000234379057273415014606
00.0000000234379057273415014606
00.0000000234379057273415014606
00.0000000234379057273415014606
00.0000000234379057273415014606
00.0000000234379057273415014606
00.0000000234379057273415014606
00.0000000234379057273415014606
00.0000000234379057273415014606
00.0000000234379057273415014606
00.0000000234379057273415014606
00.0000000234379057273415014606
00.0000000234379057273415014606
00.0000000234379057273415014606
00.0000000234379057273415014606
00.0000000234379057273415014606
00.0000000234379057273415014606
00.0000000234379057273415014606
00.0000000234379057273415014606
00.0000000234379057273415014606
00.0000000234379057273415014606
00.0000000234379057273415014606
00.0000000234379057273415014606
00.0000000234379057273415014606
00.0000000234379057273415014606
00.0000000234379057273415014606
00.0000000234379057273415014606
00.0000000234379057273415014606
00.0000000234379057273415014606
00.0000000234379057273415014606
00.0000000234379057273415014606
00.0000000234379057273415014606
00.0000000234379057273415014606
00.0000000234379057273415014606
00.0000000234379057273415014606
00.0000000234379057273415014606
00.0000000234379057273415014606
00.0000000234379057273415014606
00.0000000234379057273415014606
00.0000000234379057273415014606
00.0000000234379057273415014606
00.0000000234379057273415014606
00.0000000234379057273415014606
00.0000000234379057273415014606
00.0000000234379057273415014606
00.0000000234379057273415014606
00.0000000234379057273415014606
00.0000000234379057273415014606
00.0000000234379057273415014606
00.0000000234379057273415014606
00.0000000234379057273415014606
00.0000000234379057273415014606
00.0000000234379057273415014606
00.0000000234379057273415014606
00.0000000234379057273415014606
00.0000000234379057273415014606
00.0000000234379057273415014606
00.0000000234379057273415014606
00.0000000234379057273415014606
00.0000000234379057273415014606
00.0000000234379057273415014606
00.0000000234379057273415014606
00.0000000234379057273415014606
00.0000000234379057273415014606
00.0000000234379057273415014606
00.0000000234379057273415014606
00.0000000234379057273415014606
00.0000000234379057273415014606
00.0000000234379057273415014606
00.0000000234379057273415014606
00.0000000234379057273415014606
00.0000000234379057273415014606
00.0000000234379057273415014606
00.0000000234379057273415014606
00.0000000234379057273415014606
00.0000000234379057273415014606
00.0000000234379057273415014606
00.0000000234379057273415014606
00.0000000234379057273415014606
00.0000000234379057273415014606
00.0000000234379057273415014606
00.0000000234379057273415014606
00.0000000234379057273415014606
00.0000000234379057273415014606
00.0000000234379057273415014606
00.0000000234379057273415014606
00.0000000234379057273415014606
00.0000000234379057273415014606
00.0000000234379057273415014606
00.0000000234379057273415014606
00.0000000234379057273415014606
00.0000000234379057273415014606
00.0000000234379057273415014606
00.0000000234379057273415014606
00.0000000234379057273415014606
00.0000000234379057273415014606
00.0000000234379057273415014606
00.0000000234379057273415014606
00.0000000234379057273415014606
00.0000000234379057273415014606
00.0000000234379057273415014606
00.0000000234379057273415014606
00.0000000234379057273415014606
00.0000000234379057273415014606
00.0000000234379057273415014606
00.0000000234379057273415014606
00.0000000234379057273415014606
00.0000000234379057273415014606
00.0000000234379057273415014606
00.0000000234379057273415014606
00.0000000234379057273415014606
00.0000000234379057273415014606
00.0000000234379057273415014606
00.0000000234379057273415014606
00.0000000234379057273415014606
00.0000000234379057273415014606
00.0000000234379057273415014606
00.0000000234379057273415014606
00.0000000234379057273415014606
00.0000000234379057273415014606
00.0000000234379057273415014606
00.0000000234379057273415014606
00.0000000234379057273415014606
00.0000000234379057273415014606
00.0000000234379057273415014606
00.0000000234379057273415014606
00.0000000234379057273415014606
00.0000000234379057273415014606
00.0000000234379057273415014606
00.0000000234379057273415014606
00.0000000234379057273415014606
00.0000000234379057273415014606
00.0000000234379057273415014606
00.0000000234379057273415014606
00.0000000234379057273415014606
00.0000000234379057273415014606
00.0000000234379057273415014606
00.0000000234379057273415014606
00.0000000234379057273415014606
00.0000000234379057273415014606
00.0000000234379057273415014606
00.0000000234379057273415014606
00.0000000234379057273415014606
00.0000000234379057273415014606
00.0000000234379057273415014606
00.0000000234379057273415014606
00.0000000234379057273415014606
00.0000000234379057273415014606
00.0000000234379057273415014606
00.0000000234379057273415014606
00.0000000234379057273415014606
00.0000000234379057273415014606
00.0000000234379057273415014606
00.0000000234379057273415014606
00.0000000234379057273415014606
00.0000000234379057273415014606
00.0000000234379057273415014606
00.0000000234379057273415014606
00.0000000234379057273415014606
00.0000000234379057273415014606
00.0000000234379057273415014606
00.0000000234379057273415014606
00.0000000234379057273415014606
00.0000000234379057273415014606
00.0000000234379057273415014606
00.0000000234379057273415014606
00.0000000234379057273415014606
00.0000000234379057273415014606
00.0000000234379057273415014606
00.0000000234379057273415014606
00.0000000234379057273415014606
00.0000000234379057273415014606
00.0000000234379057273415014606
00.0000000234379057273415014606
00.0000000234379057273415014606
00.0000000234379057273415014606
00.0000000234379057273415014606
00.0000000234379057273415014606
00.0000000234379057273415014606
00.0000000234379057273415014606
00.0000000234379057273415014606
00.0000000234379057273415014606
00.0000000234379057273415014606
00.0000000234379057273415014606
00.0000000234379057273415014606
00.0000000234379057273415014606
00.0000000234379057273415014606
00.0000000234379057273415014606
00.0000000234379057273415014606
00.0000000234379057273415014606
00.0000000234379057273415014606
00.0000000234379057273415014606
00.0000000234379057273415014606
00.0000000234379057273415014606
00.0000000234379057273415014606
00.0000000234379057273415014606
00.0000000234379057273415014606
00.0000000234379057273415014606
00.0000000234379057273415014606
00.0000000234379057273415014606
00.0000000234379057273415014606
00.0000000234379057273415014606
00.0000000234379057273415014606
00.0000000234379057273415014606
00.0000000234379057273415014606
00.0000000234379057273415014606
00.0000000234379057273415014606
00.0000000234379057273415014606
00.0000000234379057273415014606
00.0000000234379057273415014606
00.0000000234379057273415014606
00.0000000234379057273415014606
00.0000000234379057273415014606
00.0000000234379057273415014606
00.0000000234379057273415014606
00.0000000234379057273415014606
00.0000000234379057273415014606
00.0000000234379057273415014606
00.0000000234379057273415014606
00.0000000234379057273415014606
00.0000000234379057273415014606
00.0000000234379057273415014606
00.0000000234379057273415014606
00.0000000234379057273415014606
00.0000000234379057273415014606
00.0000000234379057273415014606
00.0000000234379057273415014606
00.0000000234379057273415014606
00.0000000234379057273415014606
00.0000000234379057273415014606
00.0000000234379057273415014606
00.0000000234379057273415014606
00.0000000234379057273415014606
00.0000000234379057273415014606
00.0000000234379057273415014606
00.0000000234379057273415014606
00.0000000234379057273415014606
00.0000000234379057273415014606
00.0000000234379057273415014606
00.0000000234379057273415014606
00.0000000234379057273415014606
00.0000000234379057273415014606
00.0000000234379057273415014606
00.0000000234379057273415014606
00.0000000234379057273415014606
00.0000000234379057273415014606
00.0000000234379057273415014606
00.0000000234379057273415014606
00.0000000234379057273415014606
00.0000000234379057273415014606
00.0000000234379057273415014606
00.0000000234379057273415014606
00.0000000234379057273415014606
00.0000000234379057273415014606
00.0000000234379057273415014606
00.0000000234379057273415014606
00.0000000234379057273415014606
00.0000000234379057273415014606
00.0000000234379057273415014606
00.0000000234379057273415014606
00.0000000234379057273415014606
00.0000000234379057273415014606
00.0000000234379057273415014606
00.0000000234379057273415014606
00.0000000234379057273415014606
00.0000000234379057273415014606
00.0000000234379057273415014606
00.0000000234379057273415014606
00.0000000234379057273415014606
00.0000000234379057273415014606
00.0000000234379057273415014606
00.0000000234379057273415014606
00.0000000234379057273415014606
00.0000000234379057273415014606
00.0000000234379057273415014606
00.0000000234379057273415014606
00.0000000234379057273415014606
00.0000000234379057273415014606
00.0000000234379057273415014606
00.0000000234379057273415014606
00.0000000234379057273415014606
00.0000000234379057273415014606
00.0000000234379057273415014606
00.0000000234379057273415014606
00.0000000234379057273415014606
00.0000000234379057273415014606
00.0000000234379057273415014606
00.0000000234379057273415014606
00.0000000234379057273415014606
00.0000000234379057273415014606
00.0000000234379057273415014606
00.0000000234379057273415014606
00.0000000234379057273415014606
00.0000000234379057273415014606
00.0000000234379057273415014606
00.0000000234379057273415014606
00.0000000234379057273415014606
00.0000000234379057273415014606
00.0000000234379057273415014606
00.0000000234379057273415014606
00.0000000234379057273415014606
00.0000000234379057273415014606
00.0000000234379057273415014606
00.0000000234379057273415014606
00.0000000234379057273415014606
00.0000000234379057273415014606
00.0000000234379057273415014606
00.0000000234379057273415014606
00.0000000234379057273415014606
00.0000000234379057273415014606
00.0000000234379057273415014606
00.0000000234379057273415014606
00.0000000234379057273415014606
00.0000000234379057273415014606
00.0000000234379057273415014606
00.0000000234379057273415014606
00.0000000234379057273415014606
00.0000000234379057273415014606
00.0000000234379057273415014606
00.0000000234379057273415014606
00.0000000234379057273415014606
00.0000000234379057273415014606
00.0000000234379057273415014606
00.0000000234379057273415014606
00.0000000234379057273415014606
00.0000000234379057273415014606
00.0000000234379057273415014606
00.0000000234379057273415014606
00.0000000234379057273415014606
00.0000000234379057273415014606
00.0000000234379057273415014606
00.0000000234379057273415014606
00.0000000234379057273415014606
00.0000000234379057273415014606
00.0000000234379057273415014606
00.0000000234379057273415014606
00.0000000234379057273415014606
00.0000000234379057273415014606
00.0000000234379057273415014606
00.0000000234379057273415014606
00.0000000234379057273415014606
00.0000000234379057273415014606
00.0000000234379057273415014606
00.0000000234379057273415014606
00.0000000234379057273415014606
00.0000000234379057273415014606
00.0000000234379057273415014606
00.0000000234379057273415014606
00.0000000234379057273415014606
00.0000000234379057273415014606
00.0000000234379057273415014606
00.0000000234379057273415014606
00.0000000234379057273415014606
00.0000000234379057273415014606
00.0000000234379057273415014606
00.0000000234379057273415014606
00.0000000234379057273415014606
00.0000000234379057273415014606
00.0000000234379057273415014606
00.0000000234379057273415014606
00.0000000234379057273415014606
00.0000000234379057273415014606
00.0000000234379057273415014606
00.0000000234379057273415014606
00.0000000234379057273415014606
00.0000000234379057273415014606
00.0000000234379057273415014606
00.0000000234379057273415014606
00.0000000234379057273415014606
00.0000000234379057273415014606
00.0000000234379057273415014606
00.0000000234379057273415014606
00.0000000234379057273415014606
00.0000000234379057273415014606
00.0000000234379057273415014606
00.0000000234379057273415014606
00.0000000234379057273415014606
00.0000000234379057273415014606
00.0000000234379057273415014606
00.0000000234379057273415014606
00.0000000234379057273415014606
00.0000000234379057273415014606
00.0000000234379057273415014606
00.0000000234379057273415014606
00.0000000234379057273415014606
00.0000000234379057273415014606
00.0000000234379057273415014606
00.0000000234379057273415014606
00.0000000234379057273415014606
00.0000000234379057273415014606
00.0000000234379057273415014606
00.0000000234379057273415014606
00.0000000234379057273415014606
00.0000000234379057273415014606
00.0000000234379057273415014606
00.0000000234379057273415014606
00.0000000234379057273415014606
00.0000000234379057273415014606
00.0000000234379057273415014606
00.0000000234379057273415014606
00.0000000234379057273415014606
00.0000000234379057273415014606
00.0000000234379057273415014606
00.0000000234379057273415014606
00.0000000234379057273415014606
00.0000000234379057273415014606
00.0000000234379057273415014606
00.0000000234379057273415014606
00.0000000234379057273415014606
00.0000000234379057273415014606
00.0000000234379057273415014606
00.0000000234379057273415014606
00.0000000234379057273415014606
00.0000000234379057273415014606
00.0000000234379057273415014606
00.0000000234379057273415014606
00.0000000234379057273415014606
00.0000000234379057273415014606
00.0000000234379057273415014606
00.0000000234379057273415014606
00.0000000234379057273415014606
00.0000000234379057273415014606
00.0000000234379057273415014606
00.0000000234379057273415014606
00.0000000234379057273415014606
00.0000000234379057273415014606
00.0000000234379057273415014606
00.0000000234379057273415014606
00.0000000234379057273415014606
00.0000000234379057273415014606
00.0000000234379057273415014606
00.0000000234379057273415014606
00.0000000234379057273415014606
00.0000000234379057273415014606
00.0000000234379057273415014606
00.0000000234379057273415014606
00.0000000234379057273415014606
00.0000000234379057273415014606
00.0000000234379057273415014606
00.0000000234379057273415014606
00.0000000234379057273415014606
00.0000000234379057273415014606
00.0000000234379057273415014606
00.0000000234379057273415014606
00.0000000234379057273415014606
00.0000000234379057273415014606
00.0000000234379057273415014606
00.0000000234379057273415014606
00.0000000234379057273415014606
00.0000000234379057273415014606
00.0000000234379057273415014606
00.0000000234379057273415014606
00.0000000234379057273415014606
00.0000000234379057273415014606
00.0000000234379057273415014606
00.0000000234379057273415014606
00.0000000234379057273415014606
00.0000000234379057273415014606
00.0000000234379057273415014606
00.0000000234379057273415014606
00.0000000234379057273415014606
00.0000000234379057273415014606
00.0000000234379057273415014606
00.0000000234379057273415014606
00.0000000234379057273415014606
00.0000000234379057273415014606
00.0000000234379057273415014606
00.0000000234379057273415014606
00.0000000234379057273415014606
00.0000000234379057273415014606
00.0000000234379057273415014606
00.0000000234379057273415014606
00.0000000234379057273415014606
00.0000000234379057273415014606
00.0000000234379057273415014606
00.0000000234379057273415014606
00.0000000234379057273415014606
00.0000000234379057273415014606
00.0000000234379057273415014606
00.0000000234379057273415014606
00.0000000234379057273415014606
00.0000000234379057273415014606
00.0000000234379057273415014606
00.0000000234379057273415014606
00.0000000234379057273415014606
00.0000000234379057273415014606
00.0000000234379057273415014606
00.0000000234379057273415014606
00.0000000234379057273415014606
00.0000000234379057273415014606
00.0000000234379057273415014606
00.0000000234379057273415014606
00.0000000234379057273415014606
00.0000000234379057273415014606
00.0000000234379057273415014606
00.0000000234379057273415014606
00.0000000234379057273415014606
00.0000000234379057273415014606
00.0000000234379057273415014606
00.0000000234379057273415014606
00.0000000234379057273415014606
00.0000000234379057273415014606
00.0000000234379057273415014606
00.0000000234379057273415014606
00.0000000234379057273415014606
00.0000000234379057273415014606
00.0000000234379057273415014606
00.0000000234379057273415014606
00.0000000234379057273415014606
00.0000000234379057273415014606
00.0000000234379057273415014606
00.0000000234379057273415014606
00.0000000234379057273415014606
00.0000000234379057273415014606
00.0000000234379057273415014606
00.0000000234379057273415014606
00.0000000234379057273415014606
00.0000000234379057273415014606
00.0000000234379057273415014606
00.0000000234379057273415014606
00.0000000234379057273415014606
00.0000000234379057273415014606
00.0000000234379057273415014606
00.0000000234379057273415014606
00.0000000234379057273415014606
00.0000000234379057273415014606
00.0000000234379057273415014606
00.0000000234379057273415014606
00.0000000234379057273415014606
00.0000000234379057273415014606
00.0000000234379057273415014606
00.0000000234379057273415014606
00.0000000234379057273415014606
00.0000000234379057273415014606
00.0000000234379057273415014606
00.0000000234379057273415014606
00.0000000234379057273415014606
00.0000000234379057273415014606
00.0000000234379057273415014606
00.0000000234379057273415014606
00.0000000234379057273415014606
00.0000000234379057273415014606
00.0000000234379057273415014606
00.0000000234379057273415014606
00.0000000234379057273415014606
00.0000000234379057273415014606
00.0000000234379057273415014606
00.0000000234379057273415014606
00.0000000234379057273415014606
00.0000000234379057273415014606
00.0000000234379057273415014606
00.0000000234379057273415014606
00.0000000234379057273415014606
00.0000000234379057273415014606
00.0000000234379057273415014606
00.0000000234379057273415014606
00.0000000234379057273415014606
00.0000000234379057273415014606
00.0000000234379057273415014606
00.0000000234379057273415014606
00.0000000234379057273415014606
00.0000000234379057273415014606
00.0000000234379057273415014606
00.0000000234379057273415014606
00.0000000234379057273415014606
00.0000000234379057273415014606
00.0000000234379057273415014606
00.0000000234379057273415014606
00.0000000234379057273415014606
00.0000000234379057273415014606
00.0000000234379057273415014606
00.0000000234379057273415014606
00.0000000234379057273415014606
00.0000000234379057273415014606
00.0000000234379057273415014606
00.0000000234379057273415014606
00.0000000234379057273415014606
00.0000000234379057273415014606
00.0000000234379057273415014606
00.0000000234379057273415014606
00.0000000234379057273415014606
00.0000000234379057273415014606
00.0000000234379057273415014606
00.0000000234379057273415014606
00.0000000234379057273415014606
00.0000000234379057273415014606
00.0000000234379057273415014606
00.0000000234379057273415014606
00.0000000234379057273415014606
00.0000000234379057273415014606
00.0000000234379057273415014606
00.0000000234379057273415014606
00.0000000234379057273415014606
00.0000000234379057273415014606
00.0000000234379057273415014606
00.0000000234379057273415014606
00.0000000234379057273415014606
00.0000000234379057273415014606
00.0000000234379057273415014606
00.0000000234379057273415014606
00.0000000234379057273415014606
00.0000000234379057273415014606
00.0000000234379057273415014606
00.0000000234379057273415014606
00.0000000234379057273415014606
00.0000000234379057273415014606
00.0000000234379057273415014606
00.0000000234379057273415014606
00.0000000234379057273415014606
00.0000000234379057273415014606
00.0000000234379057273415014606
00.0000000234379057273415014606
00.0000000234379057273415014606
00.0000000234379057273415014606
00.0000000234379057273415014606
00.0000000234379057273415014606
00.0000000234379057273415014606
00.0000000234379057273415014606
00.0000000234379057273415014606
00.0000000234379057273415014606
00.0000000234379057273415014606
00.0000000234379057273415014606
00.0000000234379057273415014606
00.0000000234379057273415014606
00.0000000234379057273415014606
00.0000000234379057273415014606
00.0000000234379057273415014606
00.0000000234379057273415014606
00.0000000234379057273415014606
00.0000000234379057273415014606
00.0000000234379057273415014606
00.0000000234379057273415014606
00.0000000234379057273415014606
00.0000000234379057273415014606
00.0000000234379057273415014606
00.0000000234379057273415014606
00.0000000234379057273415014606
00.0000000234379057273415014606
00.0000000234379057273415014606
00.0000000234379057273415014606
00.0000000234379057273415014606
00.0000000234379057273415014606
00.0000000234379057273415014606
00.0000000234379057273415014606
00.0000000234379057273415014606
00.0000000234379057273415014606
00.0000000234379057273415014606
00.0000000234379057273415014606
00.0000000234379057273415014606
00.0000000234379057273415014606
00.0000000234379057273415014606
00.0000000234379057273415014606
00.0000000234379057273415014606
00.0000000234379057273415014606
00.0000000234379057273415014606
00.0000000234379057273415014606
00.0000000234379057273415014606
00.0000000234379057273415014606
00.0000000234379057273415014606
00.0000000234379057273415014606
00.0000000234379057273415014606
00.0000000234379057273415014606
00.0000000234379057273415014606
00.0000000234379057273415014606
00.0000000234379057273415014606
00.0000000234379057273415014606
00.0000000234379057273415014606
00.0000000234379057273415014606
00.0000000234379057273415014606
00.0000000234379057273415014606
00.0000000234379057273415014606
00.0000000234379057273415014606
00.0000000234379057273415014606
00.0000000234379057273415014606
00.0000000234379057273415014606
00.0000000234379057273415014606
00.0000000234379057273415014606
00.0000000234379057273415014606
00.0000000234379057273415014606
00.0000000234379057273415014606
00.0000000234379057273415014606
00.0000000234379057273415014606
00.0000000234379057273415014606
00.0000000234379057273415014606
00.0000000234379057273415014606
00.0000000234379057273415014606
00.0000000234379057273415014606
00.0000000234379057273415014606
00.0000000234379057273415014606
00.0000000234379057273415014606
00.0000000234379057273415014606
00.0000000234379057273415014606
00.0000000234379057273415014606
00.0000000234379057273415014606
00.0000000234379057273415014606
00.0000000234379057273415014606
00.0000000234379057273415014606
00.0000000234379057273415014606
00.0000000234379057273415014606
00.0000000234379057273415014606
00.0000000234379057273415014606
00.0000000234379057273415014606
00.0000000234379057273415014606
00.0000000234379057273415014606
00.0000000234379057273415014606
00.0000000234379057273415014606
00.0000000234379057273415014606
00.0000000234379057273415014606
00.0000000234379057273415014606
00.0000000234379057273415014606
00.0000000234379057273415014606
00.0000000234379057273415014606
00.0000000234379057273415014606
00.0000000234379057273415014606
00.0000000234379057273415014606
00.0000000234379057273415014606
00.0000000234379057273415014606
00.0000000234379057273415014606
00.0000000234379057273415014606
00.0000000234379057273415014606
00.0000000234379057273415014606
00.0000000234379057273415014606
00.0000000234379057273415014606
00.0000000234379057273415014606
00.0000000234379057273415014606
00.0000000234379057273415014606
00.0000000234379057273415014606
00.0000000234379057273415014606
00.0000000234379057273415014606
00.0000000234379057273415014606
00.0000000234379057273415014606
00.0000000234379057273415014606
00.0000000234379057273415014606
00.0000000234379057273415014606
00.0000000234379057273415014606
00.0000000234379057273415014606
00.0000000234379057273415014606
00.0000000234379057273415014606
00.0000000234379057273415014606
00.0000000234379057273415014606
00.0000000234379057273415014606
00.0000000234379057273415014606
00.0000000234379057273415014606
00.0000000234379057273415014606
00.0000000234379057273415014606
00.0000000234379057273415014606
00.0000000234379057273415014606
00.0000000234379057273415014606
00.0000000234379057273415014606
00.0000000234379057273415014606
00.0000000234379057273415014606
00.0000000234379057273415014606
00.0000000234379057273415014606
00.0000000234379057273415014606
00.0000000234379057273415014606
00.0000000234379057273415014606
00.0000000234379057273415014606
00.0000000234379057273415014606
00.0000000234379057273415014606
00.0000000234379057273415014606
00.0000000234379057273415014606
00.0000000234379057273415014606
00.0000000234379057273415014606
00.0000000234379057273415014606
00.0000000234379057273415014606
00.0000000234379057273415014606
00.0000000234379057273415014606
00.0000000234379057273415014606
00.0000000234379057273415014606
00.0000000234379057273415014606
00.0000000234379057273415014606
00.0000000234379057273415014606
00.0000000234379057273415014606
00.0000000234379057273415014606
00.0000000234379057273415014606
00.0000000234379057273415014606
00.0000000234379057273415014606
00.0000000234379057273415014606
00.0000000234379057273415014606
00.0000000234379057273415014606
00.0000000234379057273415014606
00.0000000234379057273415014606
00.0000000234379057273415014606
00.0000000234379057273415014606
00.0000000234379057273415014606
00.0000000234379057273415014606
00.0000000234379057273415014606
00.0000000234379057273415014606
00.0000000234379057273415014606
00.0000000234379057273415014606
00.0000000234379057273415014606
00.0000000234379057273415014606
00.0000000234379057273415014606
00.0000000234379057273415014606
00.0000000234379057273415014606
00.0000000292126759449118367229
00.0000000292126759449118367229
00.0000000292126759449118367229
00.0000000292126759449118367229
00.0000000292126759449118367229
00.0000000292126759449118367229
00.0000000292126759449118367229
00.0000000292126759449118367229
00.0000000292126759449118367229
00.0000000292126759449118367229
00.0000000292126759449118367229
00.0000000292126759449118367229
00.0000000292126759449118367229
00.0000000292126759449118367229
00.0000000292126759449118367229
00.0000000292126759449118367229
00.0000000292126759449118367229
00.0000000292126759449118367229
00.0000000292126759449118367229
00.0000000292126759449118367229
00.0000000292126759449118367229
00.0000000292126759449118367229
00.0000000292126759449118367229
00.0000000292126759449118367229
00.0000000292126759449118367229
00.0000000292126759449118367229
00.0000000292126759449118367229
00.0000000292126759449118367229
00.0000000292126759449118367229
00.0000000292126759449118367229
00.0000000292126759449118367229
00.0000000292126759449118367229
00.0000000292126759449118367229
00.0000000292126759449118367229
00.0000000292126759449118367229
00.0000000292126759449118367229
00.0000000292126759449118367229
00.0000000292126759449118367229
00.0000000292126759449118367229
00.0000000292126759449118367229
00.0000000292126759449118367229
00.0000000292126759449118367229
00.0000000292126759449118367229
00.0000000292126759449118367229
00.0000000292126759449118367229
00.0000000292126759449118367229
00.0000000292126759449118367229
00.0000000292126759449118367229
00.0000000292126759449118367229
00.0000000292126759449118367229
00.0000000292126759449118367229
00.0000000292126759449118367229
00.0000000292126759449118367229
00.0000000292126759449118367229
00.0000000292126759449118367229
00.0000000292126759449118367229
00.0000000292126759449118367229
00.0000000292126759449118367229
00.0000000292126759449118367229
00.0000000292126759449118367229
00.0000000292126759449118367229
00.0000000292126759449118367229
00.0000000292126759449118367229
00.0000000292126759449118367229
00.0000000292126759449118367229
00.0000000292126759449118367229
00.0000000292126759449118367229
00.0000000292126759449118367229
00.0000000292126759449118367229
00.0000000292126759449118367229
00.0000000292126759449118367229
00.0000000292126759449118367229
00.0000000292126759449118367229
00.0000000292126759449118367229
00.0000000292126759449118367229
00.0000000292126759449118367229
00.0000000292126759449118367229
00.0000000292126759449118367229
00.0000000292126759449118367229
00.0000000292126759449118367229
00.0000000292126759449118367229
00.0000000292126759449118367229
00.0000000292126759449118367229
00.0000000292126759449118367229
00.0000000292126759449118367229
00.0000000292126759449118367229
00.0000000292126759449118367229
00.0000000292126759449118367229
00.0000000292126759449118367229
00.0000000292126759449118367229
00.0000000292126759449118367229
00.0000000292126759449118367229
00.0000000292126759449118367229
00.0000000292126759449118367229
00.0000000292126759449118367229
00.0000000292126759449118367229
00.0000000292126759449118367229
00.0000000292126759449118367229
00.0000000292126759449118367229
00.0000000292126759449118367229
00.0000000292126759449118367229
00.0000000292126759449118367229
00.0000000292126759449118367229
00.0000000292126759449118367229
00.0000000292126759449118367229
00.0000000292126759449118367229
00.0000000292126759449118367229
00.0000000292126759449118367229
00.0000000292126759449118367229
00.0000000292126759449118367229
00.0000000292126759449118367229
00.0000000292126759449118367229
00.0000000292126759449118367229
00.0000000292126759449118367229
00.0000000292126759449118367229
00.0000000292126759449118367229
00.0000000292126759449118367229
00.0000000292126759449118367229
00.0000000292126759449118367229
00.0000000292126759449118367229
00.0000000292126759449118367229
00.0000000292126759449118367229
00.0000000292126759449118367229
00.0000000292126759449118367229
00.0000000292126759449118367229
00.0000000292126759449118367229
00.0000000292126759449118367229
00.0000000292126759449118367229
00.0000000292126759449118367229
00.0000000292126759449118367229
00.0000000292126759449118367229
00.0000000292126759449118367229
00.0000000292126759449118367229
00.0000000292126759449118367229
00.0000000292126759449118367229
00.0000000292126759449118367229
00.0000000292126759449118367229
00.0000000292126759449118367229
00.0000000292126759449118367229
00.0000000292126759449118367229
00.0000000292126759449118367229
00.0000000292126759449118367229
00.0000000292126759449118367229
00.0000000292126759449118367229
00.0000000292126759449118367229
00.0000000292126759449118367229
00.0000000292126759449118367229
00.0000000292126759449118367229
00.0000000292126759449118367229
00.0000000292126759449118367229
00.0000000292126759449118367229
00.0000000292126759449118367229
00.0000000292126759449118367229
00.0000000292126759449118367229
00.0000000292126759449118367229
00.0000000292126759449118367229
00.0000000292126759449118367229
00.0000000292126759449118367229
00.0000000292126759449118367229
00.0000000292126759449118367229
00.0000000292126759449118367229
00.0000000292126759449118367229
00.0000000292126759449118367229
00.0000000292126759449118367229
00.0000000292126759449118367229
00.0000000292126759449118367229
00.0000000292126759449118367229
00.0000000292126759449118367229
00.0000000292126759449118367229
00.0000000292126759449118367229
00.0000000292126759449118367229
00.0000000292126759449118367229
00.0000000292126759449118367229
00.0000000292126759449118367229
00.0000000292126759449118367229
00.0000000292126759449118367229
00.0000000292126759449118367229
00.0000000292126759449118367229
00.0000000292126759449118367229
00.0000000292126759449118367229
00.0000000292126759449118367229
00.0000000292126759449118367229
00.0000000292126759449118367229
00.0000000292126759449118367229
00.0000000292126759449118367229
00.0000000292126759449118367229
00.0000000292126759449118367229
00.0000000292126759449118367229
00.0000000292126759449118367229
00.0000000292126759449118367229
00.0000000292126759449118367229
00.0000000292126759449118367229
00.0000000292126759449118367229
00.0000000292126759449118367229
00.0000000292126759449118367229
00.0000000292126759449118367229
00.0000000292126759449118367229
00.0000000292126759449118367229
00.0000000292126759449118367229
00.0000000292126759449118367229
00.0000000292126759449118367229
00.0000000292126759449118367229
00.0000000292126759449118367229
00.0000000292126759449118367229
00.0000000292126759449118367229
00.0000000292126759449118367229
00.0000000292126759449118367229
00.0000000292126759449118367229
00.0000000292126759449118367229
00.0000000292126759449118367229
00.0000000292126759449118367229
00.0000000292126759449118367229
00.0000000292126759449118367229
00.0000000292126759449118367229
00.0000000292126759449118367229
00.0000000292126759449118367229
00.0000000292126759449118367229
00.0000000292126759449118367229
00.0000000292126759449118367229
00.0000000292126759449118367229
00.0000000292126759449118367229
00.0000000292126759449118367229
00.0000000292126759449118367229
00.0000000292126759449118367229
00.0000000292126759449118367229
00.0000000292126759449118367229
00.0000000292126759449118367229
00.0000000292126759449118367229
00.0000000292126759449118367229
00.0000000292126759449118367229
00.0000000292126759449118367229
00.0000000292126759449118367229
00.0000000292126759449118367229
00.0000000292126759449118367229
00.0000000292126759449118367229
00.0000000292126759449118367229
00.0000000292126759449118367229
00.0000000292126759449118367229
00.0000000292126759449118367229
00.0000000292126759449118367229
00.0000000292126759449118367229
00.0000000292126759449118367229
00.0000000292126759449118367229
00.0000000292126759449118367229
00.0000000292126759449118367229
00.0000000292126759449118367229
00.0000000292126759449118367229
00.0000000292126759449118367229
00.0000000292126759449118367229
00.0000000292126759449118367229
00.0000000292126759449118367229
00.0000000292126759449118367229
00.0000000292126759449118367229
00.0000000292126759449118367229
00.0000000292126759449118367229
00.0000000292126759449118367229
00.0000000292126759449118367229
00.0000000292126759449118367229
00.0000000292126759449118367229
00.0000000292126759449118367229
00.0000000292126759449118367229
00.0000000292126759449118367229
00.0000000292126759449118367229
00.0000000292126759449118367229
00.0000000292126759449118367229
00.0000000292126759449118367229
00.0000000292126759449118367229
00.0000000292126759449118367229
00.0000000292126759449118367229
00.0000000292126759449118367229
00.0000000292126759449118367229
00.0000000292126759449118367229
00.0000000292126759449118367229
00.0000000292126759449118367229
00.0000000292126759449118367229
00.0000000292126759449118367229
00.0000000292126759449118367229
00.0000000292126759449118367229
00.0000000292126759449118367229
00.0000000292126759449118367229
00.0000000292126759449118367229
00.0000000292126759449118367229
00.0000000292126759449118367229
00.0000000292126759449118367229
00.0000000292126759449118367229
00.0000000292126759449118367229
00.0000000292126759449118367229
00.0000000292126759449118367229
00.0000000292126759449118367229
00.0000000292126759449118367229
00.0000000292126759449118367229
00.0000000292126759449118367229
00.0000000292126759449118367229
00.0000000292126759449118367229
00.0000000292126759449118367229
00.0000000292126759449118367229
00.0000000292126759449118367229
00.0000000292126759449118367229
00.0000000292126759449118367229
00.0000000292126759449118367229
00.0000000292126759449118367229
00.0000000292126759449118367229
00.0000000292126759449118367229
00.0000000292126759449118367229
00.0000000292126759449118367229
00.0000000292126759449118367229
00.0000000292126759449118367229
00.0000000292126759449118367229
00.0000000292126759449118367229
00.0000000292126759449118367229
00.0000000292126759449118367229
00.0000000292126759449118367229
00.0000000292126759449118367229
00.0000000292126759449118367229
00.0000000292126759449118367229
00.0000000292126759449118367229
00.0000000292126759449118367229
00.0000000292126759449118367229
00.0000000292126759449118367229
00.0000000292126759449118367229
00.0000000292126759449118367229
00.0000000292126759449118367229
00.0000000292126759449118367229
00.0000000292126759449118367229
00.0000000292126759449118367229
00.0000000292126759449118367229
00.0000000292126759449118367229
00.0000000292126759449118367229
00.0000000292126759449118367229
00.0000000292126759449118367229
00.0000000292126759449118367229
00.0000000292126759449118367229
00.0000000292126759449118367229
00.0000000292126759449118367229
00.0000000292126759449118367229
00.0000000292126759449118367229
00.0000000292126759449118367229
00.0000000292126759449118367229
00.0000000292126759449118367229
00.0000000292126759449118367229
00.0000000292126759449118367229
00.0000000292126759449118367229
00.0000000292126759449118367229
00.0000000292126759449118367229
00.0000000292126759449118367229
00.0000000292126759449118367229
00.0000000292126759449118367229
00.0000000292126759449118367229
00.0000000292126759449118367229
00.0000000292126759449118367229
00.0000000292126759449118367229
00.0000000292126759449118367229
00.0000000292126759449118367229
00.0000000292126759449118367229
00.0000000292126759449118367229
00.0000000292126759449118367229
00.0000000292126759449118367229
00.0000000292126759449118367229
00.0000000292126759449118367229
00.0000000292126759449118367229
00.0000000292126759449118367229
00.0000000292126759449118367229
00.0000000292126759449118367229
00.0000000292126759449118367229
00.0000000292126759449118367229
00.0000000292126759449118367229
00.0000000292126759449118367229
00.0000000292126759449118367229
00.0000000292126759449118367229
00.0000000292126759449118367229
00.0000000292126759449118367229
00.0000000292126759449118367229
00.0000000292126759449118367229
00.0000000292126759449118367229
00.0000000292126759449118367229
00.0000000292126759449118367229
00.0000000292126759449118367229
00.0000000292126759449118367229
00.0000000292126759449118367229
00.0000000292126759449118367229
00.0000000292126759449118367229
00.0000000292126759449118367229
00.0000000292126759449118367229
00.0000000292126759449118367229
00.0000000292126759449118367229
00.0000000292126759449118367229
00.0000000292126759449118367229
00.0000000292126759449118367229
00.0000000292126759449118367229
00.0000000292126759449118367229
00.0000000292126759449118367229
00.0000000292126759449118367229
00.0000000292126759449118367229
00.0000000292126759449118367229
00.0000000292126759449118367229
00.0000000292126759449118367229
00.0000000292126759449118367229
00.0000000292126759449118367229
00.0000000292126759449118367229
00.0000000292126759449118367229
00.0000000292126759449118367229
00.0000000292126759449118367229
00.0000000292126759449118367229
00.0000000292126759449118367229
00.0000000292126759449118367229
00.0000000292126759449118367229
00.0000000292126759449118367229
00.0000000292126759449118367229
00.0000000292126759449118367229
00.0000000292126759449118367229
00.0000000292126759449118367229
00.0000000292126759449118367229
00.0000000292126759449118367229
00.0000000292126759449118367229
00.0000000292126759449118367229
00.0000000292126759449118367229
00.0000000292126759449118367229
00.0000000292126759449118367229
00.0000000292126759449118367229
00.0000000292126759449118367229
00.0000000292126759449118367229
00.0000000292126759449118367229
00.0000000292126759449118367229
00.0000000292126759449118367229
00.0000000292126759449118367229
00.0000000292126759449118367229
00.0000000292126759449118367229
00.0000000292126759449118367229
00.0000000292126759449118367229
00.0000000292126759449118367229
00.0000000292126759449118367229
00.0000000292126759449118367229
00.0000000292126759449118367229
00.0000000292126759449118367229
00.0000000292126759449118367229
00.0000000292126759449118367229
00.0000000292126759449118367229
00.0000000292126759449118367229
00.0000000292126759449118367229
00.0000000292126759449118367229
00.0000000292126759449118367229
00.0000000292126759449118367229
00.0000000292126759449118367229
00.0000000292126759449118367229
00.0000000292126759449118367229
00.0000000292126759449118367229
00.0000000292126759449118367229
00.0000000292126759449118367229
00.0000000292126759449118367229
00.0000000292126759449118367229
00.0000000292126759449118367229
00.0000000292126759449118367229
00.0000000292126759449118367229
00.0000000292126759449118367229
00.0000000292126759449118367229
00.0000000292126759449118367229
00.0000000292126759449118367229
00.0000000292126759449118367229
00.0000000292126759449118367229
00.0000000292126759449118367229
00.0000000292126759449118367229
00.0000000292126759449118367229
00.0000000292126759449118367229
00.0000000292126759449118367229
00.0000000292126759449118367229
00.0000000292126759449118367229
00.0000000292126759449118367229
00.0000000292126759449118367229
00.0000000292126759449118367229
00.0000000292126759449118367229
00.0000000292126759449118367229
00.0000000292126759449118367229
00.0000000292126759449118367229
00.0000000292126759449118367229
00.0000000292126759449118367229
00.0000000292126759449118367229
00.0000000292126759449118367229
00.0000000292126759449118367229
00.0000000292126759449118367229
00.0000000292126759449118367229
00.0000000292126759449118367229
00.0000000292126759449118367229
00.0000000292126759449118367229
00.0000000292126759449118367229
00.0000000292126759449118367229
00.0000000292126759449118367229
00.0000000292126759449118367229
00.0000000292126759449118367229
00.0000000292126759449118367229
00.0000000292126759449118367229
00.0000000292126759449118367229
00.0000000292126759449118367229
00.0000000292126759449118367229
00.0000000292126759449118367229
00.0000000292126759449118367229
00.0000000292126759449118367229
00.0000000292126759449118367229
00.0000000292126759449118367229
00.0000000292126759449118367229
00.0000000292126759449118367229
00.0000000292126759449118367229
00.0000000292126759449118367229
00.0000000292126759449118367229
00.0000000292126759449118367229
00.0000000292126759449118367229
00.0000000292126759449118367229
00.0000000292126759449118367229
00.0000000292126759449118367229
00.0000000292126759449118367229
00.0000000292126759449118367229
00.0000000292126759449118367229
00.0000000292126759449118367229
00.0000000292126759449118367229
00.0000000292126759449118367229
00.0000000292126759449118367229
00.0000000292126759449118367229
00.0000000292126759449118367229
00.0000000292126759449118367229
00.0000000292126759449118367229
00.0000000292126759449118367229
00.0000000292126759449118367229
00.0000000292126759449118367229
00.0000000292126759449118367229
00.0000000292126759449118367229
00.0000000292126759449118367229
00.0000000292126759449118367229
00.0000000292126759449118367229
00.0000000292126759449118367229
00.0000000292126759449118367229
00.0000000292126759449118367229
00.0000000292126759449118367229
00.0000000292126759449118367229
00.0000000292126759449118367229
00.0000000292126759449118367229
00.0000000292126759449118367229
00.0000000292126759449118367229
00.0000000292126759449118367229
00.0000000292126759449118367229
00.0000000292126759449118367229
00.0000000292126759449118367229
00.0000000292126759449118367229
00.0000000292126759449118367229
00.0000000292126759449118367229
00.0000000292126759449118367229
00.0000000292126759449118367229
00.0000000292126759449118367229
00.0000000292126759449118367229
00.0000000292126759449118367229
00.0000000292126759449118367229
00.0000000292126759449118367229
00.0000000292126759449118367229
00.0000000292126759449118367229
00.0000000292126759449118367229
00.0000000292126759449118367229
00.0000000292126759449118367229
00.0000000292126759449118367229
00.0000000292126759449118367229
00.0000000292126759449118367229
00.0000000292126759449118367229
00.0000000292126759449118367229
00.0000000292126759449118367229
00.0000000292126759449118367229
00.0000000292126759449118367229
00.0000000292126759449118367229
00.0000000292126759449118367229
00.0000000292126759449118367229
00.0000000292126759449118367229
00.0000000292126759449118367229
00.0000000292126759449118367229
00.0000000292126759449118367229
00.0000000292126759449118367229
00.0000000292126759449118367229
00.0000000292126759449118367229
00.0000000292126759449118367229
00.0000000292126759449118367229
00.0000000292126759449118367229
00.0000000292126759449118367229
00.0000000292126759449118367229
00.0000000292126759449118367229
00.0000000292126759449118367229
00.0000000292126759449118367229
00.0000000292126759449118367229
00.0000000292126759449118367229
00.0000000292126759449118367229
00.0000000292126759449118367229
00.0000000292126759449118367229
00.0000000292126759449118367229
00.0000000292126759449118367229
00.0000000292126759449118367229
00.0000000292126759449118367229
00.0000000292126759449118367229
00.0000000292126759449118367229
00.0000000292126759449118367229
00.0000000292126759449118367229
00.0000000292126759449118367229
00.0000000292126759449118367229
00.0000000292126759449118367229
00.0000000292126759449118367229
00.0000000292126759449118367229
00.0000000292126759449118367229
00.0000000292126759449118367229
00.0000000292126759449118367229
00.0000000292126759449118367229
00.0000000292126759449118367229
00.0000000292126759449118367229
00.0000000292126759449118367229
00.0000000292126759449118367229
00.0000000292126759449118367229
00.0000000292126759449118367229
00.0000000292126759449118367229
00.0000000292126759449118367229
00.0000000292126759449118367229
00.0000000292126759449118367229
00.0000000292126759449118367229
00.0000000292126759449118367229
00.0000000292126759449118367229
00.0000000292126759449118367229
00.0000000292126759449118367229
00.0000000292126759449118367229
00.0000000292126759449118367229
00.0000000292126759449118367229
00.0000000292126759449118367229
00.0000000292126759449118367229
00.0000000292126759449118367229
00.0000000292126759449118367229
00.0000000292126759449118367229
00.0000000292126759449118367229
00.0000000292126759449118367229
00.0000000292126759449118367229
00.0000000292126759449118367229
00.0000000292126759449118367229
00.0000000292126759449118367229
00.0000000292126759449118367229
00.0000000292126759449118367229
00.0000000292126759449118367229
00.0000000292126759449118367229
00.0000000292126759449118367229
00.0000000292126759449118367229
00.0000000292126759449118367229
00.0000000292126759449118367229
00.0000000292126759449118367229
00.0000000292126759449118367229
00.0000000292126759449118367229
00.0000000292126759449118367229
00.0000000292126759449118367229
00.0000000292126759449118367229
00.0000000292126759449118367229
00.0000000292126759449118367229
00.0000000292126759449118367229
00.0000000292126759449118367229
00.0000000292126759449118367229
00.0000000292126759449118367229
00.0000000292126759449118367229
00.0000000292126759449118367229
00.0000000292126759449118367229
00.0000000292126759449118367229
00.0000000292126759449118367229
00.0000000292126759449118367229
00.0000000292126759449118367229
00.0000000292126759449118367229
00.0000000292126759449118367229
00.0000000292126759449118367229
00.0000000292126759449118367229
00.0000000292126759449118367229
00.0000000292126759449118367229
00.0000000292126759449118367229
00.0000000292126759449118367229
00.0000000292126759449118367229
00.0000000292126759449118367229
00.0000000292126759449118367229
00.0000000292126759449118367229
00.0000000292126759449118367229
00.0000000292126759449118367229
00.0000000292126759449118367229
00.0000000292126759449118367229
00.0000000292126759449118367229
00.0000000292126759449118367229
00.0000000292126759449118367229
00.0000000292126759449118367229
00.0000000292126759449118367229
00.0000000292126759449118367229
00.0000000292126759449118367229
00.0000000292126759449118367229
00.0000000292126759449118367229
00.0000000292126759449118367229
00.0000000292126759449118367229
00.0000000292126759449118367229
00.0000000292126759449118367229
00.0000000292126759449118367229
00.0000000292126759449118367229
00.0000000292126759449118367229
00.0000000292126759449118367229
00.0000000292126759449118367229
00.0000000292126759449118367229
00.0000000292126759449118367229
00.0000000292126759449118367229
00.0000000292126759449118367229
00.0000000292126759449118367229
00.0000000292126759449118367229
00.0000000292126759449118367229
00.0000000292126759449118367229
00.0000000292126759449118367229
00.0000000292126759449118367229
00.0000000292126759449118367229
00.0000000292126759449118367229
00.0000000292126759449118367229
00.0000000292126759449118367229
00.0000000292126759449118367229
00.0000000292126759449118367229
00.0000000292126759449118367229
00.0000000292126759449118367229
00.0000000292126759449118367229
00.0000000292126759449118367229
00.0000000292126759449118367229
00.0000000292126759449118367229
00.0000000292126759449118367229
00.0000000292126759449118367229
00.0000000292126759449118367229
00.0000000292126759449118367229
00.0000000292126759449118367229
00.0000000292126759449118367229
00.0000000292126759449118367229
00.0000000292126759449118367229
00.0000000292126759449118367229
00.0000000292126759449118367229
00.0000000292126759449118367229
00.0000000292126759449118367229
00.0000000292126759449118367229
00.0000000292126759449118367229
00.0000000292126759449118367229
00.0000000292126759449118367229
00.0000000292126759449118367229
00.0000000292126759449118367229
00.0000000292126759449118367229
00.0000000292126759449118367229
00.0000000292126759449118367229
00.0000000292126759449118367229
00.0000000292126759449118367229
00.0000000292126759449118367229
00.0000000292126759449118367229
00.0000000292126759449118367229
00.0000000292126759449118367229
00.0000000292126759449118367229
00.0000000292126759449118367229
00.0000000292126759449118367229
00.0000000292126759449118367229
00.0000000292126759449118367229
00.0000000292126759449118367229
00.0000000292126759449118367229
00.0000000292126759449118367229
00.0000000292126759449118367229
00.0000000292126759449118367229
00.0000000292126759449118367229
00.0000000292126759449118367229
00.0000000292126759449118367229
00.0000000292126759449118367229
00.0000000292126759449118367229
00.0000000292126759449118367229
00.0000000292126759449118367229
00.0000000292126759449118367229
00.0000000292126759449118367229
00.0000000292126759449118367229
00.0000000292126759449118367229
00.0000000292126759449118367229
00.0000000292126759449118367229
00.0000000292126759449118367229
00.0000000292126759449118367229
00.0000000292126759449118367229
00.0000000292126759449118367229
00.0000000292126759449118367229
00.0000000292126759449118367229
00.0000000292126759449118367229
00.0000000292126759449118367229
00.0000000292126759449118367229
00.0000000292126759449118367229
00.0000000292126759449118367229
00.0000000292126759449118367229
00.0000000292126759449118367229
00.0000000292126759449118367229
00.0000000292126759449118367229
00.0000000292126759449118367229
00.0000000292126759449118367229
00.0000000292126759449118367229
00.0000000292126759449118367229
00.0000000292126759449118367229
00.0000000292126759449118367229
00.0000000292126759449118367229
00.0000000292126759449118367229
00.0000000292126759449118367229
00.0000000292126759449118367229
00.0000000292126759449118367229
00.0000000292126759449118367229
00.0000000292126759449118367229
00.0000000292126759449118367229
00.0000000292126759449118367229
00.0000000292126759449118367229
00.0000000292126759449118367229
00.0000000292126759449118367229
00.0000000292126759449118367229
00.0000000292126759449118367229
00.0000000292126759449118367229
00.0000000292126759449118367229
00.0000000292126759449118367229
00.0000000292126759449118367229
00.0000000292126759449118367229
00.0000000292126759449118367229
00.0000000292126759449118367229
00.0000000292126759449118367229
00.0000000292126759449118367229
00.0000000292126759449118367229
00.0000000292126759449118367229
00.0000000292126759449118367229
00.0000000292126759449118367229
00.0000000292126759449118367229
00.0000000292126759449118367229
00.0000000292126759449118367229
00.0000000292126759449118367229
00.0000000292126759449118367229
00.0000000292126759449118367229
00.0000000292126759449118367229
00.0000000292126759449118367229
00.0000000292126759449118367229
00.0000000292126759449118367229
00.0000000292126759449118367229
00.0000000292126759449118367229
00.0000000292126759449118367229
00.0000000292126759449118367229
00.0000000292126759449118367229
00.0000000292126759449118367229
00.0000000292126759449118367229
00.0000000292126759449118367229
00.0000000292126759449118367229
00.0000000292126759449118367229
00.0000000292126759449118367229
00.0000000292126759449118367229
00.0000000292126759449118367229
00.0000000292126759449118367229
00.0000000292126759449118367229
00.0000000292126759449118367229
00.0000000292126759449118367229
00.0000000292126759449118367229
00.0000000292126759449118367229
00.0000000292126759449118367229
00.0000000292126759449118367229
00.0000000292126759449118367229
00.0000000292126759449118367229
00.0000000292126759449118367229
00.0000000292126759449118367229
00.0000000292126759449118367229
00.0000000292126759449118367229
00.0000000292126759449118367229
00.0000000292126759449118367229
00.0000000292126759449118367229
00.0000000292126759449118367229
00.0000000292126759449118367229
00.0000000292126759449118367229
00.0000000292126759449118367229
00.0000000292126759449118367229
00.0000000292126759449118367229
00.0000000292126759449118367229
00.0000000292126759449118367229
00.0000000292126759449118367229
00.0000000292126759449118367229
00.0000000292126759449118367229
00.0000000292126759449118367229
00.0000000292126759449118367229
00.0000000292126759449118367229
00.0000000292126759449118367229
00.0000000292126759449118367229
00.0000000292126759449118367229
00.0000000292126759449118367229
00.0000000292126759449118367229
00.0000000292126759449118367229
00.0000000292126759449118367229
00.0000000292126759449118367229
00.0000000292126759449118367229
00.0000000292126759449118367229
00.0000000292126759449118367229
00.0000000292126759449118367229
00.0000000292126759449118367229
00.0000000292126759449118367229
00.0000000292126759449118367229
00.0000000292126759449118367229
00.0000000292126759449118367229
00.0000000292126759449118367229
00.0000000292126759449118367229
00.0000000292126759449118367229
00.0000000292126759449118367229
00.0000000292126759449118367229
00.0000000292126759449118367229
00.0000000292126759449118367229
00.0000000292126759449118367229
00.0000000292126759449118367229
00.0000000292126759449118367229
00.0000000292126759449118367229
00.0000000292126759449118367229
00.0000000292126759449118367229
00.0000000292126759449118367229
00.0000000292126759449118367229
00.0000000292126759449118367229
00.0000000292126759449118367229
00.0000000292126759449118367229
00.0000000292126759449118367229
00.0000000292126759449118367229
00.0000000292126759449118367229
00.0000000292126759449118367229
00.0000000292126759449118367229
00.0000000292126759449118367229
00.0000000292126759449118367229
00.0000000292126759449118367229
00.0000000292126759449118367229
00.0000000292126759449118367229
00.0000000292126759449118367229
00.0000000292126759449118367229
00.0000000292126759449118367229
00.0000000292126759449118367229
00.0000000292126759449118367229
00.0000000292126759449118367229
00.0000000292126759449118367229
00.0000000292126759449118367229
00.0000000292126759449118367229
00.0000000292126759449118367229
00.0000000292126759449118367229
00.0000000292126759449118367229
00.0000000292126759449118367229
00.0000000292126759449118367229
00.0000000292126759449118367229
00.0000000292126759449118367229
00.0000000292126759449118367229
00.0000000292126759449118367229
00.0000000292126759449118367229
00.0000000292126759449118367229
00.0000000292126759449118367229
00.0000000292126759449118367229
00.0000000292126759449118367229
00.0000000292126759449118367229
00.0000000292126759449118367229
00.0000000292126759449118367229
00.0000000292126759449118367229
00.0000000292126759449118367229
00.0000000292126759449118367229
00.0000000292126759449118367229
00.0000000292126759449118367229
00.0000000292126759449118367229
00.0000000292126759449118367229
00.0000000292126759449118367229
00.0000000292126759449118367229
00.0000000292126759449118367229
00.0000000292126759449118367229
00.0000000292126759449118367229
00.0000000292126759449118367229
00.0000000292126759449118367229
00.0000000292126759449118367229
00.0000000292126759449118367229
00.0000000292126759449118367229
00.0000000292126759449118367229
00.0000000292126759449118367229
00.0000000292126759449118367229
00.0000000292126759449118367229
00.0000000292126759449118367229
00.0000000292126759449118367229
00.0000000292126759449118367229
00.0000000292126759449118367229
00.0000000292126759449118367229
00.0000000292126759449118367229
00.0000000292126759449118367229
00.0000000292126759449118367229
00.0000000292126759449118367229
00.0000000292126759449118367229
00.0000000292126759449118367229
00.0000000292126759449118367229
00.0000000292126759449118367229
00.0000000292126759449118367229
00.0000000292126759449118367229
00.0000000292126759449118367229
00.0000000292126759449118367229
00.0000000292126759449118367229
00.0000000292126759449118367229
00.0000000292126759449118367229
00.0000000292126759449118367229
00.0000000292126759449118367229
00.0000000292126759449118367229
00.0000000292126759449118367229
00.0000000292126759449118367229
00.0000000292126759449118367229
00.0000000292126759449118367229
00.0000000292126759449118367229
00.0000000292126759449118367229
00.0000000292126759449118367229
00.0000000292126759449118367229
00.0000000292126759449118367229
00.0000000292126759449118367229
00.0000000292126759449118367229
00.0000000292126759449118367229
00.0000000292126759449118367229
00.0000000292126759449118367229
00.0000000292126759449118367229
00.0000000292126759449118367229
00.0000000292126759449118367229
00.0000000292126759449118367229
00.0000000240935089657057233126
00.0000000240935089657057233126
00.0000000240935089657057233126
00.0000000240935089657057233126
00.0000000240935089657057233126
00.0000000240935089657057233126
00.0000000240935089657057233126
00.0000000240935089657057233126
00.0000000240935089657057233126
00.0000000240935089657057233126
00.0000000240935089657057233126
00.0000000240935089657057233126
00.0000000240935089657057233126
00.0000000240935089657057233126
00.0000000240935089657057233126
00.0000000240935089657057233126
00.0000000240935089657057233126
00.0000000240935089657057233126
00.0000000240935089657057233126
00.0000000240935089657057233126
00.0000000240935089657057233126
00.0000000240935089657057233126
00.0000000240935089657057233126
00.0000000240935089657057233126
00.0000000240935089657057233126
00.0000000240935089657057233126
00.0000000240935089657057233126
00.0000000240935089657057233126
00.0000000240935089657057233126
00.0000000240935089657057233126
00.0000000240935089657057233126
00.0000000240935089657057233126
00.0000000240935089657057233126
00.0000000240935089657057233126
00.0000000240935089657057233126
00.0000000240935089657057233126
00.0000000240935089657057233126
00.0000000240935089657057233126
00.0000000240935089657057233126
00.0000000240935089657057233126
00.0000000240935089657057233126
00.0000000240935089657057233126
00.0000000240935089657057233126
00.0000000240935089657057233126
00.0000000240935089657057233126
00.0000000240935089657057233126
00.0000000240935089657057233126
00.0000000240935089657057233126
00.0000000240935089657057233126
00.0000000240935089657057233126
00.0000000240935089657057233126
00.0000000240935089657057233126
00.0000000240935089657057233126
00.0000000240935089657057233126
00.0000000240935089657057233126
00.0000000240935089657057233126
00.0000000240935089657057233126
00.0000000240935089657057233126
00.0000000240935089657057233126
00.0000000240935089657057233126
00.0000000240935089657057233126
00.0000000240935089657057233126
00.0000000240935089657057233126
00.0000000240935089657057233126
00.0000000240935089657057233126
00.0000000240935089657057233126
00.0000000240935089657057233126
00.0000000240935089657057233126
00.0000000240935089657057233126
00.0000000240935089657057233126
00.0000000240935089657057233126
00.0000000240935089657057233126
00.0000000240935089657057233126
00.0000000240935089657057233126
00.0000000240935089657057233126
00.0000000240935089657057233126
00.0000000240935089657057233126
00.0000000240935089657057233126
00.0000000240935089657057233126
00.0000000240935089657057233126
00.0000000240935089657057233126
00.0000000240935089657057233126
00.0000000240935089657057233126
00.0000000240935089657057233126
00.0000000240935089657057233126
00.0000000240935089657057233126
00.0000000240935089657057233126
00.0000000240935089657057233126
00.0000000240935089657057233126
00.0000000240935089657057233126
00.0000000240935089657057233126
00.0000000240935089657057233126
00.0000000240935089657057233126
00.0000000240935089657057233126
00.0000000240935089657057233126
00.0000000240935089657057233126
00.0000000240935089657057233126
00.0000000240935089657057233126
00.0000000240935089657057233126
00.0000000240935089657057233126
00.0000000240935089657057233126
00.0000000240935089657057233126
00.0000000240935089657057233126
00.0000000240935089657057233126
00.0000000240935089657057233126
00.0000000240935089657057233126
00.0000000240935089657057233126
00.0000000240935089657057233126
00.0000000240935089657057233126
00.0000000240935089657057233126
00.0000000240935089657057233126
00.0000000240935089657057233126
00.0000000240935089657057233126
00.0000000240935089657057233126
00.0000000240935089657057233126
00.0000000240935089657057233126
00.0000000240935089657057233126
00.0000000240935089657057233126
00.0000000240935089657057233126
00.0000000240935089657057233126
00.0000000240935089657057233126
00.0000000240935089657057233126
00.0000000240935089657057233126
00.0000000240935089657057233126
00.0000000240935089657057233126
00.0000000240935089657057233126
00.0000000240935089657057233126
00.0000000240935089657057233126
00.0000000240935089657057233126
00.0000000240935089657057233126
00.0000000240935089657057233126
00.0000000240935089657057233126
00.0000000240935089657057233126
00.0000000240935089657057233126
00.0000000240935089657057233126
00.0000000240935089657057233126
00.0000000240935089657057233126
00.0000000240935089657057233126
00.0000000240935089657057233126
00.0000000240935089657057233126
00.0000000240935089657057233126
00.0000000240935089657057233126
00.0000000240935089657057233126
00.0000000240935089657057233126
00.0000000240935089657057233126
00.0000000240935089657057233126
00.0000000240935089657057233126
00.0000000240935089657057233126
00.0000000240935089657057233126
00.0000000240935089657057233126
00.0000000240935089657057233126
00.0000000240935089657057233126
00.0000000240935089657057233126
00.0000000240935089657057233126
00.0000000240935089657057233126
00.0000000240935089657057233126
00.0000000240935089657057233126
00.0000000240935089657057233126
00.0000000240935089657057233126
00.0000000240935089657057233126
00.0000000240935089657057233126
00.0000000240935089657057233126
00.0000000240935089657057233126
00.0000000240935089657057233126
00.0000000240935089657057233126
00.0000000240935089657057233126
00.0000000240935089657057233126
00.0000000240935089657057233126
00.0000000240935089657057233126
00.0000000240935089657057233126
00.0000000240935089657057233126
00.0000000240935089657057233126
00.0000000240935089657057233126
00.0000000240935089657057233126
00.0000000240935089657057233126
00.0000000240935089657057233126
00.0000000240935089657057233126
00.0000000240935089657057233126
00.0000000240935089657057233126
00.0000000240935089657057233126
00.0000000240935089657057233126
00.0000000240935089657057233126
00.0000000240935089657057233126
00.0000000240935089657057233126
00.0000000240935089657057233126
00.0000000240935089657057233126
00.0000000240935089657057233126
00.0000000240935089657057233126
00.0000000240935089657057233126
00.0000000240935089657057233126
00.0000000240935089657057233126
00.0000000240935089657057233126
00.0000000240935089657057233126
00.0000000240935089657057233126
00.0000000240935089657057233126
00.0000000240935089657057233126
00.0000000240935089657057233126
00.0000000240935089657057233126
00.0000000240935089657057233126
00.0000000240935089657057233126
00.0000000240935089657057233126
00.0000000240935089657057233126
00.0000000240935089657057233126
00.0000000240935089657057233126
00.0000000240935089657057233126
00.0000000240935089657057233126
00.0000000240935089657057233126
00.0000000240935089657057233126
00.0000000240935089657057233126
00.0000000240935089657057233126
00.0000000240935089657057233126
00.0000000240935089657057233126
00.0000000240935089657057233126
00.0000000240935089657057233126
00.0000000240935089657057233126
00.0000000240935089657057233126
00.0000000240935089657057233126
00.0000000240935089657057233126
00.0000000240935089657057233126
00.0000000240935089657057233126
00.0000000240935089657057233126
00.0000000240935089657057233126
00.0000000240935089657057233126
00.0000000240935089657057233126
00.0000000240935089657057233126
00.0000000240935089657057233126
00.0000000240935089657057233126
00.0000000240935089657057233126
00.0000000240935089657057233126
00.0000000240935089657057233126
00.0000000240935089657057233126
00.0000000240935089657057233126
00.0000000240935089657057233126
00.0000000240935089657057233126
00.0000000240935089657057233126
00.0000000240935089657057233126
00.0000000240935089657057233126
00.0000000240935089657057233126
00.0000000240935089657057233126
00.0000000240935089657057233126
00.0000000240935089657057233126
00.0000000240935089657057233126
00.0000000240935089657057233126
00.0000000240935089657057233126
00.0000000240935089657057233126
00.0000000240935089657057233126
00.0000000240935089657057233126
00.0000000240935089657057233126
00.0000000240935089657057233126
00.0000000240935089657057233126
00.0000000240935089657057233126
00.0000000240935089657057233126
00.0000000240935089657057233126
00.0000000240935089657057233126
00.0000000240935089657057233126
00.0000000240935089657057233126
00.0000000240935089657057233126
00.0000000240935089657057233126
00.0000000240935089657057233126
00.0000000240935089657057233126
00.0000000240935089657057233126
00.0000000240935089657057233126
00.0000000240935089657057233126
00.0000000240935089657057233126
00.0000000240935089657057233126
00.0000000240935089657057233126
00.0000000240935089657057233126
00.0000000240935089657057233126
00.0000000240935089657057233126
00.0000000240935089657057233126
00.0000000240935089657057233126
00.0000000240935089657057233126
00.0000000240935089657057233126
00.0000000240935089657057233126
00.0000000240935089657057233126
00.0000000240935089657057233126
00.0000000240935089657057233126
00.0000000240935089657057233126
00.0000000240935089657057233126
00.0000000240935089657057233126
00.0000000240935089657057233126
00.0000000240935089657057233126
00.0000000240935089657057233126
00.0000000240935089657057233126
00.0000000240935089657057233126
00.0000000240935089657057233126
00.0000000240935089657057233126
00.0000000240935089657057233126
00.0000000240935089657057233126
00.0000000240935089657057233126
00.0000000240935089657057233126
00.0000000240935089657057233126
00.0000000240935089657057233126
00.0000000240935089657057233126
00.0000000240935089657057233126
00.0000000240935089657057233126
00.0000000240935089657057233126
00.0000000240935089657057233126
00.0000000240935089657057233126
00.0000000240935089657057233126
00.0000000240935089657057233126
00.0000000240935089657057233126
00.0000000240935089657057233126
00.0000000240935089657057233126
00.0000000240935089657057233126
00.0000000240935089657057233126
00.0000000240935089657057233126
00.0000000240935089657057233126
00.0000000240935089657057233126
00.0000000240935089657057233126
00.0000000240935089657057233126
00.0000000240935089657057233126
00.0000000240935089657057233126
00.0000000240935089657057233126
00.0000000240935089657057233126
00.0000000240935089657057233126
00.0000000240935089657057233126
00.0000000240935089657057233126
00.0000000240935089657057233126
00.0000000240935089657057233126
00.0000000240935089657057233126
00.0000000240935089657057233126
00.0000000240935089657057233126
00.0000000240935089657057233126
00.0000000240935089657057233126
00.0000000240935089657057233126
00.0000000240935089657057233126
00.0000000240935089657057233126
00.0000000240935089657057233126
00.0000000240935089657057233126
00.0000000240935089657057233126
00.0000000240935089657057233126
00.0000000240935089657057233126
00.0000000240935089657057233126
00.0000000240935089657057233126
00.0000000240935089657057233126
00.0000000240935089657057233126
00.0000000240935089657057233126
00.0000000240935089657057233126
00.0000000240935089657057233126
00.0000000240935089657057233126
00.0000000240935089657057233126
00.0000000240935089657057233126
00.0000000240935089657057233126
00.0000000240935089657057233126
00.0000000240935089657057233126
00.0000000240935089657057233126
00.0000000240935089657057233126
00.0000000240935089657057233126
00.0000000240935089657057233126
00.0000000240935089657057233126
00.0000000240935089657057233126
00.0000000240935089657057233126
00.0000000240935089657057233126
00.0000000240935089657057233126
00.0000000240935089657057233126
00.0000000240935089657057233126
00.0000000240935089657057233126
00.0000000240935089657057233126
00.0000000240935089657057233126
00.0000000240935089657057233126
00.0000000240935089657057233126
00.0000000240935089657057233126
00.0000000240935089657057233126
00.0000000240935089657057233126
00.0000000240935089657057233126
00.0000000240935089657057233126
00.0000000240935089657057233126
00.0000000240935089657057233126
00.0000000240935089657057233126
00.0000000240935089657057233126
00.0000000240935089657057233126
00.0000000240935089657057233126
00.0000000240935089657057233126
00.0000000240935089657057233126
00.0000000240935089657057233126
00.0000000240935089657057233126
00.0000000240935089657057233126
00.0000000240935089657057233126
00.0000000240935089657057233126
00.0000000240935089657057233126
00.0000000240935089657057233126
00.0000000240935089657057233126
00.0000000240935089657057233126
00.0000000240935089657057233126
00.0000000240935089657057233126
00.0000000240935089657057233126
00.0000000240935089657057233126
00.0000000240935089657057233126
00.0000000240935089657057233126
00.0000000240935089657057233126
00.0000000240935089657057233126
00.0000000240935089657057233126
00.0000000240935089657057233126
00.0000000240935089657057233126
00.0000000240935089657057233126
00.0000000240935089657057233126
00.0000000240935089657057233126
00.0000000240935089657057233126
00.0000000240935089657057233126
00.0000000240935089657057233126
00.0000000240935089657057233126
00.0000000240935089657057233126
00.0000000240935089657057233126
00.0000000240935089657057233126
00.0000000240935089657057233126
00.0000000240935089657057233126
00.0000000240935089657057233126
00.0000000240935089657057233126
00.0000000240935089657057233126
00.0000000240935089657057233126
00.0000000240935089657057233126
00.0000000240935089657057233126
00.0000000240935089657057233126
00.0000000240935089657057233126
00.0000000240935089657057233126
00.0000000240935089657057233126
00.0000000240935089657057233126
00.0000000240935089657057233126
00.0000000240935089657057233126
00.0000000240935089657057233126
00.0000000240935089657057233126
00.0000000240935089657057233126
00.0000000240935089657057233126
00.0000000240935089657057233126
00.0000000240935089657057233126
00.0000000240935089657057233126
00.0000000240935089657057233126
00.0000000240935089657057233126
00.0000000240935089657057233126
00.0000000240935089657057233126
00.0000000240935089657057233126
00.0000000240935089657057233126
00.0000000240935089657057233126
00.0000000240935089657057233126
00.0000000240935089657057233126
00.0000000240935089657057233126
00.0000000240935089657057233126
00.0000000240935089657057233126
00.0000000240935089657057233126
00.0000000240935089657057233126
00.0000000240935089657057233126
00.0000000240935089657057233126
00.0000000240935089657057233126
00.0000000240935089657057233126
00.0000000240935089657057233126
00.0000000240935089657057233126
00.0000000240935089657057233126
00.0000000240935089657057233126
00.0000000240935089657057233126
00.0000000240935089657057233126
00.0000000240935089657057233126
00.0000000240935089657057233126
00.0000000240935089657057233126
00.0000000240935089657057233126
00.0000000240935089657057233126
00.0000000240935089657057233126
00.0000000240935089657057233126
00.0000000240935089657057233126
00.0000000240935089657057233126
00.0000000240935089657057233126
00.0000000240935089657057233126
00.0000000240935089657057233126
00.0000000240935089657057233126
00.0000000240935089657057233126
00.0000000240935089657057233126
00.0000000240935089657057233126
00.0000000240935089657057233126
00.0000000240935089657057233126
00.0000000240935089657057233126
00.0000000240935089657057233126
00.0000000240935089657057233126
00.0000000240935089657057233126
00.0000000240935089657057233126
00.0000000240935089657057233126
00.0000000240935089657057233126
00.0000000240935089657057233126
00.0000000240935089657057233126
00.0000000240935089657057233126
00.0000000240935089657057233126
00.0000000240935089657057233126
00.0000000240935089657057233126
00.0000000240935089657057233126
00.0000000240935089657057233126
00.0000000240935089657057233126
00.0000000240935089657057233126
00.0000000240935089657057233126
00.0000000240935089657057233126
00.0000000240935089657057233126
00.0000000240935089657057233126
00.0000000240935089657057233126
00.0000000240935089657057233126
00.0000000240935089657057233126
00.0000000240935089657057233126
00.0000000240935089657057233126
00.0000000240935089657057233126
00.0000000240935089657057233126
00.0000000240935089657057233126
00.0000000240935089657057233126
00.0000000240935089657057233126
00.0000000240935089657057233126
00.0000000240935089657057233126
00.0000000240935089657057233126
00.0000000240935089657057233126
00.0000000240935089657057233126
00.0000000240935089657057233126
00.0000000240935089657057233126
00.0000000240935089657057233126
00.0000000240935089657057233126
00.0000000240935089657057233126
00.0000000240935089657057233126
00.0000000240935089657057233126
00.0000000240935089657057233126
00.0000000240935089657057233126
00.0000000240935089657057233126
00.0000000240935089657057233126
00.0000000240935089657057233126
00.0000000240935089657057233126
00.0000000240935089657057233126
00.0000000240935089657057233126
00.0000000240935089657057233126
00.0000000240935089657057233126
00.0000000240935089657057233126
00.0000000240935089657057233126
00.0000000240935089657057233126
00.0000000240935089657057233126
00.0000000240935089657057233126
00.0000000240935089657057233126
00.0000000240935089657057233126
00.0000000240935089657057233126
00.0000000240935089657057233126
00.0000000240935089657057233126
00.0000000240935089657057233126
00.0000000240935089657057233126
00.0000000240935089657057233126
00.0000000240935089657057233126
00.0000000240935089657057233126
00.0000000240935089657057233126
00.0000000240935089657057233126
00.0000000240935089657057233126
00.0000000240935089657057233126
00.0000000240935089657057233126
00.0000000240935089657057233126
00.0000000240935089657057233126
00.0000000240935089657057233126
00.0000000240935089657057233126
00.0000000240935089657057233126
00.0000000240935089657057233126
00.0000000240935089657057233126
00.0000000240935089657057233126
00.0000000240935089657057233126
00.0000000240935089657057233126
00.0000000240935089657057233126
00.0000000240935089657057233126
00.0000000240935089657057233126
00.0000000240935089657057233126
00.0000000240935089657057233126
00.0000000240935089657057233126
00.0000000240935089657057233126
00.0000000240935089657057233126
00.0000000240935089657057233126
00.0000000240935089657057233126
00.0000000240935089657057233126
00.0000000240935089657057233126
00.0000000240935089657057233126
00.0000000240935089657057233126
00.0000000240935089657057233126
00.0000000240935089657057233126
00.0000000240935089657057233126
00.0000000240935089657057233126
00.0000000240935089657057233126
00.0000000240935089657057233126
00.0000000240935089657057233126
00.0000000240935089657057233126
00.0000000240935089657057233126
00.0000000240935089657057233126
00.0000000240935089657057233126
00.0000000240935089657057233126
00.0000000240935089657057233126
00.0000000240935089657057233126
00.0000000240935089657057233126
00.0000000240935089657057233126
00.0000000240935089657057233126
00.0000000240935089657057233126
00.0000000240935089657057233126
00.0000000240935089657057233126
00.0000000240935089657057233126
00.0000000240935089657057233126
00.0000000240935089657057233126
00.0000000240935089657057233126
00.0000000240935089657057233126
00.0000000240935089657057233126
00.0000000240935089657057233126
00.0000000240935089657057233126
00.0000000240935089657057233126
00.0000000240935089657057233126
00.0000000240935089657057233126
00.0000000240935089657057233126
00.0000000240935089657057233126
00.0000000240935089657057233126
00.0000000240935089657057233126
00.0000000240935089657057233126
00.0000000240935089657057233126
00.0000000240935089657057233126
00.0000000240935089657057233126
00.0000000240935089657057233126
00.0000000240935089657057233126
00.0000000240935089657057233126
00.0000000240935089657057233126
00.0000000240935089657057233126
00.0000000240935089657057233126
00.0000000240935089657057233126
00.0000000240935089657057233126
00.0000000240935089657057233126
00.0000000240935089657057233126
00.0000000240935089657057233126
00.0000000240935089657057233126
00.0000000240935089657057233126
00.0000000240935089657057233126
00.0000000240935089657057233126
00.0000000240935089657057233126
00.0000000240935089657057233126
00.0000000240935089657057233126
00.0000000240935089657057233126
00.0000000240935089657057233126
00.0000000240935089657057233126
00.0000000240935089657057233126
00.0000000240935089657057233126
00.0000000240935089657057233126
00.0000000240935089657057233126
00.0000000240935089657057233126
00.0000000240935089657057233126
00.0000000240935089657057233126
00.0000000240935089657057233126
00.0000000240935089657057233126
00.0000000240935089657057233126
00.0000000240935089657057233126
00.0000000240935089657057233126
00.0000000240935089657057233126
00.0000000240935089657057233126
00.0000000240935089657057233126
00.0000000240935089657057233126
00.0000000240935089657057233126
00.0000000240935089657057233126
00.0000000240935089657057233126
00.0000000240935089657057233126
00.0000000240935089657057233126
00.0000000240935089657057233126
00.0000000240935089657057233126
00.0000000240935089657057233126
00.0000000240935089657057233126
00.0000000240935089657057233126
00.0000000240935089657057233126
00.0000000240935089657057233126
00.0000000240935089657057233126
00.0000000240935089657057233126
00.0000000240935089657057233126
00.0000000240935089657057233126
00.0000000240935089657057233126
00.0000000240935089657057233126
00.0000000240935089657057233126
00.0000000240935089657057233126
00.0000000240935089657057233126
00.0000000240935089657057233126
00.0000000240935089657057233126
00.0000000240935089657057233126
00.0000000240935089657057233126
00.0000000240935089657057233126
00.0000000240935089657057233126
00.0000000240935089657057233126
00.0000000240935089657057233126
00.0000000240935089657057233126
00.0000000240935089657057233126
00.0000000240935089657057233126
00.0000000240935089657057233126
00.0000000240935089657057233126
00.0000000240935089657057233126
00.0000000240935089657057233126
00.0000000240935089657057233126
00.0000000240935089657057233126
00.0000000240935089657057233126
00.0000000240935089657057233126
00.0000000240935089657057233126
00.0000000240935089657057233126
00.0000000240935089657057233126
00.0000000240935089657057233126
00.0000000240935089657057233126
00.0000000240935089657057233126
00.0000000240935089657057233126
00.0000000240935089657057233126
00.0000000240935089657057233126
00.0000000240935089657057233126
00.0000000240935089657057233126
00.0000000240935089657057233126
00.0000000240935089657057233126
00.0000000240935089657057233126
00.0000000240935089657057233126
00.0000000240935089657057233126
00.0000000240935089657057233126
00.0000000240935089657057233126
00.0000000240935089657057233126
00.0000000240935089657057233126
00.0000000240935089657057233126
00.0000000240935089657057233126
00.0000000240935089657057233126
00.0000000240935089657057233126
00.0000000240935089657057233126
00.0000000240935089657057233126
00.0000000240935089657057233126
00.0000000240935089657057233126
00.0000000240935089657057233126
00.0000000240935089657057233126
00.0000000240935089657057233126
00.0000000240935089657057233126
00.0000000240935089657057233126
00.0000000240935089657057233126
00.0000000240935089657057233126
00.0000000240935089657057233126
00.0000000240935089657057233126
00.0000000240935089657057233126
00.0000000240935089657057233126
00.0000000240935089657057233126
00.0000000240935089657057233126
00.0000000240935089657057233126
00.0000000240935089657057233126
00.0000000240935089657057233126
00.0000000240935089657057233126
00.0000000240935089657057233126
00.0000000240935089657057233126
00.0000000240935089657057233126
00.0000000240935089657057233126
00.0000000240935089657057233126
00.0000000240935089657057233126
00.0000000240935089657057233126
00.0000000240935089657057233126
00.0000000240935089657057233126
00.0000000240935089657057233126
00.0000000240935089657057233126
00.0000000240935089657057233126
00.0000000240935089657057233126
00.0000000240935089657057233126
00.0000000240935089657057233126
00.0000000240935089657057233126
00.0000000240935089657057233126
00.0000000240935089657057233126
00.0000000240935089657057233126
00.0000000240935089657057233126
00.0000000240935089657057233126
00.0000000240935089657057233126
00.0000000240935089657057233126
00.0000000240935089657057233126
00.0000000240935089657057233126
00.0000000240935089657057233126
00.0000000240935089657057233126
00.0000000240935089657057233126
00.0000000240935089657057233126
00.0000000240935089657057233126
00.0000000240935089657057233126
00.0000000240935089657057233126
00.0000000240935089657057233126
00.0000000240935089657057233126
00.0000000240935089657057233126
00.0000000240935089657057233126
00.0000000240935089657057233126
00.0000000240935089657057233126
00.0000000240935089657057233126
00.0000000240935089657057233126
00.0000000240935089657057233126
00.0000000240935089657057233126
00.0000000240935089657057233126
00.0000000240935089657057233126
00.0000000240935089657057233126
00.0000000240935089657057233126
00.0000000240935089657057233126
00.0000000240935089657057233126
00.0000000240935089657057233126
00.0000000240935089657057233126
00.0000000240935089657057233126
00.0000000240935089657057233126
00.0000000240935089657057233126
00.0000000240935089657057233126
00.0000000240935089657057233126
00.0000000240935089657057233126
00.0000000240935089657057233126
00.0000000240935089657057233126
00.0000000240935089657057233126
00.0000000240935089657057233126
00.0000000240935089657057233126
00.0000000240935089657057233126
00.0000000240935089657057233126
00.0000000240935089657057233126
00.0000000240935089657057233126
00.0000000240935089657057233126
00.0000000240935089657057233126
00.0000000240935089657057233126
00.0000000240935089657057233126
00.0000000240935089657057233126
00.0000000240935089657057233126
00.0000000240935089657057233126
00.0000000240935089657057233126
00.0000000240935089657057233126
00.0000000240935089657057233126
00.0000000240935089657057233126
00.0000000240935089657057233126
00.0000000240935089657057233126
00.0000000240935089657057233126
00.0000000240935089657057233126
00.0000000240935089657057233126
00.0000000240935089657057233126
00.0000000240935089657057233126
00.0000000240935089657057233126
00.0000000240935089657057233126
00.0000000240935089657057233126
00.0000000240935089657057233126
00.0000000240935089657057233126
00.0000000240935089657057233126
00.0000000240935089657057233126
00.0000000240935089657057233126
00.0000000240935089657057233126
00.0000000240935089657057233126
00.0000000240935089657057233126
00.0000000240935089657057233126
00.0000000240935089657057233126
00.0000000240935089657057233126
00.0000000240935089657057233126
00.0000000240935089657057233126
00.0000000240935089657057233126
00.0000000240935089657057233126
00.0000000240935089657057233126
00.0000000240935089657057233126
00.0000000240935089657057233126
00.0000000240935089657057233126
00.0000000240935089657057233126
00.0000000240935089657057233126
00.0000000240935089657057233126
00.0000000240935089657057233126
00.0000000240935089657057233126
00.0000000240935089657057233126
00.0000000240935089657057233126
00.0000000240935089657057233126
00.0000000240935089657057233126
00.0000000240935089657057233126
00.0000000240935089657057233126
00.0000000240935089657057233126
00.0000000240935089657057233126
00.0000000240935089657057233126
00.0000000240935089657057233126
00.0000000240935089657057233126
00.0000000240935089657057233126
00.0000000240935089657057233126
00.0000000240935089657057233126
00.0000000240935089657057233126
00.0000000240935089657057233126
00.0000000240935089657057233126
00.0000000240935089657057233126
00.0000000240935089657057233126
00.0000000240935089657057233126
00.0000000240935089657057233126
00.0000000240935089657057233126
00.0000000240935089657057233126
00.0000000240935089657057233126
00.0000000240935089657057233126
00.0000000240935089657057233126
00.0000000240935089657057233126
00.0000000240935089657057233126
00.0000000240935089657057233126
00.0000000240935089657057233126
00.0000000240935089657057233126
00.0000000240935089657057233126
00.0000000240935089657057233126
00.0000000240935089657057233126
00.0000000240935089657057233126
00.0000000240935089657057233126
00.0000000240935089657057233126
00.0000000240935089657057233126
00.0000000240935089657057233126
00.0000000240935089657057233126
00.0000000240935089657057233126
00.0000000240935089657057233126
00.0000000240935089657057233126
00.0000000240935089657057233126
00.0000000240935089657057233126
00.0000000240935089657057233126
00.0000000240935089657057233126
00.0000000240935089657057233126
00.0000000240935089657057233126
00.0000000240935089657057233126
00.0000000240935089657057233126
00.0000000240935089657057233126
00.0000000240935089657057233126
00.0000000240935089657057233126
00.0000000240935089657057233126
00.0000000240935089657057233126
00.0000000240935089657057233126
00.0000000240935089657057233126
00.0000000240935089657057233126
00.0000000240935089657057233126
00.0000000240935089657057233126
00.0000000240935089657057233126
00.0000000240935089657057233126
00.0000000240935089657057233126
00.0000000240935089657057233126
00.0000000240935089657057233126
00.0000000240935089657057233126
00.0000000240935089657057233126
00.0000000240935089657057233126
00.0000000240935089657057233126
00.0000000240935089657057233126
00.0000000240935089657057233126
00.0000000240935089657057233126
00.0000000240935089657057233126
00.0000000240935089657057233126
00.0000000240935089657057233126
00.0000000240935089657057233126
00.0000000240935089657057233126
00.0000000240935089657057233126
00.0000000240935089657057233126
00.0000000240935089657057233126
00.0000000240935089657057233126
00.0000000240935089657057233126
00.0000000240935089657057233126
00.0000000240935089657057233126
00.0000000240935089657057233126
00.0000000240935089657057233126
00.0000000240935089657057233126
00.0000000240935089657057233126
00.0000000240935089657057233126
00.0000000240935089657057233126
00.0000000240935089657057233126
00.0000000240935089657057233126
00.0000000240935089657057233126
00.0000000240935089657057233126
00.0000000240935089657057233126
00.0000000240935089657057233126
00.0000000240935089657057233126
00.0000000240935089657057233126
00.0000000240935089657057233126
00.0000000240935089657057233126
00.0000000240935089657057233126
00.0000000240935089657057233126
00.0000000240935089657057233126
00.0000000240935089657057233126
00.0000000240935089657057233126
00.0000000240935089657057233126
00.0000000240935089657057233126
00.0000000240935089657057233126
00.0000000240935089657057233126
00.0000000240935089657057233126
00.0000000240935089657057233126
00.0000000240935089657057233126
00.0000000240935089657057233126
00.0000000240935089657057233126
00.0000000240935089657057233126
00.0000000240935089657057233126
00.0000000240935089657057233126
00.0000000240935089657057233126
00.0000000240935089657057233126
00.0000000240935089657057233126
00.0000000240935089657057233126
00.0000000240935089657057233126
00.0000000240935089657057233126
00.0000000240935089657057233126
00.0000000240935089657057233126
00.0000000240935089657057233126
00.0000000240935089657057233126
00.0000000240935089657057233126
00.0000000240935089657057233126
00.0000000240935089657057233126
00.0000000240935089657057233126
00.0000000240935089657057233126
00.0000000240935089657057233126
00.0000000240935089657057233126
00.0000000240935089657057233126
00.0000000240935089657057233126
00.0000000240935089657057233126
00.0000000240935089657057233126
00.0000000240935089657057233126
00.0000000240935089657057233126
00.0000000240935089657057233126
00.0000000240935089657057233126
00.0000000240935089657057233126
00.0000000240935089657057233126
00.0000000240935089657057233126
00.0000000240935089657057233126
00.0000000240935089657057233126
00.0000000240935089657057233126
00.0000000240935089657057233126
00.0000000240935089657057233126
00.0000000240935089657057233126
00.0000000240935089657057233126
00.0000000240935089657057233126
00.0000000240935089657057233126
00.0000000240935089657057233126
00.0000000240935089657057233126
00.0000000240935089657057233126
00.0000000240935089657057233126
00.0000000240935089657057233126
00.0000000240935089657057233126
00.0000000240935089657057233126
00.0000000240935089657057233126
00.0000000240935089657057233126
00.0000000240935089657057233126
00.0000000240935089657057233126
00.0000000240935089657057233126
00.0000000240935089657057233126
00.0000000240935089657057233126
00.0000000240935089657057233126
00.0000000240935089657057233126
00.0000000240935089657057233126
00.0000000240935089657057233126
00.0000000240935089657057233126
00.0000000240935089657057233126
00.0000000240935089657057233126
00.0000000240935089657057233126
00.0000000240935089657057233126
00.0000000240935089657057233126
00.0000000240935089657057233126
00.0000000240935089657057233126
00.0000000240935089657057233126
00.0000000240935089657057233126
00.0000000240935089657057233126
00.0000000240935089657057233126
00.0000000240935089657057233126
00.0000000240935089657057233126
00.0000000240935089657057233126
00.0000000240935089657057233126
00.0000000240935089657057233126
00.0000000240935089657057233126
00.0000000240935089657057233126
00.0000000240935089657057233126
00.0000000240935089657057233126
00.0000000240935089657057233126
00.0000000240935089657057233126
00.0000000240935089657057233126
00.0000000240935089657057233126
00.0000000240935089657057233126
00.0000000240935089657057233126
00.0000000240935089657057233126
00.0000000240935089657057233126
00.0000000240935089657057233126
00.0000000240935089657057233126
00.0000000240935089657057233126
00.0000000240935089657057233126
00.0000000240935089657057233126
00.0000000240935089657057233126
00.0000000240935089657057233126
00.0000000240935089657057233126
00.0000000240935089657057233126
00.0000000240935089657057233126
00.0000000240935089657057233126
00.0000000240935089657057233126
00.0000000240935089657057233126
00.0000000240935089657057233126
00.0000000240935089657057233126
00.0000000240935089657057233126
00.0000000240935089657057233126
00.0000000240935089657057233126
00.0000000240935089657057233126
00.0000000240935089657057233126
00.0000000240935089657057233126
00.0000000240935089657057233126
00.0000000240935089657057233126
00.0000000240935089657057233126
00.0000000240935089657057233126
00.0000000240935089657057233126
00.0000000240935089657057233126
00.0000000240935089657057233126
00.0000000240935089657057233126
00.0000000240935089657057233126
00.0000000240935089657057233126
00.0000000240935089657057233126
00.0000000240935089657057233126
00.0000000240935089657057233126
00.0000000240935089657057233126
00.0000000240935089657057233126
00.0000000240935089657057233126
00.0000000240935089657057233126
00.0000000240935089657057233126
00.0000000240935089657057233126
00.0000000240935089657057233126
00.0000000240935089657057233126
00.0000000240935089657057233126
00.0000000240935089657057233126
00.0000000240935089657057233126
00.0000000240935089657057233126
00.0000000240935089657057233126
00.0000000240935089657057233126
00.0000000240935089657057233126
00.0000000240935089657057233126
00.0000000240935089657057233126
00.0000000240935089657057233126
00.0000000240935089657057233126
00.0000000240935089657057233126
00.0000000240935089657057233126
00.0000000240935089657057233126
00.0000000240935089657057233126
00.0000000240935089657057233126
00.0000000240935089657057233126
00.0000000240935089657057233126
00.0000000240935089657057233126
00.0000000240935089657057233126
00.0000000240935089657057233126
00.0000000240935089657057233126
00.0000000240935089657057233126
00.0000000240935089657057233126
00.0000000240935089657057233126
00.0000000240935089657057233126
00.0000000240935089657057233126
00.0000000240935089657057233126
00.0000000240935089657057233126
00.0000000240935089657057233126
00.0000000240935089657057233126
00.0000000240935089657057233126
00.0000000240935089657057233126
00.0000000240935089657057233126
00.0000000240935089657057233126
00.0000000240935089657057233126
00.0000000240935089657057233126
00.0000000240935089657057233126
00.0000000240935089657057233126
00.0000000240935089657057233126
00.0000000240935089657057233126
00.0000000240935089657057233126
00.0000000240935089657057233126
00.0000000240935089657057233126
00.0000000240935089657057233126
00.0000000240935089657057233126
00.0000000240935089657057233126
00.0000000240935089657057233126
00.0000000240935089657057233126
00.0000000240935089657057233126
00.0000000240935089657057233126
00.0000000240935089657057233126
00.0000000240935089657057233126
00.0000000240935089657057233126
00.0000000240935089657057233126
00.0000000240935089657057233126
00.0000000240935089657057233126
00.0000000240935089657057233126
00.0000000240935089657057233126
00.0000000240935089657057233126
00.0000000240935089657057233126
00.0000000240935089657057233126
00.0000000240935089657057233126
00.0000000240935089657057233126
00.0000000240935089657057233126
00.0000000240935089657057233126
00.0000000240935089657057233126
00.0000000240935089657057233126
00.0000000240935089657057233126
00.0000000240935089657057233126
00.0000000240935089657057233126
00.0000000240935089657057233126
00.0000000240935089657057233126
00.0000000240935089657057233126
00.0000000240935089657057233126
00.0000000240935089657057233126
00.0000000240935089657057233126
00.0000000240935089657057233126
00.0000000240935089657057233126
00.0000000240935089657057233126
00.0000000240935089657057233126
00.0000000240935089657057233126
00.0000000240935089657057233126
00.0000000240935089657057233126
00.0000000240935089657057233126
00.0000000240935089657057233126
00.0000000240935089657057233126
00.0000000240935089657057233126
00.0000000240935089657057233126
00.0000000240935089657057233126
00.0000000240935089657057233126
00.0000000240935089657057233126
00.0000000240935089657057233126
00.0000000240935089657057233126
00.0000000240935089657057233126
00.0000000240935089657057233126
00.0000000240935089657057233126
00.0000000240935089657057233126
00.0000000240935089657057233126
00.0000000240935089657057233126
00.0000000240935089657057233126
00.0000000240935089657057233126
00.0000000240935089657057233126
00.0000000240935089657057233126
00.0000000240935089657057233126
00.0000000240935089657057233126
00.0000000240935089657057233126
00.0000000240935089657057233126
00.0000000240935089657057233126
00.0000000240935089657057233126
00.0000000240935089657057233126
00.0000000240935089657057233126
00.0000000240935089657057233126
00.0000000240935089657057233126
00.0000000240935089657057233126
00.0000000240935089657057233126
00.0000000240935089657057233126
00.0000000240935089657057233126
00.0000000240935089657057233126
00.0000000240935089657057233126
00.0000000240935089657057233126
00.0000000240935089657057233126
00.0000000240935089657057233126
00.0000000240935089657057233126
00.0000000240935089657057233126
00.0000000240935089657057233126
00.0000000240935089657057233126
00.0000000240935089657057233126
00.0000000240935089657057233126
00.0000000240935089657057233126
00.0000000240935089657057233126
00.0000000240935089657057233126
00.0000000240935089657057233126
00.0000000240935089657057233126
00.0000000240935089657057233126
00.0000000240935089657057233126
00.0000000240935089657057233126
00.0000000240935089657057233126
00.0000000240935089657057233126
00.0000000240935089657057233126
00.0000000240935089657057233126
00.0000000240935089657057233126
00.0000000240935089657057233126
00.0000000240935089657057233126
00.0000000240935089657057233126
00.0000000240935089657057233126
00.0000000240935089657057233126
00.0000000240935089657057233126
00.0000000240935089657057233126
00.0000000240935089657057233126
00.0000000240935089657057233126
00.0000000240935089657057233126
00.0000000240935089657057233126
00.0000000240935089657057233126
00.0000000240935089657057233126
00.0000000240935089657057233126
00.0000000240935089657057233126
00.0000000240935089657057233126
00.0000000240935089657057233126
00.0000000240935089657057233126
00.0000000240935089657057233126
00.0000000240935089657057233126
00.0000000240935089657057233126
00.0000000240935089657057233126
00.0000000240935089657057233126
00.0000000240935089657057233126
00.0000000240935089657057233126
00.0000000240935089657057233126
00.0000000240935089657057233126
00.0000000240935089657057233126
00.0000000240935089657057233126
00.0000000240935089657057233126
00.0000000240935089657057233126
00.0000000240935089657057233126
00.0000000240935089657057233126
00.0000000240935089657057233126
00.0000000240935089657057233126
00.0000000240935089657057233126
00.0000000240935089657057233126
00.0000000240935089657057233126
00.0000000240935089657057233126
00.0000000240935089657057233126
00.0000000240935089657057233126
00.0000000240935089657057233126
00.0000000240935089657057233126
00.0000000240935089657057233126
00.0000000240935089657057233126
00.0000000240935089657057233126
00.0000000240935089657057233126
00.0000000240935089657057233126
00.0000000240935089657057233126
00.0000000240935089657057233126
00.0000000240935089657057233126
00.0000000240935089657057233126
00.0000000240935089657057233126
00.0000000240935089657057233126
00.0000000240935089657057233126
00.0000000240935089657057233126
00.0000000240935089657057233126
00.0000000240935089657057233126
00.0000000240935089657057233126
00.0000000240935089657057233126
00.0000000240935089657057233126
00.0000000240935089657057233126
00.0000000240935089657057233126
00.0000000240935089657057233126
00.0000000240935089657057233126
00.0000000240935089657057233126
00.0000000240935089657057233126
00.0000000240935089657057233126
00.0000000240935089657057233126
00.0000000240935089657057233126
00.0000000240935089657057233126
00.0000000240935089657057233126
00.0000000240935089657057233126
00.0000000240935089657057233126
00.0000000240935089657057233126
00.0000000240935089657057233126
00.0000000240935089657057233126
00.0000000240935089657057233126
00.0000000240935089657057233126
00.0000000240935089657057233126
00.0000000240935089657057233126
00.0000000240935089657057233126
00.0000000240935089657057233126
00.0000000240935089657057233126
00.0000000240935089657057233126
00.0000000240935089657057233126
00.0000000240935089657057233126
00.0000000240935089657057233126
00.0000000240935089657057233126
00.0000000240935089657057233126
00.0000000240935089657057233126
00.0000000240935089657057233126
00.0000000240935089657057233126
00.0000000240935089657057233126
00.0000000240935089657057233126
00.0000000240935089657057233126
00.0000000240935089657057233126
00.0000000240935089657057233126
00.0000000240935089657057233126
00.0000000240935089657057233126
00.0000000240935089657057233126
00.0000000240935089657057233126
00.0000000240935089657057233126
00.0000000240935089657057233126
00.0000000240935089657057233126
00.0000000240935089657057233126
00.0000000240935089657057233126
00.0000000240935089657057233126
00.0000000240935089657057233126
00.0000000240935089657057233126
00.0000000240935089657057233126
00.0000000240935089657057233126
00.0000000240935089657057233126
00.0000000240935089657057233126
00.0000000240935089657057233126
00.0000000240935089657057233126
00.0000000240935089657057233126
00.0000000240935089657057233126
00.0000000240935089657057233126
00.0000000240935089657057233126
00.0000000240935089657057233126
00.0000000240935089657057233126
00.0000000240935089657057233126
00.0000000240935089657057233126
00.0000000240935089657057233126
00.0000000240935089657057233126
00.0000000240935089657057233126
00.0000000240935089657057233126
00.0000000240935089657057233126
00.0000000240935089657057233126
00.0000000240935089657057233126
00.0000000240935089657057233126
00.0000000240935089657057233126
00.0000000240935089657057233126
00.0000000240935089657057233126
00.0000000240935089657057233126
00.0000000240935089657057233126
00.0000000240935089657057233126
00.0000000240935089657057233126
00.0000000240935089657057233126
00.0000000240935089657057233126
00.0000000240935089657057233126
00.0000000240935089657057233126
00.0000000240935089657057233126
00.0000000240935089657057233126
00.0000000240935089657057233126
00.0000000240935089657057233126
00.0000000240935089657057233126
00.0000000240935089657057233126
00.0000000240935089657057233126
00.0000000240935089657057233126
00.0000000240935089657057233126
00.0000000240935089657057233126
00.0000000240935089657057233126
00.0000000240935089657057233126
00.0000000240935089657057233126
00.0000000240935089657057233126
00.0000000240935089657057233126
00.0000000240935089657057233126
00.0000000240935089657057233126
00.0000000240935089657057233126
00.0000000240935089657057233126
00.0000000240935089657057233126
00.0000000240935089657057233126
00.0000000240935089657057233126
00.0000000240935089657057233126
00.0000000240935089657057233126
00.0000000240935089657057233126
00.0000000240935089657057233126
00.0000000240935089657057233126
00.0000000240935089657057233126
00.0000000240935089657057233126
00.0000000240935089657057233126
00.0000000240935089657057233126
00.0000000240935089657057233126
00.0000000240935089657057233126
00.0000000240935089657057233126
00.0000000240935089657057233126
00.0000000240935089657057233126
00.0000000240935089657057233126
00.0000000240935089657057233126
00.0000000240935089657057233126
00.0000000240935089657057233126
00.0000000240935089657057233126
00.0000000240935089657057233126
00.0000000240935089657057233126
00.0000000240935089657057233126
00.0000000240935089657057233126
00.0000000240935089657057233126
00.0000000240935089657057233126
00.0000000240935089657057233126
00.0000000240935089657057233126
00.0000000240935089657057233126
00.0000000240935089657057233126
00.0000000240935089657057233126
00.0000000240935089657057233126
00.0000000240935089657057233126
00.0000000240935089657057233126
00.0000000240935089657057233126
00.0000000240935089657057233126
00.0000000240935089657057233126
00.0000000240935089657057233126
00.0000000240935089657057233126
00.0000000240935089657057233126
00.0000000240935089657057233126
00.0000000240935089657057233126
00.0000000240935089657057233126
00.0000000240935089657057233126
00.0000000240935089657057233126
00.0000000240935089657057233126
00.0000000240935089657057233126
00.0000000240935089657057233126
00.0000000240935089657057233126
00.0000000240935089657057233126
00.0000000240935089657057233126
00.0000000240935089657057233126
00.0000000240935089657057233126
00.0000000240935089657057233126
00.0000000240935089657057233126
00.0000000240935089657057233126
00.0000000240935089657057233126
00.0000000240935089657057233126
00.0000000240935089657057233126
00.0000000240935089657057233126
00.0000000240935089657057233126
00.0000000240935089657057233126
00.0000000240935089657057233126
00.0000000240935089657057233126
00.0000000240935089657057233126
00.0000000240935089657057233126
00.0000000240935089657057233126
00.0000000240935089657057233126
00.0000000240935089657057233126
00.0000000240935089657057233126
00.0000000240935089657057233126
00.0000000240935089657057233126
00.0000000240935089657057233126
00.0000000240935089657057233126
00.0000000240935089657057233126
00.0000000240935089657057233126
00.0000000240935089657057233126
00.0000000240935089657057233126
00.0000000240935089657057233126
00.0000000240935089657057233126
00.0000000240935089657057233126
00.0000000240935089657057233126
00.0000000240935089657057233126
00.0000000240935089657057233126
00.0000000240935089657057233126
00.0000000240935089657057233126
00.0000000240935089657057233126
00.0000000240935089657057233126
00.0000000240935089657057233126
00.0000000240935089657057233126
00.0000000240935089657057233126
00.0000000240935089657057233126
00.0000000240935089657057233126
00.0000000240935089657057233126
00.0000000240935089657057233126
00.0000000240935089657057233126
00.0000000240935089657057233126
00.0000000240935089657057233126
00.0000000240935089657057233126
00.0000000240935089657057233126
00.0000000240935089657057233126
00.0000000240935089657057233126
00.0000000240935089657057233126
00.0000000240935089657057233126
00.0000000240935089657057233126
00.0000000240935089657057233126
00.0000000240935089657057233126
00.0000000240935089657057233126
00.0000000240935089657057233126
00.0000000240935089657057233126
00.0000000240935089657057233126
00.0000000240935089657057233126
00.0000000240935089657057233126
00.0000000240935089657057233126
00.0000000240935089657057233126
00.0000000240935089657057233126
00.0000000240935089657057233126
00.0000000240935089657057233126
00.0000000240935089657057233126
00.0000000240935089657057233126
00.0000000240935089657057233126
00.0000000240935089657057233126
00.0000000240935089657057233126
00.0000000240935089657057233126
00.0000000240935089657057233126
00.0000000240935089657057233126
00.0000000240935089657057233126
00.0000000240935089657057233126
00.0000000240935089657057233126
00.0000000240935089657057233126
00.0000000240935089657057233126
00.0000000240935089657057233126
00.0000000240935089657057233126
00.0000000240935089657057233126
00.0000000240935089657057233126
00.0000000240935089657057233126
00.0000000240935089657057233126
00.0000000240935089657057233126
00.0000000240935089657057233126
00.0000000240935089657057233126
00.0000000240935089657057233126
00.0000000240935089657057233126
00.0000000240935089657057233126
00.0000000240935089657057233126
00.0000000240935089657057233126
00.0000000240935089657057233126
00.0000000240935089657057233126
00.0000000240935089657057233126
00.0000000240935089657057233126
00.0000000240935089657057233126
00.0000000240935089657057233126
00.0000000240935089657057233126
00.0000000240935089657057233126
00.0000000240935089657057233126
00.0000000240935089657057233126
00.0000000240935089657057233126
00.0000000240935089657057233126
00.0000000240935089657057233126
00.0000000240935089657057233126
00.0000000240935089657057233126
00.0000000240935089657057233126
00.0000000240935089657057233126
00.0000000240935089657057233126
00.0000000240935089657057233126
00.0000000240935089657057233126
00.0000000240935089657057233126
00.0000000240935089657057233126
00.0000000240935089657057233126
00.0000000240935089657057233126
00.0000000240935089657057233126
00.0000000240935089657057233126
00.0000000240935089657057233126
00.0000000240935089657057233126
00.0000000240935089657057233126
00.0000000240935089657057233126
00.0000000240935089657057233126
00.0000000240935089657057233126
00.0000000240935089657057233126
00.0000000240935089657057233126
00.0000000240935089657057233126
00.0000000240935089657057233126
00.0000000240935089657057233126
00.0000000240935089657057233126
00.0000000240935089657057233126
00.0000000240935089657057233126
00.0000000240935089657057233126
00.0000000240935089657057233126
00.0000000240935089657057233126
00.0000000240935089657057233126
00.0000000240935089657057233126
00.0000000240935089657057233126
00.0000000240935089657057233126
00.0000000240935089657057233126
00.0000000240935089657057233126
00.0000000240935089657057233126
00.0000000240935089657057233126
00.0000000240935089657057233126
00.0000000240935089657057233126
00.0000000240935089657057233126
00.0000000240935089657057233126
00.0000000240935089657057233126
00.0000000240935089657057233126
00.0000000240935089657057233126
00.0000000240935089657057233126
00.0000000240935089657057233126
00.0000000240935089657057233126
00.0000000240935089657057233126
00.0000000240935089657057233126
00.0000000240935089657057233126
00.0000000240935089657057233126
00.0000000240935089657057233126
00.0000000240935089657057233126
00.0000000240935089657057233126
00.0000000240935089657057233126
00.0000000240935089657057233126
00.0000000240935089657057233126
00.0000000240935089657057233126
00.0000000240935089657057233126
00.0000000240935089657057233126
00.0000000240935089657057233126
00.0000000240935089657057233126
00.0000000240935089657057233126
00.0000000240935089657057233126
00.0000000240935089657057233126
00.0000000240935089657057233126
00.0000000240935089657057233126
00.0000000240935089657057233126
00.0000000240935089657057233126
00.0000000240935089657057233126
00.0000000240935089657057233126
00.0000000240935089657057233126
00.0000000240935089657057233126
00.0000000240935089657057233126
00.0000000240935089657057233126
00.0000000240935089657057233126
00.0000000240935089657057233126
00.0000000240935089657057233126
00.0000000240935089657057233126
00.0000000240935089657057233126
00.0000000240935089657057233126
00.0000000240935089657057233126
00.0000000240935089657057233126
00.0000000240935089657057233126
00.0000000240935089657057233126
00.0000000240935089657057233126
00.0000000240935089657057233126
00.0000000240935089657057233126
00.0000000240935089657057233126
00.0000000240935089657057233126
00.0000000240935089657057233126
00.0000000240935089657057233126
00.0000000240935089657057233126
00.0000000240935089657057233126
00.0000000240935089657057233126
00.0000000240935089657057233126
00.0000000240935089657057233126
00.0000000240935089657057233126
00.0000000240935089657057233126
00.0000000240935089657057233126
00.0000000240935089657057233126
00.0000000240935089657057233126
00.0000000240935089657057233126
00.0000000240935089657057233126
00.0000000240935089657057233126
00.0000000240935089657057233126
00.0000000240935089657057233126
00.0000000240935089657057233126
00.0000000240935089657057233126
00.0000000240935089657057233126
00.0000000240935089657057233126
00.0000000240935089657057233126
00.0000000240935089657057233126
00.0000000240935089657057233126
00.0000000240935089657057233126
00.0000000240935089657057233126
00.0000000240935089657057233126
00.0000000240935089657057233126
00.0000000240935089657057233126
00.0000000240935089657057233126
00.0000000240935089657057233126
00.0000000240935089657057233126
00.0000000240935089657057233126
00.0000000240935089657057233126
00.0000000240935089657057233126
00.0000000240935089657057233126
00.0000000240935089657057233126
00.0000000240935089657057233126
00.0000000240935089657057233126
00.0000000240935089657057233126
00.0000000240935089657057233126
00.0000000240935089657057233126
00.0000000240935089657057233126
00.0000000240935089657057233126
00.0000000240935089657057233126
00.0000000240935089657057233126
00.0000000240935089657057233126
00.0000000240935089657057233126
00.0000000240935089657057233126
00.0000000240935089657057233126
00.0000000240935089657057233126
00.0000000240935089657057233126
00.0000000240935089657057233126
00.0000000240935089657057233126
00.0000000240935089657057233126
00.0000000240935089657057233126
00.0000000240935089657057233126
00.0000000240935089657057233126
00.0000000240935089657057233126
00.0000000240935089657057233126
00.0000000240935089657057233126
00.0000000240935089657057233126
00.0000000240935089657057233126
00.0000000240935089657057233126
00.0000000240935089657057233126
00.0000000240935089657057233126
00.0000000240935089657057233126
00.0000000240935089657057233126
00.0000000240935089657057233126
00.0000000240935089657057233126
00.0000000240935089657057233126
00.0000000240935089657057233126
00.0000000240935089657057233126
00.0000000240935089657057233126
00.0000000240935089657057233126
00.0000000240935089657057233126
00.0000000240935089657057233126
00.0000000240935089657057233126
00.0000000240935089657057233126
00.0000000240935089657057233126
00.0000000240935089657057233126
00.0000000240935089657057233126
00.0000000240935089657057233126
00.0000000240935089657057233126
00.0000000240935089657057233126
00.0000000240935089657057233126
00.0000000240935089657057233126
00.0000000240935089657057233126
00.0000000240935089657057233126
00.0000000240935089657057233126
00.0000000240935089657057233126
00.0000000240935089657057233126
00.0000000240935089657057233126
00.0000000240935089657057233126
00.0000000240935089657057233126
00.0000000240935089657057233126
00.0000000240935089657057233126
00.0000000240935089657057233126
00.0000000240935089657057233126
00.0000000240935089657057233126
00.0000000240935089657057233126
00.0000000240935089657057233126
00.0000000240935089657057233126
00.0000000240935089657057233126
00.0000000240935089657057233126
00.0000000240935089657057233126
00.0000000240935089657057233126
00.0000000240935089657057233126
00.0000000240935089657057233126
00.0000000240935089657057233126
00.0000000240935089657057233126
00.0000000240935089657057233126
00.0000000240935089657057233126
00.0000000240935089657057233126
00.0000000240935089657057233126
00.0000000240935089657057233126
00.0000000240935089657057233126
00.0000000240935089657057233126
00.0000000240935089657057233126
00.0000000240935089657057233126
00.0000000240935089657057233126
00.0000000240935089657057233126
00.0000000240935089657057233126
00.0000000240935089657057233126
00.0000000240935089657057233126
00.0000000240935089657057233126
00.0000000240935089657057233126
00.0000000240935089657057233126
00.0000000240935089657057233126
00.0000000240935089657057233126
00.0000000240935089657057233126
00.0000000240935089657057233126
00.0000000240935089657057233126
00.0000000240935089657057233126
00.0000000240935089657057233126
00.0000000240935089657057233126
00.0000000240935089657057233126
00.0000000240935089657057233126
00.0000000240935089657057233126
00.0000000240935089657057233126
00.0000000240935089657057233126
00.0000000240935089657057233126
00.0000000240935089657057233126
00.0000000240935089657057233126
00.0000000240935089657057233126
00.0000000240935089657057233126
00.0000000240935089657057233126
00.0000000240935089657057233126
00.0000000240935089657057233126
00.0000000240935089657057233126
00.0000000240935089657057233126
00.0000000240935089657057233126
00.0000000240935089657057233126
00.0000000240935089657057233126
00.0000000240935089657057233126
00.0000000240935089657057233126
00.0000000240935089657057233126
00.0000000240935089657057233126
00.0000000240935089657057233126
00.0000000240935089657057233126
00.0000000240935089657057233126
00.0000000240935089657057233126
00.0000000240935089657057233126
00.0000000240935089657057233126
00.0000000240935089657057233126
00.0000000240935089657057233126
00.0000000240935089657057233126
00.0000000240935089657057233126
00.0000000240935089657057233126
00.0000000240935089657057233126
00.0000000240935089657057233126
00.0000000240935089657057233126
00.0000000240935089657057233126
00.0000000240935089657057233126
00.0000000240935089657057233126
00.0000000240935089657057233126
00.0000000240935089657057233126
00.0000000240935089657057233126
00.0000000240935089657057233126
00.0000000240935089657057233126
00.0000000240935089657057233126
00.0000000240935089657057233126
00.0000000240935089657057233126
00.0000000240935089657057233126
00.0000000240935089657057233126
00.0000000240935089657057233126
00.0000000240935089657057233126
00.0000000240935089657057233126
00.0000000240935089657057233126
00.0000000240935089657057233126
00.0000000240935089657057233126
00.0000000240935089657057233126
00.0000000240935089657057233126
00.0000000240935089657057233126
00.0000000240935089657057233126
00.0000000240935089657057233126
00.0000000240935089657057233126
00.0000000240935089657057233126
00.0000000240935089657057233126
00.0000000240935089657057233126
00.0000000240935089657057233126
00.0000000240935089657057233126
00.0000000240935089657057233126
00.0000000240935089657057233126
00.0000000240935089657057233126
00.0000000240935089657057233126
00.0000000240935089657057233126
00.0000000240935089657057233126
00.0000000240935089657057233126
00.0000000240935089657057233126
00.0000000240935089657057233126
00.0000000240935089657057233126
00.0000000240935089657057233126
00.0000000240935089657057233126
00.0000000240935089657057233126
00.0000000240935089657057233126
00.0000000240935089657057233126
00.0000000240935089657057233126
00.0000000240935089657057233126
00.0000000240935089657057233126
00.0000000240935089657057233126
00.0000000240935089657057233126
00.0000000240935089657057233126
00.0000000240935089657057233126
00.0000000240935089657057233126
00.0000000240935089657057233126
00.0000000240935089657057233126
00.0000000240935089657057233126
00.0000000240935089657057233126
00.0000000240935089657057233126
00.0000000240935089657057233126
00.0000000240935089657057233126
00.0000000240935089657057233126
00.0000000240935089657057233126
00.0000000240935089657057233126
00.0000000240935089657057233126
00.0000000240935089657057233126
00.0000000240935089657057233126
00.0000000240935089657057233126
00.0000000240935089657057233126
00.0000000240935089657057233126
00.0000000240935089657057233126
00.0000000240935089657057233126
00.0000000240935089657057233126
00.0000000240935089657057233126
00.0000000240935089657057233126
00.0000000240935089657057233126
00.0000000240935089657057233126
00.0000000240935089657057233126
00.0000000240935089657057233126
00.0000000240935089657057233126
00.0000000240935089657057233126
00.0000000240935089657057233126
00.0000000240935089657057233126
00.0000000240935089657057233126
00.0000000240935089657057233126
00.0000000240935089657057233126
00.0000000240935089657057233126
00.0000000240935089657057233126
00.0000000240935089657057233126
00.0000000240935089657057233126
00.0000000240935089657057233126
00.0000000240935089657057233126
00.0000000240935089657057233126
00.0000000240935089657057233126
00.0000000240935089657057233126
00.0000000240935089657057233126
00.0000000240935089657057233126
00.0000000240935089657057233126
00.0000000240935089657057233126
00.0000000240935089657057233126
00.0000000240935089657057233126
00.0000000240935089657057233126
00.0000000240935089657057233126
00.0000000240935089657057233126
00.0000000240935089657057233126
00.0000000240935089657057233126
00.0000000240935089657057233126
00.0000000240935089657057233126
00.0000000240935089657057233126
00.0000000240935089657057233126
00.0000000240935089657057233126
00.0000000240935089657057233126
00.0000000240935089657057233126
00.0000000240935089657057233126
00.0000000240935089657057233126
00.0000000240935089657057233126
00.0000000240935089657057233126
00.0000000240935089657057233126
00.0000000240935089657057233126
00.0000000240935089657057233126
00.0000000240935089657057233126
00.0000000240935089657057233126
00.0000000240935089657057233126
00.0000000240935089657057233126
00.0000000240935089657057233126
00.0000000240935089657057233126
00.0000000240935089657057233126
00.0000000240935089657057233126
00.0000000240935089657057233126
00.0000000240935089657057233126
00.0000000240935089657057233126
00.0000000240935089657057233126
00.0000000240935089657057233126
00.0000000240935089657057233126
00.0000000240935089657057233126
00.0000000240935089657057233126
00.0000000240935089657057233126
00.0000000240935089657057233126
00.0000000240935089657057233126
00.0000000240935089657057233126
00.0000000240935089657057233126
00.0000000240935089657057233126
00.0000000240935089657057233126
00.0000000240935089657057233126
00.0000000240935089657057233126
00.0000000240935089657057233126
00.0000000240935089657057233126
00.0000000240935089657057233126
00.0000000240935089657057233126
00.0000000240935089657057233126
00.0000000240935089657057233126
00.0000000240935089657057233126
00.0000000240935089657057233126
00.0000000240935089657057233126
00.0000000240935089657057233126
00.0000000240935089657057233126
00.0000000240935089657057233126
00.0000000240935089657057233126
00.0000000240935089657057233126
00.0000000240935089657057233126
00.0000000240935089657057233126
00.0000000240935089657057233126
00.0000000240935089657057233126
00.0000000240935089657057233126
00.0000000240935089657057233126
00.0000000240935089657057233126
00.0000000240935089657057233126
00.0000000240935089657057233126
00.0000000240935089657057233126
00.0000000240935089657057233126
00.0000000240935089657057233126
00.0000000240935089657057233126
00.0000000240935089657057233126
00.0000000240935089657057233126
00.0000000240935089657057233126
00.0000000240935089657057233126
00.0000000240935089657057233126
00.0000000240935089657057233126
00.0000000240935089657057233126
00.0000000240935089657057233126
00.0000000240935089657057233126
00.0000000240935089657057233126
00.0000000240935089657057233126
00.0000000240935089657057233126
00.0000000240935089657057233126
00.0000000240935089657057233126
00.0000000240935089657057233126
00.0000000240935089657057233126
00.0000000240935089657057233126
00.0000000240935089657057233126
00.0000000240935089657057233126
00.0000000240935089657057233126
00.0000000240935089657057233126
00.0000000240935089657057233126
00.0000000240935089657057233126
00.0000000240935089657057233126
00.0000000240935089657057233126
00.0000000240935089657057233126
00.0000000240935089657057233126
00.0000000240935089657057233126
00.0000000240935089657057233126
00.0000000240935089657057233126
00.0000000240935089657057233126
00.0000000240935089657057233126
00.0000000240935089657057233126
00.0000000240935089657057233126
00.0000000240935089657057233126
00.0000000240935089657057233126
00.0000000240935089657057233126
00.0000000240935089657057233126
00.0000000240935089657057233126
00.0000000240935089657057233126
00.0000000240935089657057233126
00.0000000240935089657057233126
00.0000000240935089657057233126
00.0000000240935089657057233126
00.0000000240935089657057233126
00.0000000240935089657057233126
00.0000000240935089657057233126
00.0000000240935089657057233126
00.0000000240935089657057233126
00.0000000240935089657057233126
00.0000000240935089657057233126
00.0000000240935089657057233126
00.0000000240935089657057233126
00.0000000240935089657057233126
00.0000000240935089657057233126
00.0000000240935089657057233126
00.0000000240935089657057233126
00.0000000240935089657057233126
00.0000000240935089657057233126
00.0000000240935089657057233126
00.0000000240935089657057233126
00.0000000240935089657057233126
00.0000000240935089657057233126
00.0000000240935089657057233126
00.0000000240935089657057233126
00.0000000240935089657057233126
00.0000000240935089657057233126
00.0000000240935089657057233126
00.0000000240935089657057233126
00.0000000240935089657057233126
00.0000000240935089657057233126
00.0000000240935089657057233126
00.0000000240935089657057233126
00.0000000240935089657057233126
00.0000000240935089657057233126
00.0000000240935089657057233126
00.0000000240935089657057233126
00.0000000240935089657057233126
00.0000000240935089657057233126
00.0000000240935089657057233126
00.0000000240935089657057233126
00.0000000240935089657057233126
00.0000000240935089657057233126
00.0000000240935089657057233126
00.0000000240935089657057233126
00.0000000240935089657057233126
00.0000000240935089657057233126
00.0000000240935089657057233126
00.0000000240935089657057233126
00.0000000240935089657057233126
00.0000000240935089657057233126
00.0000000240935089657057233126
00.0000000240935089657057233126
00.0000000240935089657057233126
00.0000000240935089657057233126
00.0000000240935089657057233126
00.0000000240935089657057233126
00.0000000240935089657057233126
00.0000000240935089657057233126
00.0000000240935089657057233126
00.0000000240935089657057233126
00.0000000240935089657057233126
00.0000000240935089657057233126
00.0000000240935089657057233126
00.0000000240935089657057233126
00.0000000240935089657057233126
00.0000000240935089657057233126
00.0000000240935089657057233126
00.0000000240935089657057233126
00.0000000240935089657057233126
00.0000000240935089657057233126
00.0000000240935089657057233126
00.0000000240935089657057233126
00.0000000240935089657057233126
00.0000000240935089657057233126
00.0000000240935089657057233126
00.0000000240935089657057233126
00.0000000240935089657057233126
00.0000000240935089657057233126
00.0000000240935089657057233126
00.0000000240935089657057233126
00.0000000240935089657057233126
00.0000000240935089657057233126
00.0000000240935089657057233126
00.0000000240935089657057233126
00.0000000240935089657057233126
00.0000000240935089657057233126
00.0000000240935089657057233126
00.0000000240935089657057233126
00.0000000240935089657057233126
00.0000000240935089657057233126
00.0000000240935089657057233126
00.0000000240935089657057233126
00.0000000240935089657057233126
00.0000000240935089657057233126
00.0000000240935089657057233126
00.0000000240935089657057233126
00.0000000240935089657057233126
00.0000000240935089657057233126
00.0000000240935089657057233126
00.0000000240935089657057233126
00.0000000240935089657057233126
00.0000000240935089657057233126
00.0000000240935089657057233126
00.0000000240935089657057233126
00.0000000240935089657057233126
00.0000000240935089657057233126
00.0000000240935089657057233126
00.0000000240935089657057233126
00.0000000240935089657057233126
00.0000000240935089657057233126
00.0000000240935089657057233126
00.0000000240935089657057233126
00.0000000240935089657057233126
00.0000000240935089657057233126
00.0000000240935089657057233126
00.0000000240935089657057233126
00.0000000240935089657057233126
00.0000000240935089657057233126
00.0000000240935089657057233126
00.0000000240935089657057233126
00.0000000240935089657057233126
00.0000000240935089657057233126
00.0000000240935089657057233126
00.0000000240935089657057233126
00.0000000240935089657057233126
00.0000000240935089657057233126
00.0000000240935089657057233126
00.0000000240935089657057233126
00.0000000240935089657057233126
00.0000000240935089657057233126
00.0000000240935089657057233126
00.0000000240935089657057233126
00.0000000240935089657057233126
00.0000000240935089657057233126
00.0000000240935089657057233126
00.0000000240935089657057233126
00.0000000240935089657057233126
00.0000000240935089657057233126
00.0000000240935089657057233126
00.0000000240935089657057233126
00.0000000240935089657057233126
00.0000000240935089657057233126
00.0000000240935089657057233126
00.0000000240935089657057233126
00.0000000240935089657057233126
00.0000000240935089657057233126
00.0000000240935089657057233126
00.0000000240935089657057233126
00.0000000240935089657057233126
00.0000000240935089657057233126
00.0000000240935089657057233126
00.0000000240935089657057233126
00.0000000240935089657057233126
00.0000000240935089657057233126
00.0000000240935089657057233126
00.0000000240935089657057233126
00.0000000240935089657057233126
00.0000000240935089657057233126
00.0000000240935089657057233126
00.0000000240935089657057233126
00.0000000240935089657057233126
00.0000000240935089657057233126
00.0000000240935089657057233126
00.0000000240935089657057233126
00.0000000240935089657057233126
00.0000000240935089657057233126
00.0000000240935089657057233126
00.0000000240935089657057233126
00.0000000240935089657057233126
00.0000000240935089657057233126
00.0000000240935089657057233126
00.0000000240935089657057233126
00.0000000240935089657057233126
00.0000000240935089657057233126
00.0000000240935089657057233126
00.0000000240935089657057233126
00.0000000240935089657057233126
00.0000000240935089657057233126
00.0000000240935089657057233126
00.0000000240935089657057233126
00.0000000240935089657057233126
00.0000000240935089657057233126
00.0000000240935089657057233126
00.0000000240935089657057233126
00.0000000240935089657057233126
00.0000000240935089657057233126
00.0000000240935089657057233126
00.0000000240935089657057233126
00.0000000240935089657057233126
00.0000000240935089657057233126
00.0000000240935089657057233126
00.0000000240935089657057233126
00.0000000240935089657057233126
00.0000000240935089657057233126
00.0000000240935089657057233126
00.0000000240935089657057233126
00.0000000240935089657057233126
00.0000000240935089657057233126
00.0000000240935089657057233126
00.0000000240935089657057233126
00.0000000240935089657057233126
00.0000000240935089657057233126
00.0000000240935089657057233126
00.0000000240935089657057233126
00.0000000240935089657057233126
00.0000000240935089657057233126
00.0000000240935089657057233126
00.0000000240935089657057233126
00.0000000240935089657057233126
00.0000000240935089657057233126
00.0000000240935089657057233126
00.0000000240935089657057233126
00.0000000240935089657057233126
00.0000000240935089657057233126
00.0000000240935089657057233126
00.0000000240935089657057233126
00.0000000240935089657057233126
00.0000000240935089657057233126
00.0000000240935089657057233126
00.0000000240935089657057233126
00.0000000240935089657057233126
00.0000000240935089657057233126
00.0000000240935089657057233126
00.0000000240935089657057233126
00.0000000240935089657057233126
00.0000000240935089657057233126
00.0000000240935089657057233126
00.0000000240935089657057233126
00.0000000240935089657057233126
00.0000000240935089657057233126
00.0000000240935089657057233126
00.0000000240935089657057233126
00.0000000240935089657057233126
00.0000000240935089657057233126
00.0000000240935089657057233126
00.0000000240935089657057233126
00.0000000240935089657057233126
00.0000000240935089657057233126
00.0000000240935089657057233126
00.0000000240935089657057233126
00.0000000240935089657057233126
00.0000000240935089657057233126
00.0000000240935089657057233126
00.0000000240935089657057233126
00.0000000240935089657057233126
00.0000000240935089657057233126
00.0000000240935089657057233126
00.0000000240935089657057233126
00.0000000240935089657057233126
00.0000000240935089657057233126
00.0000000240935089657057233126
00.0000000240935089657057233126
00.0000000240935089657057233126
00.0000000240935089657057233126
00.0000000240935089657057233126
00.0000000240935089657057233126
00.0000000240935089657057233126
00.0000000240935089657057233126
00.0000000240935089657057233126
00.0000000240935089657057233126
00.0000000240935089657057233126
00.0000000240935089657057233126
00.0000000240935089657057233126
00.0000000240935089657057233126
00.0000000240935089657057233126
00.0000000240935089657057233126
00.0000000240935089657057233126
00.0000000240935089657057233126
00.0000000240935089657057233126
00.0000000240935089657057233126
00.0000000240935089657057233126
00.0000000240935089657057233126
00.0000000240935089657057233126
00.0000000240935089657057233126
00.0000000240935089657057233126
00.0000000240935089657057233126
00.0000000240935089657057233126
00.0000000240935089657057233126
00.0000000240935089657057233126
00.0000000240935089657057233126
00.0000000240935089657057233126
00.0000000240935089657057233126
00.0000000240935089657057233126
00.0000000240935089657057233126
00.0000000240935089657057233126
00.0000000240935089657057233126
00.0000000240935089657057233126
00.0000000240935089657057233126
00.0000000240935089657057233126
00.0000000240935089657057233126
00.0000000240935089657057233126
00.0000000240935089657057233126
00.0000000240935089657057233126
00.0000000240935089657057233126
00.0000000240935089657057233126
00.0000000240935089657057233126
00.0000000240935089657057233126
00.0000000240935089657057233126
00.0000000240935089657057233126
00.0000000240935089657057233126
00.0000000240935089657057233126
00.0000000240935089657057233126
00.0000000240935089657057233126
00.0000000240935089657057233126
00.0000000240935089657057233126
00.0000000240935089657057233126
00.0000000240935089657057233126
00.0000000240935089657057233126
00.0000000240935089657057233126
00.0000000240935089657057233126
00.0000000240935089657057233126
00.0000000240935089657057233126
00.0000000240935089657057233126
00.0000000240935089657057233126
00.0000000240935089657057233126
00.0000000240935089657057233126
00.0000000240935089657057233126
00.0000000240935089657057233126
00.0000000240935089657057233126
00.0000000240935089657057233126
00.0000000240935089657057233126
00.0000000240935089657057233126
00.0000000240935089657057233126
00.0000000240935089657057233126
00.0000000240935089657057233126
00.0000000240935089657057233126
00.0000000240935089657057233126
00.0000000240935089657057233126
00.0000000240935089657057233126
00.0000000240935089657057233126
00.0000000240935089657057233126
00.0000000240935089657057233126
00.0000000240935089657057233126
00.0000000240935089657057233126
00.0000000240935089657057233126
00.0000000240935089657057233126
00.0000000240935089657057233126
00.0000000240935089657057233126
00.0000000240935089657057233126
00.0000000240935089657057233126
00.0000000240935089657057233126
00.0000000240935089657057233126
00.0000000240935089657057233126
00.0000000240935089657057233126
00.0000000240935089657057233126
00.0000000240935089657057233126
00.0000000240935089657057233126
00.0000000240935089657057233126
00.0000000240935089657057233126
00.0000000240935089657057233126
00.0000000240935089657057233126
00.0000000240935089657057233126
00.0000000240935089657057233126
00.0000000240935089657057233126
00.0000000240935089657057233126
00.0000000240935089657057233126
00.0000000240935089657057233126
00.0000000240935089657057233126
00.0000000240935089657057233126
00.0000000240935089657057233126
00.0000000240935089657057233126
00.0000000240935089657057233126
00.0000000240935089657057233126
00.0000000240935089657057233126
00.0000000240935089657057233126
00.0000000240935089657057233126
00.0000000240935089657057233126
00.0000000240935089657057233126
00.0000000240935089657057233126
00.0000000240935089657057233126
00.0000000240935089657057233126
00.0000000240935089657057233126
00.0000000240935089657057233126
00.0000000240935089657057233126
00.0000000240935089657057233126
00.0000000240935089657057233126
00.0000000240935089657057233126
00.0000000240935089657057233126
00.0000000240935089657057233126
00.0000000240935089657057233126
00.0000000240935089657057233126
00.0000000240935089657057233126
00.0000000240935089657057233126
00.0000000240935089657057233126
00.0000000240935089657057233126
00.0000000240935089657057233126
00.0000000240935089657057233126
00.0000000240935089657057233126
00.0000000240935089657057233126
00.0000000240935089657057233126
00.0000000240935089657057233126
00.0000000240935089657057233126
00.0000000240935089657057233126
00.0000000240935089657057233126
00.0000000240935089657057233126
00.0000000240935089657057233126
00.0000000240935089657057233126
00.0000000240935089657057233126
00.0000000240935089657057233126
00.0000000240935089657057233126
00.0000000240935089657057233126
00.0000000240935089657057233126
00.0000000240935089657057233126
00.0000000240935089657057233126
00.0000000240935089657057233126
00.0000000240935089657057233126
00.0000000240935089657057233126
00.0000000240935089657057233126
00.0000000240935089657057233126
00.0000000240935089657057233126
00.0000000240935089657057233126
00.0000000240935089657057233126
00.0000000240935089657057233126
00.0000000240935089657057233126
00.0000000240935089657057233126
00.0000000240935089657057233126
00.0000000240935089657057233126
00.0000000240935089657057233126
00.0000000240935089657057233126
00.0000000240935089657057233126
00.0000000240935089657057233126
00.0000000240935089657057233126
00.0000000240935089657057233126
00.0000000240935089657057233126
00.0000000240935089657057233126
00.0000000240935089657057233126
00.0000000240935089657057233126
00.0000000240935089657057233126
00.0000000240935089657057233126
00.0000000240935089657057233126
00.0000000240935089657057233126
00.0000000240935089657057233126
00.0000000240935089657057233126
00.0000000240935089657057233126
00.0000000240935089657057233126
00.0000000240935089657057233126
00.0000000240935089657057233126
00.0000000240935089657057233126
00.0000000240935089657057233126
00.0000000240935089657057233126
00.0000000240935089657057233126
00.0000000240935089657057233126
00.0000000240935089657057233126
00.0000000240935089657057233126
00.0000000240935089657057233126
00.0000000240935089657057233126
00.0000000240935089657057233126
00.0000000240935089657057233126
00.0000000240935089657057233126
00.0000000240935089657057233126
00.0000000240935089657057233126
00.0000000240935089657057233126
00.0000000240935089657057233126
00.0000000240935089657057233126
00.0000000240935089657057233126
00.0000000240935089657057233126
00.0000000240935089657057233126
00.0000000240935089657057233126
00.0000000240935089657057233126
00.0000000240935089657057233126
00.0000000240935089657057233126
00.0000000240935089657057233126
00.0000000240935089657057233126
00.0000000240935089657057233126
00.0000000240935089657057233126
00.0000000240935089657057233126
00.0000000240935089657057233126
00.0000000240935089657057233126
00.0000000240935089657057233126
00.0000000240935089657057233126
00.0000000240935089657057233126
00.0000000240935089657057233126
00.0000000240935089657057233126
00.0000000240935089657057233126
00.0000000240935089657057233126
00.0000000240935089657057233126
00.0000000240935089657057233126
00.0000000240935089657057233126
00.0000000240935089657057233126
00.0000000240935089657057233126
00.0000000240935089657057233126
00.0000000240935089657057233126
00.0000000240935089657057233126
00.0000000240935089657057233126
00.0000000240935089657057233126
00.0000000240935089657057233126
00.0000000240935089657057233126
00.0000000240935089657057233126
00.0000000240935089657057233126
00.0000000240935089657057233126
00.0000000240935089657057233126
00.0000000240935089657057233126
00.0000000240935089657057233126
00.0000000240935089657057233126
00.0000000240935089657057233126
00.0000000240935089657057233126
00.0000000240935089657057233126
00.0000000240935089657057233126
00.0000000240935089657057233126
00.0000000240935089657057233126
00.0000000240935089657057233126
00.0000000240935089657057233126
00.0000000240935089657057233126
00.0000000240935089657057233126
00.0000000240935089657057233126
00.0000000240935089657057233126
00.0000000240935089657057233126
00.0000000240935089657057233126
00.0000000240935089657057233126
00.0000000240935089657057233126
00.0000000240935089657057233126
00.0000000240935089657057233126
00.0000000240935089657057233126
00.0000000240935089657057233126
00.0000000240935089657057233126
00.0000000240935089657057233126
00.0000000240935089657057233126
00.0000000240935089657057233126
00.0000000240935089657057233126
00.0000000240935089657057233126
00.0000000240935089657057233126
00.0000000240935089657057233126
00.0000000240935089657057233126
00.0000000240935089657057233126
00.0000000240935089657057233126
00.0000000240935089657057233126
00.0000000240935089657057233126
00.0000000240935089657057233126
00.0000000240935089657057233126
00.0000000240935089657057233126
00.0000000240935089657057233126
00.0000000240935089657057233126
00.0000000240935089657057233126
00.0000000240935089657057233126
00.0000000240935089657057233126
00.0000000240935089657057233126
00.0000000240935089657057233126
00.0000000240935089657057233126
00.0000000240935089657057233126
00.0000000240935089657057233126
00.0000000240935089657057233126
00.0000000240935089657057233126
00.0000000240935089657057233126
00.0000000240935089657057233126
00.0000000240935089657057233126
00.0000000240935089657057233126
00.0000000240935089657057233126
00.0000000240935089657057233126
00.0000000240935089657057233126
00.0000000240935089657057233126
00.0000000240935089657057233126
00.0000000240935089657057233126
00.0000000240935089657057233126
00.0000000240935089657057233126
00.0000000240935089657057233126
00.0000000240935089657057233126
00.0000000240935089657057233126
00.0000000240935089657057233126
00.0000000240935089657057233126
00.0000000240935089657057233126
00.0000000240935089657057233126
00.0000000240935089657057233126
00.0000000240935089657057233126
00.0000000240935089657057233126
00.0000000240935089657057233126
00.0000000240935089657057233126
00.0000000240935089657057233126
00.0000000240935089657057233126
00.0000000240935089657057233126
00.0000000240935089657057233126
00.0000000240935089657057233126
00.0000000240935089657057233126
00.0000000240935089657057233126
00.0000000240935089657057233126
00.0000000240935089657057233126
00.0000000240935089657057233126
00.0000000240935089657057233126
00.0000000240935089657057233126
00.0000000240935089657057233126
00.0000000240935089657057233126
00.0000000240935089657057233126
00.0000000240935089657057233126
00.0000000240935089657057233126
00.0000000240935089657057233126
00.0000000240935089657057233126
00.0000000240935089657057233126
00.0000000240935089657057233126
00.0000000240935089657057233126
00.0000000240935089657057233126
00.0000000240935089657057233126
00.0000000240935089657057233126
00.0000000240935089657057233126
00.0000000240935089657057233126
00.0000000240935089657057233126
00.0000000240935089657057233126
00.0000000240935089657057233126
00.0000000240935089657057233126
00.0000000240935089657057233126
00.0000000240935089657057233126
00.0000000240935089657057233126
00.0000000240935089657057233126
00.0000000240935089657057233126
00.0000000240935089657057233126
00.0000000240935089657057233126
00.0000000240935089657057233126
00.0000000240935089657057233126
00.0000000240935089657057233126
00.0000000240935089657057233126
00.0000000240935089657057233126
00.0000000240935089657057233126
00.0000000240935089657057233126
00.0000000240935089657057233126
00.0000000240935089657057233126
00.0000000240935089657057233126
00.0000000240935089657057233126
00.0000000240935089657057233126
00.0000000240935089657057233126
00.0000000240935089657057233126
00.0000000240935089657057233126
00.0000000240935089657057233126
00.0000000240935089657057233126
00.0000000240935089657057233126
00.0000000240935089657057233126
00.0000000240935089657057233126
00.0000000240935089657057233126
00.0000000240935089657057233126
00.0000000240935089657057233126
00.0000000240935089657057233126
00.0000000240935089657057233126
00.0000000240935089657057233126
00.0000000240935089657057233126
00.0000000240935089657057233126
00.0000000240935089657057233126
00.0000000240935089657057233126
00.0000000240935089657057233126
00.0000000240935089657057233126
00.0000000240935089657057233126
00.0000000240935089657057233126
00.0000000240935089657057233126
00.0000000240935089657057233126
00.0000000240935089657057233126
00.0000000240935089657057233126
00.0000000240935089657057233126
00.0000000240935089657057233126
00.0000000240935089657057233126
00.0000000240935089657057233126
00.0000000240935089657057233126
00.0000000240935089657057233126
00.0000000240935089657057233126
00.0000000240935089657057233126
00.0000000240935089657057233126
00.0000000240935089657057233126
00.0000000240935089657057233126
00.0000000240935089657057233126
00.0000000240935089657057233126
00.0000000240935089657057233126
00.0000000240935089657057233126
00.0000000240935089657057233126
00.0000000240935089657057233126
00.0000000240935089657057233126
00.0000000240935089657057233126
00.0000000240935089657057233126
00.0000000240935089657057233126
00.0000000240935089657057233126
00.0000000240935089657057233126
00.0000000240935089657057233126
00.0000000240935089657057233126
00.0000000240935089657057233126
00.0000000240935089657057233126
00.0000000240935089657057233126
00.0000000240935089657057233126
00.0000000240935089657057233126
00.0000000240935089657057233126
00.0000000240935089657057233126
00.0000000240935089657057233126
00.0000000240935089657057233126
00.0000000240935089657057233126
00.0000000240935089657057233126
00.0000000240935089657057233126
00.0000000240935089657057233126
00.0000000240935089657057233126
00.0000000240935089657057233126
00.0000000240935089657057233126
00.0000000240935089657057233126
00.0000000240935089657057233126
00.0000000240935089657057233126
00.0000000240935089657057233126
00.0000000240935089657057233126
00.0000000240935089657057233126
00.0000000240935089657057233126
00.0000000240935089657057233126
00.0000000240935089657057233126
00.0000000240935089657057233126
00.0000000240935089657057233126
00.0000000240935089657057233126
00.0000000240935089657057233126
00.0000000240935089657057233126
00.0000000240935089657057233126
00.0000000240935089657057233126
00.0000000240935089657057233126
00.0000000240935089657057233126
00.0000000240935089657057233126
00.0000000240935089657057233126
00.0000000240935089657057233126
00.0000000240935089657057233126
00.0000000240935089657057233126
00.0000000240935089657057233126
00.0000000240935089657057233126
00.0000000240935089657057233126
00.0000000240935089657057233126
00.0000000240935089657057233126
00.0000000240935089657057233126
00.0000000240935089657057233126
00.0000000240935089657057233126
00.0000000240935089657057233126
00.0000000240935089657057233126
00.0000000240935089657057233126
00.0000000240935089657057233126
00.0000000240935089657057233126
00.0000000240935089657057233126
00.0000000240935089657057233126
00.0000000240935089657057233126
00.0000000240935089657057233126
00.0000000240935089657057233126
00.0000000240935089657057233126
00.0000000240935089657057233126
00.0000000240935089657057233126
00.0000000240935089657057233126
00.0000000240935089657057233126
00.0000000240935089657057233126
00.0000000240935089657057233126
00.0000000240935089657057233126
00.0000000240935089657057233126
00.0000000240935089657057233126
00.0000000240935089657057233126
00.0000000240935089657057233126
00.0000000240935089657057233126
00.0000000240935089657057233126
00.0000000240935089657057233126
00.0000000240935089657057233126
00.0000000240935089657057233126
00.0000000240935089657057233126
00.0000000240935089657057233126
00.0000000240935089657057233126
00.0000000240935089657057233126
00.0000000240935089657057233126
00.0000000240935089657057233126
00.0000000240935089657057233126
00.0000000240935089657057233126
00.0000000240935089657057233126
00.0000000240935089657057233126
00.0000000240935089657057233126
00.0000000240935089657057233126
00.0000000240935089657057233126
00.0000000240935089657057233126
00.0000000240935089657057233126
00.0000000240935089657057233126
00.0000000240935089657057233126
00.0000000240935089657057233126
00.0000000240935089657057233126
00.0000000240935089657057233126
00.0000000240935089657057233126
00.0000000240935089657057233126
00.0000000240935089657057233126
00.0000000240935089657057233126
00.0000000240935089657057233126
00.0000000240935089657057233126
00.0000000240935089657057233126
00.0000000240935089657057233126
00.0000000240935089657057233126
00.0000000240935089657057233126
00.0000000240935089657057233126
00.0000000240935089657057233126
00.0000000240935089657057233126
00.0000000240935089657057233126
00.0000000240935089657057233126
00.0000000240935089657057233126
00.0000000240935089657057233126
00.0000000240935089657057233126
00.0000000240935089657057233126
00.0000000240935089657057233126
00.0000000240935089657057233126
00.0000000240935089657057233126
00.0000000240935089657057233126
00.0000000240935089657057233126
00.0000000240935089657057233126
00.0000000240935089657057233126
00.0000000240935089657057233126
00.0000000240935089657057233126
00.0000000240935089657057233126
00.0000000240935089657057233126
00.0000000240935089657057233126
00.0000000240935089657057233126
00.0000000240935089657057233126
00.0000000240935089657057233126
00.0000000240935089657057233126
00.0000000240935089657057233126
00.0000000240935089657057233126
00.0000000240935089657057233126
00.0000000240935089657057233126
00.0000000240935089657057233126
00.0000000240935089657057233126
00.0000000240935089657057233126
00.0000000240935089657057233126
00.0000000240935089657057233126
00.0000000240935089657057233126
00.0000000240935089657057233126
00.0000000240935089657057233126
00.0000000240935089657057233126
00.0000000240935089657057233126
00.0000000240935089657057233126
00.0000000240935089657057233126
00.0000000240935089657057233126
00.0000000240935089657057233126
00.0000000240935089657057233126
00.0000000240935089657057233126
00.0000000240935089657057233126
00.0000000240935089657057233126
00.0000000240935089657057233126
00.0000000240935089657057233126
00.0000000240935089657057233126
00.0000000240935089657057233126
00.0000000240935089657057233126
00.0000000240935089657057233126
00.0000000240935089657057233126
00.0000000240935089657057233126
00.0000000240935089657057233126
00.0000000240935089657057233126
00.0000000240935089657057233126
00.0000000240935089657057233126
00.0000000240935089657057233126
00.0000000240935089657057233126
00.0000000240935089657057233126
00.0000000240935089657057233126
00.0000000240935089657057233126
00.0000000240935089657057233126
00.0000000240935089657057233126
00.0000000240935089657057233126
00.0000000240935089657057233126
00.0000000240935089657057233126
00.0000000240935089657057233126
00.0000000240935089657057233126
00.0000000240935089657057233126
00.0000000240935089657057233126
00.0000000240935089657057233126
00.0000000240935089657057233126
00.0000000240935089657057233126
00.0000000240935089657057233126
00.0000000240935089657057233126
00.0000000240935089657057233126
00.0000000240935089657057233126
00.0000000240935089657057233126
00.0000000240935089657057233126
00.0000000240935089657057233126
00.0000000240935089657057233126
00.0000000240935089657057233126
00.0000000240935089657057233126
00.0000000240935089657057233126
00.0000000240935089657057233126
00.0000000240935089657057233126
00.0000000240935089657057233126
00.0000000240935089657057233126
00.0000000240935089657057233126
00.0000000240935089657057233126
00.0000000240935089657057233126
00.0000000240935089657057233126
00.0000000240935089657057233126
00.0000000240935089657057233126
00.0000000240935089657057233126
00.0000000240935089657057233126
00.0000000240935089657057233126
00.0000000240935089657057233126
00.0000000240935089657057233126
00.0000000240935089657057233126
00.0000000240935089657057233126
00.0000000240935089657057233126
00.0000000240935089657057233126
00.0000000240935089657057233126
00.0000000240935089657057233126
00.0000000240935089657057233126
00.0000000240935089657057233126
00.0000000240935089657057233126
00.0000000240935089657057233126
00.0000000240935089657057233126
00.0000000240935089657057233126
00.0000000240935089657057233126
00.0000000240935089657057233126
00.0000000240935089657057233126
00.0000000240935089657057233126
00.0000000240935089657057233126
00.0000000240935089657057233126
00.0000000240935089657057233126
00.0000000240935089657057233126
00.0000000240935089657057233126
00.0000000240935089657057233126
00.0000000240935089657057233126
00.0000000240935089657057233126
00.0000000240935089657057233126
00.0000000240935089657057233126
00.0000000240935089657057233126
00.0000000240935089657057233126
00.0000000240935089657057233126
00.0000000240935089657057233126
00.0000000240935089657057233126
00.0000000240935089657057233126
00.0000000240935089657057233126
00.0000000240935089657057233126
00.0000000240935089657057233126
00.0000000240935089657057233126
00.0000000240935089657057233126
00.0000000240935089657057233126
00.0000000240935089657057233126
00.0000000240935089657057233126
00.0000000240935089657057233126
00.0000000240935089657057233126
00.0000000240935089657057233126
00.0000000240935089657057233126
00.0000000240935089657057233126
00.0000000240935089657057233126
00.0000000240935089657057233126
00.0000000240935089657057233126
00.0000000240935089657057233126
00.0000000240935089657057233126
00.0000000240935089657057233126
00.0000000240935089657057233126
00.0000000240935089657057233126
00.0000000240935089657057233126
00.0000000240935089657057233126
00.0000000240935089657057233126
00.0000000240935089657057233126
00.0000000240935089657057233126
00.0000000240935089657057233126
00.0000000240935089657057233126
00.0000000240935089657057233126
00.0000000240935089657057233126
00.0000000240935089657057233126
00.0000000240935089657057233126
00.0000000240935089657057233126
00.0000000240935089657057233126
00.0000000240935089657057233126
00.0000000240935089657057233126
00.0000000240935089657057233126
00.0000000240935089657057233126
00.0000000240935089657057233126
00.0000000240935089657057233126
00.0000000240935089657057233126
00.0000000240935089657057233126
00.0000000240935089657057233126
00.0000000240935089657057233126
00.0000000240935089657057233126
00.0000000240935089657057233126
00.0000000240935089657057233126
00.0000000240935089657057233126
00.0000000240935089657057233126
00.0000000240935089657057233126
00.0000000240935089657057233126
00.0000000240935089657057233126
00.0000000240935089657057233126
00.0000000240935089657057233126
00.0000000240935089657057233126
00.0000000240935089657057233126
00.0000000240935089657057233126
00.0000000240935089657057233126
00.0000000240935089657057233126
00.0000000240935089657057233126
00.0000000240935089657057233126
00.0000000240935089657057233126
00.0000000240935089657057233126
00.0000000240935089657057233126
00.0000000240935089657057233126
00.0000000240935089657057233126
00.0000000240935089657057233126
00.0000000240935089657057233126
00.0000000240935089657057233126
00.0000000240935089657057233126
00.0000000240935089657057233126
00.0000000240935089657057233126
00.0000000240935089657057233126
00.0000000240935089657057233126
00.0000000240935089657057233126
00.0000000240935089657057233126
00.0000000240935089657057233126
00.0000000240935089657057233126
00.0000000240935089657057233126
00.0000000240935089657057233126
00.0000000240935089657057233126
00.0000000240935089657057233126
00.0000000240935089657057233126
00.0000000240935089657057233126
00.0000000240935089657057233126
00.0000000240935089657057233126
00.0000000240935089657057233126
00.0000000240935089657057233126
00.0000000240935089657057233126
00.0000000240935089657057233126
00.0000000240935089657057233126
00.0000000240935089657057233126
00.0000000240935089657057233126
00.0000000240935089657057233126
00.0000000240935089657057233126
00.0000000240935089657057233126
00.0000000240935089657057233126
00.0000000240935089657057233126
00.0000000240935089657057233126
00.0000000240935089657057233126
00.0000000240935089657057233126
00.0000000240935089657057233126
00.0000000240935089657057233126
00.0000000240935089657057233126
00.0000000240935089657057233126
00.0000000240935089657057233126
00.0000000240935089657057233126
00.0000000240935089657057233126
00.0000000240935089657057233126
00.0000000240935089657057233126
00.0000000240935089657057233126
00.0000000240935089657057233126
00.0000000240935089657057233126
00.0000000240935089657057233126
00.0000000240935089657057233126
00.0000000240935089657057233126
00.0000000240935089657057233126
00.0000000240935089657057233126
00.0000000240935089657057233126
00.0000000240935089657057233126
00.0000000240935089657057233126
00.0000000240935089657057233126
00.0000000240935089657057233126
00.0000000240935089657057233126
00.0000000240935089657057233126
00.0000000240935089657057233126
00.0000000240935089657057233126
00.0000000240935089657057233126
00.0000000240935089657057233126
00.0000000240935089657057233126
00.0000000240935089657057233126
00.0000000240935089657057233126
00.0000000240935089657057233126
00.0000000240935089657057233126
00.0000000240935089657057233126
00.0000000240935089657057233126
00.0000000240935089657057233126
00.0000000240935089657057233126
00.0000000240935089657057233126
00.0000000240935089657057233126
00.0000000240935089657057233126
00.0000000240935089657057233126
00.0000000240935089657057233126
00.0000000240935089657057233126
00.0000000240935089657057233126
00.0000000240935089657057233126
00.0000000240935089657057233126
00.0000000240935089657057233126
00.0000000240935089657057233126
00.0000000240935089657057233126
00.0000000240935089657057233126
00.0000000240935089657057233126
00.0000000240935089657057233126
00.0000000240935089657057233126
00.0000000240935089657057233126
00.0000000240935089657057233126
00.0000000240935089657057233126
00.0000000240935089657057233126
00.0000000240935089657057233126
00.0000000240935089657057233126
00.0000000240935089657057233126
00.0000000240935089657057233126
00.0000000240935089657057233126
00.0000000240935089657057233126
00.0000000240935089657057233126
00.0000000240935089657057233126
00.0000000240935089657057233126
00.0000000240935089657057233126
00.0000000240935089657057233126
00.0000000240935089657057233126
00.0000000240935089657057233126
00.0000000240935089657057233126
00.0000000240935089657057233126
00.0000000240935089657057233126
00.0000000240935089657057233126
00.0000000240935089657057233126
00.0000000240935089657057233126
00.0000000240935089657057233126
00.0000000240935089657057233126
00.0000000240935089657057233126
00.0000000240935089657057233126
00.0000000240935089657057233126
00.0000000240935089657057233126
00.0000000240935089657057233126
00.0000000240935089657057233126
00.0000000240935089657057233126
00.0000000240935089657057233126
00.0000000240935089657057233126
00.0000000240935089657057233126
00.0000000240935089657057233126
00.0000000240935089657057233126
00.0000000240935089657057233126
00.0000000240935089657057233126
00.0000000240935089657057233126
00.0000000240935089657057233126
00.0000000240935089657057233126
00.0000000240935089657057233126
00.0000000240935089657057233126
00.0000000240935089657057233126
00.0000000240935089657057233126
00.0000000240935089657057233126
00.0000000240935089657057233126
00.0000000240935089657057233126
00.0000000240935089657057233126
00.0000000240935089657057233126
00.0000000240935089657057233126
00.0000000240935089657057233126
00.0000000240935089657057233126
00.0000000240935089657057233126
00.0000000240935089657057233126
00.0000000240935089657057233126
00.0000000240935089657057233126
00.0000000240935089657057233126
00.0000000240935089657057233126
00.0000000240935089657057233126
00.0000000240935089657057233126
00.0000000240935089657057233126
00.0000000240935089657057233126
00.0000000240935089657057233126
00.0000000240935089657057233126
00.0000000240935089657057233126
00.0000000240935089657057233126
00.0000000240935089657057233126
00.0000000240935089657057233126
00.0000000240935089657057233126
00.0000000240935089657057233126
00.0000000240935089657057233126
00.0000000240935089657057233126
00.0000000240935089657057233126
00.0000000240935089657057233126
00.0000000240935089657057233126
00.0000000240935089657057233126
00.0000000240935089657057233126
00.0000000240935089657057233126
00.0000000240935089657057233126
00.0000000240935089657057233126
00.0000000240935089657057233126
00.0000000240935089657057233126
00.0000000240935089657057233126
00.0000000240935089657057233126
00.0000000240935089657057233126
00.0000000240935089657057233126
00.0000000240935089657057233126
00.0000000240935089657057233126
00.0000000240935089657057233126
00.0000000240935089657057233126
00.0000000240935089657057233126
00.0000000240935089657057233126
00.0000000240935089657057233126
00.0000000240935089657057233126
00.0000000240935089657057233126
00.0000000240935089657057233126
00.0000000240935089657057233126
00.0000000240935089657057233126
00.0000000240935089657057233126
00.0000000240935089657057233126
00.0000000240935089657057233126
00.0000000240935089657057233126
00.0000000240935089657057233126
00.0000000240935089657057233126
00.0000000240935089657057233126
00.0000000240935089657057233126
00.0000000240935089657057233126
00.0000000240935089657057233126
00.0000000240935089657057233126
00.0000000240935089657057233126
00.0000000240935089657057233126
00.0000000240935089657057233126
00.0000000240935089657057233126
00.0000000240935089657057233126
00.0000000240935089657057233126
00.0000000240935089657057233126
00.0000000240935089657057233126
00.0000000240935089657057233126
00.0000000240935089657057233126
00.0000000240935089657057233126
00.0000000240935089657057233126
00.0000000240935089657057233126
00.0000000240935089657057233126
00.0000000240935089657057233126
00.0000000240935089657057233126
00.0000000240935089657057233126
00.0000000240935089657057233126
00.0000000240935089657057233126
00.0000000240935089657057233126
00.0000000240935089657057233126
00.0000000240935089657057233126
00.0000000240935089657057233126
00.0000000240935089657057233126
00.0000000240935089657057233126
00.0000000240935089657057233126
00.0000000240935089657057233126
00.0000000240935089657057233126
00.0000000240935089657057233126
00.0000000240935089657057233126
00.0000000240935089657057233126
00.0000000240935089657057233126
00.0000000240935089657057233126
00.0000000240935089657057233126
00.0000000240935089657057233126
00.0000000240935089657057233126
00.0000000240935089657057233126
00.0000000240935089657057233126
00.0000000240935089657057233126
00.0000000240935089657057233126
00.0000000240935089657057233126
00.0000000240935089657057233126
00.0000000240935089657057233126
00.0000000240935089657057233126
00.0000000240935089657057233126
00.0000000240935089657057233126
00.0000000240935089657057233126
00.0000000240935089657057233126
00.0000000240935089657057233126
00.0000000240935089657057233126
00.0000000240935089657057233126
00.0000000240935089657057233126
00.0000000240935089657057233126
00.0000000240935089657057233126
00.0000000240935089657057233126
00.0000000240935089657057233126
00.0000000240935089657057233126
00.0000000240935089657057233126
00.0000000240935089657057233126
00.0000000240935089657057233126
00.0000000240935089657057233126
00.0000000240935089657057233126
00.0000000240935089657057233126
00.0000000240935089657057233126
00.0000000240935089657057233126
00.0000000240935089657057233126
00.0000000240935089657057233126
00.0000000240935089657057233126
00.0000000240935089657057233126
00.0000000240935089657057233126
00.0000000240935089657057233126
00.0000000240935089657057233126
00.0000000240935089657057233126
00.0000000240935089657057233126
00.0000000240935089657057233126
00.0000000240935089657057233126
00.0000000240935089657057233126
00.0000000240935089657057233126
00.0000000240935089657057233126
00.0000000240935089657057233126
00.0000000240935089657057233126
00.0000000240935089657057233126
00.0000000240935089657057233126
00.0000000240935089657057233126
00.0000000240935089657057233126
00.0000000240935089657057233126
00.0000000240935089657057233126
00.0000000240935089657057233126
00.0000000240935089657057233126
00.0000000240935089657057233126
00.0000000240935089657057233126
00.0000000240935089657057233126
00.0000000240935089657057233126
00.0000000240935089657057233126
00.0000000240935089657057233126
00.0000000240935089657057233126
00.0000000240935089657057233126
00.0000000240935089657057233126
00.0000000240935089657057233126
00.0000000240935089657057233126
00.0000000240935089657057233126
00.0000000240935089657057233126
00.0000000240935089657057233126
00.0000000240935089657057233126
00.0000000240935089657057233126
00.0000000240935089657057233126
00.0000000240935089657057233126
00.0000000240935089657057233126
00.0000000240935089657057233126
00.0000000240935089657057233126
00.0000000240935089657057233126
00.0000000240935089657057233126
00.0000000240935089657057233126
00.0000000240935089657057233126
00.0000000240935089657057233126
00.0000000240935089657057233126
00.0000000240935089657057233126
00.0000000240935089657057233126
00.0000000240935089657057233126
00.0000000240935089657057233126
00.0000000240935089657057233126
00.0000000240935089657057233126
00.0000000240935089657057233126
00.0000000240935089657057233126
00.0000000240935089657057233126
00.0000000240935089657057233126
00.0000000240935089657057233126
00.0000000240935089657057233126
00.0000000240935089657057233126
00.0000000240935089657057233126
00.0000000240935089657057233126
00.0000000240935089657057233126
00.0000000240935089657057233126
00.0000000240935089657057233126
00.0000000240935089657057233126
00.0000000240935089657057233126
00.0000000240935089657057233126
00.0000000240935089657057233126
00.0000000240935089657057233126
00.0000000240935089657057233126
00.0000000240935089657057233126
00.0000000240935089657057233126
00.0000000240935089657057233126
00.0000000240935089657057233126
00.0000000240935089657057233126
00.0000000240935089657057233126
00.0000000240935089657057233126
00.0000000240935089657057233126
00.0000000240935089657057233126
00.0000000240935089657057233126
00.0000000240935089657057233126
00.0000000240935089657057233126
00.0000000240935089657057233126
00.0000000240935089657057233126
00.0000000240935089657057233126
00.0000000240935089657057233126
00.0000000240935089657057233126
00.0000000240935089657057233126
00.0000000240935089657057233126
00.0000000240935089657057233126
00.0000000240935089657057233126
00.0000000240935089657057233126
00.0000000240935089657057233126
00.0000000240935089657057233126
00.0000000240935089657057233126
00.0000000240935089657057233126
00.0000000240935089657057233126
00.0000000240935089657057233126
00.0000000240935089657057233126
00.0000000240935089657057233126
00.0000000240935089657057233126
00.0000000240935089657057233126
00.0000000240935089657057233126
00.0000000240935089657057233126
00.0000000240935089657057233126
00.0000000240935089657057233126
00.0000000240935089657057233126
00.0000000240935089657057233126
00.0000000240935089657057233126
00.0000000240935089657057233126
00.0000000240935089657057233126
00.0000000240935089657057233126
00.0000000240935089657057233126
00.0000000240935089657057233126
00.0000000240935089657057233126
00.0000000240935089657057233126
00.0000000240935089657057233126
00.0000000240935089657057233126
00.0000000240935089657057233126
00.0000000240935089657057233126
00.0000000240935089657057233126
00.0000000240935089657057233126
00.0000000240935089657057233126
00.0000000240935089657057233126
00.0000000240935089657057233126
00.0000000240935089657057233126
00.0000000240935089657057233126
00.0000000240935089657057233126
00.0000000240935089657057233126
00.0000000240935089657057233126
00.0000000240935089657057233126
00.0000000240935089657057233126
00.0000000240935089657057233126
00.0000000240935089657057233126
00.0000000240935089657057233126
00.0000000240935089657057233126
00.0000000240935089657057233126
00.0000000240935089657057233126
00.0000000240935089657057233126
00.0000000240935089657057233126
00.0000000240935089657057233126
00.0000000240935089657057233126
00.0000000240935089657057233126
00.0000000240935089657057233126
00.0000000240935089657057233126
00.0000000240935089657057233126
00.0000000240935089657057233126
00.0000000240935089657057233126
00.0000000240935089657057233126
00.0000000240935089657057233126
00.0000000240935089657057233126
00.0000000240935089657057233126
00.0000000240935089657057233126
00.0000000240935089657057233126
00.0000000240935089657057233126
00.0000000240935089657057233126
00.0000000240935089657057233126
00.0000000240935089657057233126
00.0000000240935089657057233126
00.0000000240935089657057233126
00.0000000240935089657057233126
00.0000000240935089657057233126
00.0000000240935089657057233126
00.0000000240935089657057233126
00.0000000240935089657057233126
00.0000000240935089657057233126
00.0000000240935089657057233126
00.0000000240935089657057233126
00.0000000240935089657057233126
00.0000000240935089657057233126
00.0000000240935089657057233126
00.0000000240935089657057233126
00.0000000240935089657057233126
00.0000000240935089657057233126
00.0000000240935089657057233126
00.0000000240935089657057233126
00.0000000240935089657057233126
00.0000000240935089657057233126
00.0000000240935089657057233126
00.0000000240935089657057233126
00.0000000240935089657057233126
00.0000000240935089657057233126
00.0000000240935089657057233126
00.0000000240935089657057233126
00.0000000240935089657057233126
00.0000000240935089657057233126
00.0000000240935089657057233126
00.0000000240935089657057233126
00.0000000240935089657057233126
00.0000000240935089657057233126
00.0000000240935089657057233126
00.0000000240935089657057233126
00.0000000240935089657057233126
00.0000000240935089657057233126
00.0000000240935089657057233126
00.0000000240935089657057233126
00.0000000240935089657057233126
00.0000000240935089657057233126
00.0000000240935089657057233126
00.0000000240935089657057233126
00.0000000240935089657057233126
00.0000000240935089657057233126
00.0000000240935089657057233126
00.0000000240935089657057233126
00.0000000240935089657057233126
00.0000000240935089657057233126
00.0000000240935089657057233126
00.0000000240935089657057233126
00.0000000240935089657057233126
00.0000000240935089657057233126
00.0000000240935089657057233126
00.0000000240935089657057233126
00.0000000240935089657057233126
00.0000000240935089657057233126
00.0000000240935089657057233126
00.0000000240935089657057233126
00.0000000240935089657057233126
00.0000000240935089657057233126
00.0000000240935089657057233126
00.0000000240935089657057233126
00.0000000240935089657057233126
00.0000000240935089657057233126
00.0000000240935089657057233126
00.0000000240935089657057233126
00.0000000240935089657057233126
00.0000000240935089657057233126
00.0000000240935089657057233126
00.0000000240935089657057233126
00.0000000240935089657057233126
00.0000000240935089657057233126
00.0000000240935089657057233126
00.0000000240935089657057233126
00.0000000240935089657057233126
00.0000000240935089657057233126
00.0000000240935089657057233126
00.0000000240935089657057233126
00.0000000240935089657057233126
00.0000000240935089657057233126
00.0000000240935089657057233126
00.0000000240935089657057233126
00.0000000240935089657057233126
00.0000000240935089657057233126
00.0000000240935089657057233126
00.0000000240935089657057233126
00.0000000240935089657057233126
00.0000000240935089657057233126
00.0000000240935089657057233126
00.0000000240935089657057233126
00.0000000240935089657057233126
00.0000000240935089657057233126
00.0000000240935089657057233126
00.0000000240935089657057233126
00.0000000240935089657057233126
00.0000000240935089657057233126
00.0000000240935089657057233126
00.0000000240935089657057233126
00.0000000240935089657057233126
00.0000000240935089657057233126
00.0000000240935089657057233126
00.0000000240935089657057233126
00.0000000240935089657057233126
00.0000000240935089657057233126
00.0000000240935089657057233126
00.0000000240935089657057233126
00.0000000240935089657057233126
00.0000000240935089657057233126
00.0000000240935089657057233126
00.0000000240935089657057233126
00.0000000240935089657057233126
00.0000000240935089657057233126
00.0000000240935089657057233126
00.0000000240935089657057233126
00.0000000240935089657057233126
00.0000000240935089657057233126
00.0000000240935089657057233126
00.0000000240935089657057233126
00.0000000240935089657057233126
00.0000000240935089657057233126
00.0000000240935089657057233126
00.0000000240935089657057233126
00.0000000240935089657057233126
00.0000000240935089657057233126
00.0000000240935089657057233126
00.0000000240935089657057233126
00.0000000240935089657057233126
00.0000000240935089657057233126
00.0000000240935089657057233126
00.0000000240935089657057233126
00.0000000240935089657057233126
00.0000000240935089657057233126
00.0000000240935089657057233126
00.0000000240935089657057233126
00.0000000240935089657057233126
00.0000000240935089657057233126
00.0000000240935089657057233126
00.0000000240935089657057233126
00.0000000240935089657057233126
00.0000000240935089657057233126
00.0000000240935089657057233126
00.0000000240935089657057233126
00.0000000240935089657057233126
00.0000000240935089657057233126
00.0000000240935089657057233126
00.0000000240935089657057233126
00.0000000240935089657057233126
00.0000000240935089657057233126
00.0000000240935089657057233126
00.0000000240935089657057233126
00.0000000240935089657057233126
00.0000000240935089657057233126
00.0000000240935089657057233126
00.0000000240935089657057233126
00.0000000240935089657057233126
00.0000000240935089657057233126
00.0000000240935089657057233126
00.0000000240935089657057233126
00.0000000240935089657057233126
00.0000000240935089657057233126
00.0000000240935089657057233126
00.0000000240935089657057233126
00.0000000240935089657057233126
00.0000000240935089657057233126
00.0000000240935089657057233126
00.0000000240935089657057233126
00.0000000240935089657057233126
00.0000000240935089657057233126
00.0000000240935089657057233126
00.0000000240935089657057233126
00.0000000240935089657057233126
00.0000000240935089657057233126
00.0000000240935089657057233126
00.0000000240935089657057233126
00.0000000240935089657057233126
00.0000000240935089657057233126
00.0000000240935089657057233126
00.0000000240935089657057233126
00.0000000240935089657057233126
00.0000000240935089657057233126
00.0000000240935089657057233126
00.0000000240935089657057233126
00.0000000240935089657057233126
00.0000000240935089657057233126
00.0000000240935089657057233126
00.0000000240935089657057233126
00.0000000240935089657057233126
00.0000000240935089657057233126
00.0000000240935089657057233126
00.0000000240935089657057233126
00.0000000240935089657057233126
00.0000000240935089657057233126
00.0000000240935089657057233126
00.0000000240935089657057233126
00.0000000240935089657057233126
00.0000000240935089657057233126
00.0000000240935089657057233126
00.0000000240935089657057233126
00.0000000240935089657057233126
00.0000000240935089657057233126
00.0000000240935089657057233126
00.0000000240935089657057233126
00.0000000240935089657057233126
00.0000000240935089657057233126
00.0000000240935089657057233126
00.0000000240935089657057233126
00.0000000240935089657057233126
00.0000000240935089657057233126
00.0000000240935089657057233126
00.0000000240935089657057233126
00.0000000240935089657057233126
00.0000000240935089657057233126
00.0000000240935089657057233126
00.0000000240935089657057233126
00.0000000240935089657057233126
00.0000000240935089657057233126
00.0000000240935089657057233126
00.0000000240935089657057233126
00.0000000240935089657057233126
00.0000000240935089657057233126
00.0000000240935089657057233126
00.0000000240935089657057233126
00.0000000240935089657057233126
00.0000000240935089657057233126
00.0000000240935089657057233126
00.0000000240935089657057233126
00.0000000240935089657057233126
00.0000000240935089657057233126
00.0000000240935089657057233126
00.0000000240935089657057233126
00.0000000240935089657057233126
00.0000000240935089657057233126
00.0000000240935089657057233126
00.0000000240935089657057233126
00.0000000240935089657057233126
00.0000000240935089657057233126
00.0000000240935089657057233126
00.0000000240935089657057233126
00.0000000240935089657057233126
00.0000000240935089657057233126
00.0000000240935089657057233126
00.0000000240935089657057233126
00.0000000240935089657057233126
00.0000000240935089657057233126
00.0000000240935089657057233126
00.0000000240935089657057233126
00.0000000240935089657057233126
00.0000000240935089657057233126
00.0000000240935089657057233126
00.0000000240935089657057233126
00.0000000240935089657057233126
00.0000000240935089657057233126
00.0000000240935089657057233126
00.0000000240935089657057233126
00.0000000240935089657057233126
00.0000000240935089657057233126
00.0000000240935089657057233126
00.0000000240935089657057233126
00.0000000240935089657057233126
00.0000000240935089657057233126
00.0000000240935089657057233126
00.0000000240935089657057233126
00.0000000240935089657057233126
00.0000000240935089657057233126
00.0000000240935089657057233126
00.0000000240935089657057233126
00.0000000240935089657057233126
00.0000000240935089657057233126
00.0000000240935089657057233126
00.0000000240935089657057233126
00.0000000240935089657057233126
00.0000000240935089657057233126
00.0000000240935089657057233126
00.0000000240935089657057233126
00.0000000240935089657057233126
00.0000000240935089657057233126
00.0000000240935089657057233126
00.0000000240935089657057233126
00.0000000240935089657057233126
00.0000000240935089657057233126
00.0000000240935089657057233126
00.0000000240935089657057233126
00.0000000240935089657057233126
00.0000000240935089657057233126
00.0000000240935089657057233126
00.0000000240935089657057233126
00.0000000240935089657057233126
00.0000000240935089657057233126
00.0000000240935089657057233126
00.0000000240935089657057233126
00.0000000240935089657057233126
00.0000000240935089657057233126
00.0000000240935089657057233126
00.0000000240935089657057233126
00.0000000240935089657057233126
00.0000000240935089657057233126
00.0000000240935089657057233126
00.0000000240935089657057233126
00.0000000240935089657057233126
00.0000000240935089657057233126
00.0000000240935089657057233126
00.0000000240935089657057233126
00.0000000240935089657057233126
00.0000000240935089657057233126
00.0000000240935089657057233126
00.0000000240935089657057233126
00.0000000240935089657057233126
00.0000000240935089657057233126
00.0000000240935089657057233126
00.0000000240935089657057233126
00.0000000240935089657057233126
00.0000000240935089657057233126
00.0000000240935089657057233126
00.0000000240935089657057233126
00.0000000240935089657057233126
00.0000000240935089657057233126
00.0000000240935089657057233126
00.0000000240935089657057233126
00.0000000240935089657057233126
00.0000000240935089657057233126
00.0000000240935089657057233126
00.0000000240935089657057233126
00.0000000240935089657057233126
00.0000000240935089657057233126
00.0000000240935089657057233126
00.0000000240935089657057233126
00.0000000240935089657057233126
00.0000000240935089657057233126
00.0000000240935089657057233126
00.0000000240935089657057233126
00.0000000240935089657057233126
00.0000000240935089657057233126
00.0000000240935089657057233126
00.0000000240935089657057233126
00.0000000240935089657057233126
00.0000000240935089657057233126
00.0000000240935089657057233126
00.0000000240935089657057233126
00.0000000240935089657057233126
00.0000000240935089657057233126
00.0000000240935089657057233126
00.0000000240935089657057233126
00.0000000240935089657057233126
00.0000000240935089657057233126
00.0000000240935089657057233126
00.0000000240935089657057233126
00.0000000240935089657057233126
00.0000000240935089657057233126
00.0000000240935089657057233126
00.0000000240935089657057233126
00.0000000240935089657057233126
00.0000000240935089657057233126
00.0000000240935089657057233126
00.0000000240935089657057233126
00.0000000240935089657057233126
00.0000000240935089657057233126
00.0000000240935089657057233126
00.0000000240935089657057233126
00.0000000240935089657057233126
00.0000000240935089657057233126
00.0000000240935089657057233126
00.0000000240935089657057233126
00.0000000240935089657057233126
00.0000000240935089657057233126
00.0000000240935089657057233126
00.0000000240935089657057233126
00.0000000240935089657057233126
00.0000000240935089657057233126
00.0000000240935089657057233126
00.0000000240935089657057233126
00.0000000240935089657057233126
00.0000000240935089657057233126
00.0000000240935089657057233126
00.0000000240935089657057233126
00.0000000240935089657057233126
00.0000000240935089657057233126
00.0000000240935089657057233126
00.0000000240935089657057233126
00.0000000240935089657057233126
00.0000000240935089657057233126
00.0000000240935089657057233126
00.0000000240935089657057233126
00.0000000240935089657057233126
00.0000000240935089657057233126
00.0000000240935089657057233126
00.0000000240935089657057233126
00.0000000240935089657057233126
00.0000000240935089657057233126
00.0000000240935089657057233126
00.0000000240935089657057233126
00.0000000240935089657057233126
00.0000000240935089657057233126
00.0000000240935089657057233126
00.0000000240935089657057233126
00.0000000240935089657057233126
00.0000000240935089657057233126
00.0000000240935089657057233126
00.0000000240935089657057233126
00.0000000240935089657057233126
00.0000000240935089657057233126
00.0000000240935089657057233126
00.0000000240935089657057233126
00.0000000240935089657057233126
00.0000000240935089657057233126
00.0000000240935089657057233126
00.0000000240935089657057233126
00.0000000240935089657057233126
00.0000000240935089657057233126
00.0000000240935089657057233126
00.0000000240935089657057233126
00.0000000240935089657057233126
00.0000000240935089657057233126
00.0000000240935089657057233126
00.0000000240935089657057233126
00.0000000240935089657057233126
00.0000000240935089657057233126
00.0000000240935089657057233126
00.0000000240935089657057233126
00.0000000240935089657057233126
00.0000000240935089657057233126
00.0000000240935089657057233126
00.0000000240935089657057233126
00.0000000240935089657057233126
00.0000000240935089657057233126
00.0000000240935089657057233126
00.0000000240935089657057233126
00.0000000240935089657057233126
00.0000000240935089657057233126
00.0000000240935089657057233126
00.0000000240935089657057233126
00.0000000240935089657057233126
00.0000000240935089657057233126
00.0000000240935089657057233126
00.0000000240935089657057233126
00.0000000240935089657057233126
00.0000000240935089657057233126
00.0000000240935089657057233126
00.0000000240935089657057233126
00.0000000240935089657057233126
00.0000000240935089657057233126
00.0000000240935089657057233126
00.0000000240935089657057233126
00.0000000240935089657057233126
00.0000000240935089657057233126
00.0000000240935089657057233126
00.0000000240935089657057233126
00.0000000240935089657057233126
00.0000000240935089657057233126
00.0000000240935089657057233126
00.0000000240935089657057233126
00.0000000240935089657057233126
00.0000000240935089657057233126
00.0000000240935089657057233126
00.0000000240935089657057233126
00.0000000240935089657057233126
00.0000000240935089657057233126
00.0000000240935089657057233126
00.0000000240935089657057233126
00.0000000240935089657057233126
00.0000000240935089657057233126
00.0000000240935089657057233126
00.0000000240935089657057233126
00.0000000240935089657057233126
00.0000000240935089657057233126
00.0000000240935089657057233126
00.0000000240935089657057233126
00.0000000240935089657057233126
00.0000000240935089657057233126
00.0000000240935089657057233126
00.0000000240935089657057233126
00.0000000240935089657057233126
00.0000000240935089657057233126
00.0000000240935089657057233126
00.0000000240935089657057233126
00.0000000240935089657057233126
00.0000000240935089657057233126
00.0000000240935089657057233126
00.0000000240935089657057233126
00.0000000240935089657057233126
00.0000000240935089657057233126
00.0000000240935089657057233126
00.0000000240935089657057233126
00.0000000240935089657057233126
00.0000000240935089657057233126
00.0000000240935089657057233126
00.0000000240935089657057233126
00.0000000240935089657057233126
00.0000000240935089657057233126
00.0000000240935089657057233126
00.0000000240935089657057233126
00.0000000240935089657057233126
00.0000000240935089657057233126
00.0000000240935089657057233126
00.0000000240935089657057233126
00.0000000240935089657057233126
00.0000000240935089657057233126
00.0000000240935089657057233126
00.0000000240935089657057233126
00.0000000240935089657057233126
00.0000000240935089657057233126
00.0000000240935089657057233126
00.0000000240935089657057233126
00.0000000240935089657057233126
00.0000000240935089657057233126
00.0000000240935089657057233126
00.0000000240935089657057233126
00.0000000240935089657057233126
00.0000000240935089657057233126
00.0000000240935089657057233126
00.0000000240935089657057233126
00.0000000240935089657057233126
00.0000000240935089657057233126
00.0000000240935089657057233126
00.0000000240935089657057233126
00.0000000240935089657057233126
00.0000000240935089657057233126
00.0000000240935089657057233126
00.0000000240935089657057233126
00.0000000240935089657057233126
00.0000000240935089657057233126
00.0000000240935089657057233126
00.0000000240935089657057233126
00.0000000240935089657057233126
00.0000000240935089657057233126
00.0000000240935089657057233126
00.0000000240935089657057233126
00.0000000240935089657057233126
00.0000000240935089657057233126
00.0000000240935089657057233126
00.0000000240935089657057233126
00.0000000240935089657057233126
00.0000000240935089657057233126
00.0000000240935089657057233126
00.0000000240935089657057233126
00.0000000240935089657057233126
00.0000000240935089657057233126
00.0000000240935089657057233126
00.0000000240935089657057233126
00.0000000240935089657057233126
00.0000000240935089657057233126
00.0000000240935089657057233126
00.0000000240935089657057233126
00.0000000240935089657057233126
00.0000000240935089657057233126
00.0000000240935089657057233126
00.0000000240935089657057233126
00.0000000240935089657057233126
00.0000000240935089657057233126
00.0000000240935089657057233126
00.0000000240935089657057233126
00.0000000240935089657057233126
00.0000000240935089657057233126
00.0000000240935089657057233126
00.0000000240935089657057233126
00.0000000240935089657057233126
00.0000000240935089657057233126
00.0000000240935089657057233126
00.0000000240935089657057233126
00.0000000240935089657057233126
00.0000000240935089657057233126
00.0000000240935089657057233126
00.0000000240935089657057233126
00.0000000240935089657057233126
00.0000000240935089657057233126
00.0000000240935089657057233126
00.0000000240935089657057233126
00.0000000240935089657057233126
00.0000000240935089657057233126
00.0000000240935089657057233126
00.0000000240935089657057233126
00.0000000240935089657057233126
00.0000000240935089657057233126
00.0000000240935089657057233126
00.0000000240935089657057233126
00.0000000240935089657057233126
00.0000000240935089657057233126
00.0000000240935089657057233126
00.0000000240935089657057233126
00.0000000240935089657057233126
00.0000000240935089657057233126
00.0000000240935089657057233126
00.0000000240935089657057233126
00.0000000254590010184685411332
00.0000000254590010184685411332
00.0000000254590010184685411332
00.0000000254590010184685411332
00.0000000254590010184685411332
00.0000000254590010184685411332
00.0000000254590010184685411332
00.0000000254590010184685411332
00.0000000254590010184685411332
00.0000000254590010184685411332
00.0000000254590010184685411332
00.0000000254590010184685411332
00.0000000254590010184685411332
00.0000000254590010184685411332
00.0000000254590010184685411332
00.0000000254590010184685411332
00.0000000254590010184685411332
00.0000000254590010184685411332
00.0000000254590010184685411332
00.0000000254590010184685411332
00.0000000254590010184685411332
00.0000000254590010184685411332
00.0000000254590010184685411332
00.0000000254590010184685411332
00.0000000254590010184685411332
00.0000000254590010184685411332
00.0000000254590010184685411332
00.0000000254590010184685411332
00.0000000254590010184685411332
00.0000000254590010184685411332
00.0000000254590010184685411332
00.0000000254590010184685411332
00.0000000254590010184685411332
00.0000000254590010184685411332
00.0000000254590010184685411332
00.0000000254590010184685411332
00.0000000254590010184685411332
00.0000000254590010184685411332
00.0000000254590010184685411332
00.0000000254590010184685411332
00.0000000254590010184685411332
00.0000000254590010184685411332
00.0000000254590010184685411332
00.0000000254590010184685411332
00.0000000254590010184685411332
00.0000000254590010184685411332
00.0000000254590010184685411332
00.0000000254590010184685411332
00.0000000254590010184685411332
00.0000000254590010184685411332
00.0000000254590010184685411332
00.0000000254590010184685411332
00.0000000254590010184685411332
00.0000000254590010184685411332
00.0000000254590010184685411332
00.0000000254590010184685411332
00.0000000254590010184685411332
00.0000000254590010184685411332
00.0000000254590010184685411332
00.0000000254590010184685411332
00.0000000254590010184685411332
00.0000000254590010184685411332
00.0000000254590010184685411332
00.0000000254590010184685411332
00.0000000254590010184685411332
00.0000000254590010184685411332
00.0000000254590010184685411332
00.0000000254590010184685411332
00.0000000254590010184685411332
00.0000000254590010184685411332
00.0000000254590010184685411332
00.0000000254590010184685411332
00.0000000254590010184685411332
00.0000000254590010184685411332
00.0000000254590010184685411332
00.0000000254590010184685411332
00.0000000254590010184685411332
00.0000000254590010184685411332
00.0000000254590010184685411332
00.0000000254590010184685411332
00.0000000254590010184685411332
00.0000000254590010184685411332
00.0000000254590010184685411332
00.0000000254590010184685411332
00.0000000254590010184685411332
00.0000000254590010184685411332
00.0000000254590010184685411332
00.0000000254590010184685411332
00.0000000254590010184685411332
00.0000000254590010184685411332
00.0000000254590010184685411332
00.0000000254590010184685411332
00.0000000254590010184685411332
00.0000000254590010184685411332
00.0000000254590010184685411332
00.0000000254590010184685411332
00.0000000254590010184685411332
00.0000000254590010184685411332
00.0000000254590010184685411332
00.0000000254590010184685411332
00.0000000254590010184685411332
00.0000000254590010184685411332
00.0000000254590010184685411332
00.0000000254590010184685411332
00.0000000254590010184685411332
00.0000000254590010184685411332
00.0000000254590010184685411332
00.0000000254590010184685411332
00.0000000254590010184685411332
00.0000000254590010184685411332
00.0000000254590010184685411332
00.0000000254590010184685411332
00.0000000254590010184685411332
00.0000000254590010184685411332
00.0000000254590010184685411332
00.0000000254590010184685411332
00.0000000254590010184685411332
00.0000000254590010184685411332
00.0000000254590010184685411332
00.0000000254590010184685411332
00.0000000254590010184685411332
00.0000000254590010184685411332
00.0000000254590010184685411332
00.0000000254590010184685411332
00.0000000254590010184685411332
00.0000000254590010184685411332
00.0000000254590010184685411332
00.0000000254590010184685411332
00.0000000254590010184685411332
00.0000000254590010184685411332
00.0000000254590010184685411332
00.0000000254590010184685411332
00.0000000254590010184685411332
00.0000000254590010184685411332
00.0000000254590010184685411332
00.0000000254590010184685411332
00.0000000254590010184685411332
00.0000000254590010184685411332
00.0000000254590010184685411332
00.0000000254590010184685411332
00.0000000254590010184685411332
00.0000000254590010184685411332
00.0000000254590010184685411332
00.0000000254590010184685411332
00.0000000254590010184685411332
00.0000000254590010184685411332
00.0000000254590010184685411332
00.0000000254590010184685411332
00.0000000254590010184685411332
00.0000000254590010184685411332
00.0000000254590010184685411332
00.0000000254590010184685411332
00.0000000254590010184685411332
00.0000000254590010184685411332
00.0000000254590010184685411332
00.0000000254590010184685411332
00.0000000254590010184685411332
00.0000000254590010184685411332
00.0000000254590010184685411332
00.0000000254590010184685411332
00.0000000254590010184685411332
00.0000000254590010184685411332
00.0000000254590010184685411332
00.0000000254590010184685411332
00.0000000254590010184685411332
00.0000000254590010184685411332
00.0000000254590010184685411332
00.0000000254590010184685411332
00.0000000254590010184685411332
00.0000000254590010184685411332
00.0000000254590010184685411332
00.0000000254590010184685411332
00.0000000254590010184685411332
00.0000000254590010184685411332
00.0000000254590010184685411332
00.0000000254590010184685411332
00.0000000254590010184685411332
00.0000000254590010184685411332
00.0000000254590010184685411332
00.0000000254590010184685411332
00.0000000254590010184685411332
00.0000000254590010184685411332
00.0000000254590010184685411332
00.0000000254590010184685411332
00.0000000254590010184685411332
00.0000000254590010184685411332
00.0000000254590010184685411332
00.0000000254590010184685411332
00.0000000254590010184685411332
00.0000000254590010184685411332
00.0000000254590010184685411332
00.0000000254590010184685411332
00.0000000254590010184685411332
00.0000000254590010184685411332
00.0000000254590010184685411332
00.0000000254590010184685411332
00.0000000254590010184685411332
00.0000000254590010184685411332
00.0000000254590010184685411332
00.0000000254590010184685411332
00.0000000254590010184685411332
00.0000000254590010184685411332
00.0000000254590010184685411332
00.0000000254590010184685411332
00.0000000254590010184685411332
00.0000000254590010184685411332
00.0000000254590010184685411332
00.0000000254590010184685411332
00.0000000254590010184685411332
00.0000000254590010184685411332
00.0000000254590010184685411332
00.0000000254590010184685411332
00.0000000254590010184685411332
00.0000000254590010184685411332
00.0000000254590010184685411332
00.0000000254590010184685411332
00.0000000254590010184685411332
00.0000000254590010184685411332
00.0000000254590010184685411332
00.0000000254590010184685411332
00.0000000254590010184685411332
00.0000000254590010184685411332
00.0000000254590010184685411332
00.0000000254590010184685411332
00.0000000254590010184685411332
00.0000000254590010184685411332
00.0000000254590010184685411332
00.0000000254590010184685411332
00.0000000254590010184685411332
00.0000000254590010184685411332
00.0000000254590010184685411332
00.0000000254590010184685411332
00.0000000254590010184685411332
00.0000000254590010184685411332
00.0000000254590010184685411332
00.0000000254590010184685411332
00.0000000254590010184685411332
00.0000000254590010184685411332
00.0000000254590010184685411332
00.0000000254590010184685411332
00.0000000254590010184685411332
00.0000000254590010184685411332
00.0000000254590010184685411332
00.0000000254590010184685411332
00.0000000254590010184685411332
00.0000000254590010184685411332
00.0000000254590010184685411332
00.0000000254590010184685411332
00.0000000254590010184685411332
00.0000000254590010184685411332
00.0000000254590010184685411332
00.0000000254590010184685411332
00.0000000254590010184685411332
00.0000000254590010184685411332
00.0000000254590010184685411332
00.0000000254590010184685411332
00.0000000254590010184685411332
00.0000000254590010184685411332
00.0000000254590010184685411332
00.0000000254590010184685411332
00.0000000254590010184685411332
00.0000000254590010184685411332
00.0000000254590010184685411332
00.0000000254590010184685411332
00.0000000254590010184685411332
00.0000000254590010184685411332
00.0000000254590010184685411332
00.0000000254590010184685411332
00.0000000254590010184685411332
00.0000000254590010184685411332
00.0000000254590010184685411332
00.0000000254590010184685411332
00.0000000254590010184685411332
00.0000000254590010184685411332
00.0000000254590010184685411332
00.0000000254590010184685411332
00.0000000254590010184685411332
00.0000000254590010184685411332
00.0000000254590010184685411332
00.0000000254590010184685411332
00.0000000254590010184685411332
00.0000000254590010184685411332
00.0000000254590010184685411332
00.0000000254590010184685411332
00.0000000254590010184685411332
00.0000000254590010184685411332
00.0000000254590010184685411332
00.0000000254590010184685411332
00.0000000254590010184685411332
00.0000000254590010184685411332
00.0000000254590010184685411332
00.0000000254590010184685411332
00.0000000254590010184685411332
00.0000000254590010184685411332
00.0000000254590010184685411332
00.0000000254590010184685411332
00.0000000254590010184685411332
00.0000000254590010184685411332
00.0000000254590010184685411332
00.0000000254590010184685411332
00.0000000254590010184685411332
00.0000000254590010184685411332
00.0000000254590010184685411332
00.0000000254590010184685411332
00.0000000254590010184685411332
00.0000000254590010184685411332
00.0000000254590010184685411332
00.0000000254590010184685411332
00.0000000254590010184685411332
00.0000000254590010184685411332
00.0000000254590010184685411332
00.0000000254590010184685411332
00.0000000254590010184685411332
00.0000000254590010184685411332
00.0000000254590010184685411332
00.0000000254590010184685411332
00.0000000254590010184685411332
00.0000000254590010184685411332
00.0000000254590010184685411332
00.0000000254590010184685411332
00.0000000254590010184685411332
00.0000000254590010184685411332
00.0000000254590010184685411332
00.0000000254590010184685411332
00.0000000254590010184685411332
00.0000000254590010184685411332
00.0000000254590010184685411332
00.0000000254590010184685411332
00.0000000254590010184685411332
00.0000000254590010184685411332
00.0000000254590010184685411332
00.0000000254590010184685411332
00.0000000254590010184685411332
00.0000000254590010184685411332
00.0000000254590010184685411332
00.0000000254590010184685411332
00.0000000254590010184685411332
00.0000000254590010184685411332
00.0000000254590010184685411332
00.0000000254590010184685411332
00.0000000254590010184685411332
00.0000000254590010184685411332
00.0000000254590010184685411332
00.0000000254590010184685411332
00.0000000254590010184685411332
00.0000000254590010184685411332
00.0000000254590010184685411332
00.0000000254590010184685411332
00.0000000254590010184685411332
00.0000000254590010184685411332
00.0000000254590010184685411332
00.0000000254590010184685411332
00.0000000254590010184685411332
00.0000000254590010184685411332
00.0000000254590010184685411332
00.0000000254590010184685411332
00.0000000254590010184685411332
00.0000000254590010184685411332
00.0000000254590010184685411332
00.0000000254590010184685411332
00.0000000254590010184685411332
00.0000000254590010184685411332
00.0000000254590010184685411332
00.0000000254590010184685411332
00.0000000254590010184685411332
00.0000000254590010184685411332
00.0000000254590010184685411332
00.0000000254590010184685411332
00.0000000254590010184685411332
00.0000000254590010184685411332
00.0000000254590010184685411332
00.0000000254590010184685411332
00.0000000254590010184685411332
00.0000000254590010184685411332
00.0000000254590010184685411332
00.0000000254590010184685411332
00.0000000254590010184685411332
00.0000000254590010184685411332
00.0000000254590010184685411332
00.0000000254590010184685411332
00.0000000254590010184685411332
00.0000000254590010184685411332
00.0000000254590010184685411332
00.0000000254590010184685411332
00.0000000254590010184685411332
00.0000000254590010184685411332
00.0000000254590010184685411332
00.0000000254590010184685411332
00.0000000254590010184685411332
00.0000000254590010184685411332
00.0000000254590010184685411332
00.0000000254590010184685411332
00.0000000254590010184685411332
00.0000000254590010184685411332
00.0000000254590010184685411332
00.0000000254590010184685411332
00.0000000254590010184685411332
00.0000000254590010184685411332
00.0000000254590010184685411332
00.0000000254590010184685411332
00.0000000254590010184685411332
00.0000000254590010184685411332
00.0000000254590010184685411332
00.0000000254590010184685411332
00.0000000254590010184685411332
00.0000000254590010184685411332
00.0000000254590010184685411332
00.0000000254590010184685411332
00.0000000254590010184685411332
00.0000000254590010184685411332
00.0000000254590010184685411332
00.0000000254590010184685411332
00.0000000254590010184685411332
00.0000000254590010184685411332
00.0000000254590010184685411332
00.0000000254590010184685411332
00.0000000254590010184685411332
00.0000000254590010184685411332
00.0000000254590010184685411332
00.0000000254590010184685411332
00.0000000254590010184685411332
00.0000000254590010184685411332
00.0000000254590010184685411332
00.0000000254590010184685411332
00.0000000254590010184685411332
00.0000000254590010184685411332
00.0000000254590010184685411332
00.0000000254590010184685411332
00.0000000254590010184685411332
00.0000000254590010184685411332
00.0000000254590010184685411332
00.0000000254590010184685411332
00.0000000254590010184685411332
00.0000000254590010184685411332
00.0000000254590010184685411332
00.0000000254590010184685411332
00.0000000254590010184685411332
00.0000000254590010184685411332
00.0000000254590010184685411332
00.0000000254590010184685411332
00.0000000254590010184685411332
00.0000000254590010184685411332
00.0000000254590010184685411332
00.0000000254590010184685411332
00.0000000254590010184685411332
00.0000000254590010184685411332
00.0000000254590010184685411332
00.0000000254590010184685411332
00.0000000254590010184685411332
00.0000000254590010184685411332
00.0000000254590010184685411332
00.0000000254590010184685411332
00.0000000254590010184685411332
00.0000000254590010184685411332
00.0000000254590010184685411332
00.0000000254590010184685411332
00.0000000254590010184685411332
00.0000000254590010184685411332
00.0000000254590010184685411332
00.0000000254590010184685411332
00.0000000254590010184685411332
00.0000000254590010184685411332
00.0000000254590010184685411332
00.0000000254590010184685411332
00.0000000254590010184685411332
00.0000000254590010184685411332
00.0000000254590010184685411332
00.0000000254590010184685411332
00.0000000254590010184685411332
00.0000000254590010184685411332
00.0000000254590010184685411332
00.0000000254590010184685411332
00.0000000254590010184685411332
00.0000000254590010184685411332
00.0000000254590010184685411332
00.0000000254590010184685411332
00.0000000254590010184685411332
00.0000000254590010184685411332
00.0000000254590010184685411332
00.0000000254590010184685411332
00.0000000254590010184685411332
00.0000000254590010184685411332
00.0000000254590010184685411332
00.0000000254590010184685411332
00.0000000254590010184685411332
00.0000000254590010184685411332
00.0000000254590010184685411332
00.0000000254590010184685411332
00.0000000254590010184685411332
00.0000000254590010184685411332
00.0000000254590010184685411332
00.0000000254590010184685411332
00.0000000254590010184685411332
00.0000000254590010184685411332
00.0000000254590010184685411332
00.0000000254590010184685411332
00.0000000254590010184685411332
00.0000000254590010184685411332
00.0000000254590010184685411332
00.0000000254590010184685411332
00.0000000254590010184685411332
00.0000000254590010184685411332
00.0000000254590010184685411332
00.0000000254590010184685411332
00.0000000254590010184685411332
00.0000000254590010184685411332
00.0000000254590010184685411332
00.0000000254590010184685411332
00.0000000254590010184685411332
00.0000000254590010184685411332
00.0000000254590010184685411332
00.0000000254590010184685411332
00.0000000254590010184685411332
00.0000000254590010184685411332
00.0000000254590010184685411332
00.0000000254590010184685411332
00.0000000254590010184685411332
00.0000000254590010184685411332
00.0000000254590010184685411332
00.0000000254590010184685411332
00.0000000254590010184685411332
00.0000000254590010184685411332
00.0000000254590010184685411332
00.0000000254590010184685411332
00.0000000254590010184685411332
00.0000000254590010184685411332
00.0000000254590010184685411332
00.0000000254590010184685411332
00.0000000254590010184685411332
00.0000000254590010184685411332
00.0000000254590010184685411332
00.0000000254590010184685411332
00.0000000254590010184685411332
00.0000000254590010184685411332
00.0000000254590010184685411332
00.0000000254590010184685411332
00.0000000254590010184685411332
00.0000000254590010184685411332
00.0000000254590010184685411332
00.0000000254590010184685411332
00.0000000254590010184685411332
00.0000000254590010184685411332
00.0000000254590010184685411332
00.0000000254590010184685411332
00.0000000254590010184685411332
00.0000000254590010184685411332
00.0000000254590010184685411332
00.0000000254590010184685411332
00.0000000254590010184685411332
00.0000000254590010184685411332
00.0000000254590010184685411332
00.0000000254590010184685411332
00.0000000254590010184685411332
00.0000000254590010184685411332
00.0000000254590010184685411332
00.0000000254590010184685411332
00.0000000254590010184685411332
00.0000000254590010184685411332
00.0000000254590010184685411332
00.0000000254590010184685411332
00.0000000254590010184685411332
00.0000000254590010184685411332
00.0000000254590010184685411332
00.0000000254590010184685411332
00.0000000254590010184685411332
00.0000000254590010184685411332
00.0000000254590010184685411332
00.0000000254590010184685411332
00.0000000254590010184685411332
00.0000000254590010184685411332
00.0000000254590010184685411332
00.0000000254590010184685411332
00.0000000254590010184685411332
00.0000000254590010184685411332
00.0000000254590010184685411332
00.0000000254590010184685411332
00.0000000254590010184685411332
00.0000000254590010184685411332
00.0000000254590010184685411332
00.0000000254590010184685411332
00.0000000254590010184685411332
00.0000000254590010184685411332
00.0000000254590010184685411332
00.0000000254590010184685411332
00.0000000254590010184685411332
00.0000000254590010184685411332
00.0000000254590010184685411332
00.0000000254590010184685411332
00.0000000254590010184685411332
00.0000000254590010184685411332
00.0000000254590010184685411332
00.0000000254590010184685411332
00.0000000254590010184685411332
00.0000000254590010184685411332
00.0000000254590010184685411332
00.0000000254590010184685411332
00.0000000254590010184685411332
00.0000000254590010184685411332
00.0000000254590010184685411332
00.0000000254590010184685411332
00.0000000254590010184685411332
00.0000000254590010184685411332
00.0000000254590010184685411332
00.0000000254590010184685411332
00.0000000254590010184685411332
00.0000000254590010184685411332
00.0000000254590010184685411332
00.0000000254590010184685411332
00.0000000254590010184685411332
00.0000000254590010184685411332
00.0000000254590010184685411332
00.0000000254590010184685411332
00.0000000254590010184685411332
00.0000000254590010184685411332
00.0000000254590010184685411332
00.0000000254590010184685411332
00.0000000254590010184685411332
00.0000000254590010184685411332
00.0000000254590010184685411332
00.0000000254590010184685411332
00.0000000254590010184685411332
00.0000000254590010184685411332
00.0000000254590010184685411332
00.0000000254590010184685411332
00.0000000254590010184685411332
00.0000000254590010184685411332
00.0000000254590010184685411332
00.0000000254590010184685411332
00.0000000254590010184685411332
00.0000000254590010184685411332
00.0000000254590010184685411332
00.0000000254590010184685411332
00.0000000254590010184685411332
00.0000000254590010184685411332
00.0000000254590010184685411332
00.0000000254590010184685411332
00.0000000254590010184685411332
00.0000000254590010184685411332
00.0000000254590010184685411332
00.0000000254590010184685411332
00.0000000254590010184685411332
00.0000000254590010184685411332
00.0000000254590010184685411332
00.0000000254590010184685411332
00.0000000254590010184685411332
00.0000000254590010184685411332
00.0000000254590010184685411332
00.0000000254590010184685411332
00.0000000254590010184685411332
00.0000000254590010184685411332
00.0000000254590010184685411332
00.0000000254590010184685411332
00.0000000254590010184685411332
00.0000000254590010184685411332
00.0000000254590010184685411332
00.0000000254590010184685411332
00.0000000254590010184685411332
00.0000000254590010184685411332
00.0000000254590010184685411332
00.0000000254590010184685411332
00.0000000254590010184685411332
00.0000000254590010184685411332
00.0000000254590010184685411332
00.0000000254590010184685411332
00.0000000254590010184685411332
00.0000000254590010184685411332
00.0000000254590010184685411332
00.0000000254590010184685411332
00.0000000254590010184685411332
00.0000000254590010184685411332
00.0000000254590010184685411332
00.0000000254590010184685411332
00.0000000254590010184685411332
00.0000000254590010184685411332
00.0000000254590010184685411332
00.0000000254590010184685411332
00.0000000254590010184685411332
00.0000000254590010184685411332
00.0000000254590010184685411332
00.0000000254590010184685411332
00.0000000254590010184685411332
00.0000000254590010184685411332
00.0000000254590010184685411332
00.0000000254590010184685411332
00.0000000254590010184685411332
00.0000000254590010184685411332
00.0000000254590010184685411332
00.0000000254590010184685411332
00.0000000254590010184685411332
00.0000000254590010184685411332
00.0000000254590010184685411332
00.0000000254590010184685411332
00.0000000254590010184685411332
00.0000000254590010184685411332
00.0000000254590010184685411332
00.0000000254590010184685411332
00.0000000254590010184685411332
00.0000000254590010184685411332
00.0000000254590010184685411332
00.0000000254590010184685411332
00.0000000254590010184685411332
00.0000000254590010184685411332
00.0000000254590010184685411332
00.0000000254590010184685411332
00.0000000254590010184685411332
00.0000000254590010184685411332
00.0000000254590010184685411332
00.0000000254590010184685411332
00.0000000254590010184685411332
00.0000000254590010184685411332
00.0000000254590010184685411332
00.0000000254590010184685411332
00.0000000254590010184685411332
00.0000000254590010184685411332
00.0000000254590010184685411332
00.0000000254590010184685411332
00.0000000254590010184685411332
00.0000000254590010184685411332
00.0000000254590010184685411332
00.0000000254590010184685411332
00.0000000254590010184685411332
00.0000000254590010184685411332
00.0000000254590010184685411332
00.0000000254590010184685411332
00.0000000254590010184685411332
00.0000000254590010184685411332
00.0000000254590010184685411332
00.0000000254590010184685411332
00.0000000254590010184685411332
00.0000000254590010184685411332
00.0000000254590010184685411332
00.0000000254590010184685411332
00.0000000254590010184685411332
00.0000000254590010184685411332
00.0000000254590010184685411332
00.0000000254590010184685411332
00.0000000254590010184685411332
00.0000000254590010184685411332
00.0000000254590010184685411332
00.0000000254590010184685411332
00.0000000254590010184685411332
00.0000000254590010184685411332
00.0000000254590010184685411332
00.0000000254590010184685411332
00.0000000254590010184685411332
00.0000000254590010184685411332
00.0000000254590010184685411332
00.0000000254590010184685411332
00.0000000254590010184685411332
00.0000000254590010184685411332
00.0000000254590010184685411332
00.0000000254590010184685411332
00.0000000254590010184685411332
00.0000000254590010184685411332
00.0000000254590010184685411332
00.0000000254590010184685411332
00.0000000254590010184685411332
00.0000000254590010184685411332
00.0000000254590010184685411332
00.0000000254590010184685411332
00.0000000254590010184685411332
00.0000000254590010184685411332
00.0000000254590010184685411332
00.0000000254590010184685411332
00.0000000254590010184685411332
00.0000000254590010184685411332
00.0000000254590010184685411332
00.0000000254590010184685411332
00.0000000254590010184685411332
00.0000000254590010184685411332
00.0000000254590010184685411332
00.0000000254590010184685411332
00.0000000254590010184685411332
00.0000000254590010184685411332
00.0000000254590010184685411332
00.0000000254590010184685411332
00.0000000254590010184685411332
00.0000000254590010184685411332
00.0000000254590010184685411332
00.0000000254590010184685411332
00.0000000254590010184685411332
00.0000000254590010184685411332
00.0000000254590010184685411332
00.0000000254590010184685411332
00.0000000254590010184685411332
00.0000000254590010184685411332
00.0000000254590010184685411332
00.0000000254590010184685411332
00.0000000254590010184685411332
00.0000000254590010184685411332
00.0000000254590010184685411332
00.0000000254590010184685411332
00.0000000254590010184685411332
00.0000000254590010184685411332
00.0000000254590010184685411332
00.0000000254590010184685411332
00.0000000254590010184685411332
00.0000000254590010184685411332
00.0000000254590010184685411332
00.0000000254590010184685411332
00.0000000254590010184685411332
00.0000000254590010184685411332
00.0000000254590010184685411332
00.0000000254590010184685411332
00.0000000254590010184685411332
00.0000000254590010184685411332
00.0000000254590010184685411332
00.0000000254590010184685411332
00.0000000254590010184685411332
00.0000000254590010184685411332
00.0000000254590010184685411332
00.0000000254590010184685411332
00.0000000254590010184685411332
00.0000000254590010184685411332
00.0000000254590010184685411332
00.0000000254590010184685411332
00.0000000254590010184685411332
00.0000000254590010184685411332
00.0000000254590010184685411332
00.0000000254590010184685411332
00.0000000254590010184685411332
00.0000000254590010184685411332
00.0000000254590010184685411332
00.0000000254590010184685411332
00.0000000254590010184685411332
00.0000000254590010184685411332
00.0000000254590010184685411332
00.0000000254590010184685411332
00.0000000254590010184685411332
00.0000000254590010184685411332
00.0000000254590010184685411332
00.0000000254590010184685411332
00.0000000254590010184685411332
00.0000000254590010184685411332
00.0000000254590010184685411332
00.0000000254590010184685411332
00.0000000254590010184685411332
00.0000000254590010184685411332
00.0000000254590010184685411332
00.0000000254590010184685411332
00.0000000254590010184685411332
00.0000000254590010184685411332
00.0000000254590010184685411332
00.0000000254590010184685411332
00.0000000254590010184685411332
00.0000000254590010184685411332
00.0000000254590010184685411332
00.0000000254590010184685411332
00.0000000254590010184685411332
00.0000000254590010184685411332
00.0000000254590010184685411332
00.0000000254590010184685411332
00.0000000254590010184685411332
00.0000000254590010184685411332
00.0000000254590010184685411332
00.0000000254590010184685411332
00.0000000254590010184685411332
00.0000000254590010184685411332
00.0000000254590010184685411332
00.0000000254590010184685411332
00.0000000254590010184685411332
00.0000000254590010184685411332
00.0000000254590010184685411332
00.0000000254590010184685411332
00.0000000254590010184685411332
00.0000000254590010184685411332
00.0000000254590010184685411332
00.0000000254590010184685411332
00.0000000254590010184685411332
00.0000000254590010184685411332
00.0000000254590010184685411332
00.0000000254590010184685411332
00.0000000254590010184685411332
00.0000000254590010184685411332
00.0000000254590010184685411332
00.0000000254590010184685411332
00.0000000254590010184685411332
00.0000000254590010184685411332
00.0000000254590010184685411332
00.0000000254590010184685411332
00.0000000254590010184685411332
00.0000000254590010184685411332
00.0000000254590010184685411332
00.0000000254590010184685411332
00.0000000254590010184685411332
00.0000000254590010184685411332
00.0000000254590010184685411332
00.0000000254590010184685411332
00.0000000254590010184685411332
00.0000000254590010184685411332
00.0000000254590010184685411332
00.0000000254590010184685411332
00.0000000254590010184685411332
00.0000000254590010184685411332
00.0000000254590010184685411332
00.0000000254590010184685411332
00.0000000254590010184685411332
00.0000000254590010184685411332
00.0000000254590010184685411332
00.0000000254590010184685411332
00.0000000254590010184685411332
00.0000000254590010184685411332
00.0000000254590010184685411332
00.0000000254590010184685411332
00.0000000254590010184685411332
00.0000000254590010184685411332
00.0000000254590010184685411332
00.0000000254590010184685411332
00.0000000254590010184685411332
00.0000000254590010184685411332
00.0000000254590010184685411332
00.0000000254590010184685411332
00.0000000254590010184685411332
00.0000000254590010184685411332
00.0000000254590010184685411332
00.0000000254590010184685411332
00.0000000254590010184685411332
00.0000000254590010184685411332
00.0000000254590010184685411332
00.0000000254590010184685411332
00.0000000254590010184685411332
00.0000000254590010184685411332
00.0000000254590010184685411332
00.0000000254590010184685411332
00.0000000254590010184685411332
00.0000000254590010184685411332
00.0000000254590010184685411332
00.0000000254590010184685411332
00.0000000254590010184685411332
00.0000000254590010184685411332
00.0000000254590010184685411332
00.0000000254590010184685411332
00.0000000254590010184685411332
00.0000000254590010184685411332
00.0000000254590010184685411332
00.0000000254590010184685411332
00.0000000254590010184685411332
00.0000000254590010184685411332
00.0000000254590010184685411332
00.0000000254590010184685411332
00.0000000254590010184685411332
00.0000000254590010184685411332
00.0000000254590010184685411332
00.0000000254590010184685411332
00.0000000254590010184685411332
00.0000000254590010184685411332
00.0000000254590010184685411332
00.0000000254590010184685411332
00.0000000254590010184685411332
00.0000000254590010184685411332
00.0000000254590010184685411332
00.0000000254590010184685411332
00.0000000254590010184685411332
00.0000000254590010184685411332
00.0000000254590010184685411332
00.0000000254590010184685411332
00.0000000254590010184685411332
00.0000000254590010184685411332
00.0000000254590010184685411332
00.0000000254590010184685411332
00.0000000254590010184685411332
00.0000000254590010184685411332
00.0000000254590010184685411332
00.0000000254590010184685411332
00.0000000254590010184685411332
00.0000000254590010184685411332
00.0000000254590010184685411332
00.0000000254590010184685411332
00.0000000254590010184685411332
00.0000000254590010184685411332
00.0000000254590010184685411332
00.0000000254590010184685411332
00.0000000254590010184685411332
00.0000000254590010184685411332
00.0000000254590010184685411332
00.0000000254590010184685411332
00.0000000254590010184685411332
00.0000000254590010184685411332
00.0000000254590010184685411332
00.0000000254590010184685411332
00.0000000254590010184685411332
00.0000000254590010184685411332
00.0000000254590010184685411332
00.0000000254590010184685411332
00.0000000254590010184685411332
00.0000000254590010184685411332
00.0000000254590010184685411332
00.0000000254590010184685411332
00.0000000254590010184685411332
00.0000000254590010184685411332
00.0000000254590010184685411332
00.0000000254590010184685411332
00.0000000254590010184685411332
00.0000000254590010184685411332
00.0000000254590010184685411332
00.0000000254590010184685411332
00.0000000254590010184685411332
00.0000000254590010184685411332
00.0000000254590010184685411332
00.0000000254590010184685411332
00.0000000204129708691880296101
00.0000000204129708691880296101
00.0000000204129708691880296101
00.0000000204129708691880296101
00.0000000204129708691880296101
00.0000000204129708691880296101
00.0000000204129708691880296101
00.0000000204129708691880296101
00.0000000204129708691880296101
00.0000000204129708691880296101
00.0000000204129708691880296101
00.0000000204129708691880296101
00.0000000204129708691880296101
00.0000000204129708691880296101
00.0000000204129708691880296101
00.0000000204129708691880296101
00.0000000204129708691880296101
00.0000000204129708691880296101
00.0000000204129708691880296101
00.0000000204129708691880296101
00.0000000204129708691880296101
00.0000000204129708691880296101
00.0000000204129708691880296101
00.0000000204129708691880296101
00.0000000204129708691880296101
00.0000000204129708691880296101
00.0000000204129708691880296101
00.0000000204129708691880296101
00.0000000204129708691880296101
00.0000000204129708691880296101
00.0000000204129708691880296101
00.0000000204129708691880296101
00.0000000204129708691880296101
00.0000000204129708691880296101
00.0000000204129708691880296101
00.0000000204129708691880296101
00.0000000204129708691880296101
00.0000000204129708691880296101
00.0000000204129708691880296101
00.0000000204129708691880296101
00.0000000204129708691880296101
00.0000000204129708691880296101
00.0000000204129708691880296101
00.0000000204129708691880296101
00.0000000204129708691880296101
00.0000000204129708691880296101
00.0000000204129708691880296101
00.0000000204129708691880296101
00.0000000204129708691880296101
00.0000000204129708691880296101
00.0000000204129708691880296101
00.0000000204129708691880296101
00.0000000204129708691880296101
00.0000000204129708691880296101
00.0000000204129708691880296101
00.0000000204129708691880296101
00.0000000204129708691880296101
00.0000000204129708691880296101
00.0000000204129708691880296101
00.0000000204129708691880296101
00.0000000204129708691880296101
00.0000000204129708691880296101
00.0000000204129708691880296101
00.0000000204129708691880296101
00.0000000204129708691880296101
00.0000000204129708691880296101
00.0000000204129708691880296101
00.0000000204129708691880296101
00.0000000204129708691880296101
00.0000000204129708691880296101
00.0000000204129708691880296101
00.0000000204129708691880296101
00.0000000204129708691880296101
00.0000000204129708691880296101
00.0000000204129708691880296101
00.0000000204129708691880296101
00.0000000204129708691880296101
00.0000000204129708691880296101
00.0000000204129708691880296101
00.0000000204129708691880296101
00.0000000204129708691880296101
00.0000000204129708691880296101
00.0000000204129708691880296101
00.0000000204129708691880296101
00.0000000204129708691880296101
00.0000000204129708691880296101
00.0000000204129708691880296101
00.0000000204129708691880296101
00.0000000204129708691880296101
00.0000000204129708691880296101
00.0000000204129708691880296101
00.0000000204129708691880296101
00.0000000204129708691880296101
00.0000000204129708691880296101
00.0000000204129708691880296101
00.0000000204129708691880296101
00.0000000204129708691880296101
00.0000000204129708691880296101
00.0000000204129708691880296101
00.0000000204129708691880296101
00.0000000204129708691880296101
00.0000000204129708691880296101
00.0000000204129708691880296101
00.0000000204129708691880296101
00.0000000204129708691880296101
00.0000000204129708691880296101
00.0000000204129708691880296101
00.0000000204129708691880296101
00.0000000204129708691880296101
00.0000000204129708691880296101
00.0000000204129708691880296101
00.0000000204129708691880296101
00.0000000204129708691880296101
00.0000000204129708691880296101
00.0000000204129708691880296101
00.0000000204129708691880296101
00.0000000204129708691880296101
00.0000000204129708691880296101
00.0000000204129708691880296101
00.0000000204129708691880296101
00.0000000204129708691880296101
00.0000000204129708691880296101
00.0000000204129708691880296101
00.0000000204129708691880296101
00.0000000204129708691880296101
00.0000000204129708691880296101
00.0000000204129708691880296101
00.0000000204129708691880296101
00.0000000204129708691880296101
00.0000000204129708691880296101
00.0000000204129708691880296101
00.0000000204129708691880296101
00.0000000204129708691880296101
00.0000000204129708691880296101
00.0000000204129708691880296101
00.0000000204129708691880296101
00.0000000204129708691880296101
00.0000000204129708691880296101
00.0000000204129708691880296101
00.0000000204129708691880296101
00.0000000204129708691880296101
00.0000000204129708691880296101
00.0000000204129708691880296101
00.0000000204129708691880296101
00.0000000204129708691880296101
00.0000000204129708691880296101
00.0000000204129708691880296101
00.0000000204129708691880296101
00.0000000204129708691880296101
00.0000000204129708691880296101
00.0000000204129708691880296101
00.0000000204129708691880296101
00.0000000204129708691880296101
00.0000000204129708691880296101
00.0000000204129708691880296101
00.0000000204129708691880296101
00.0000000204129708691880296101
00.0000000204129708691880296101
00.0000000204129708691880296101
00.0000000204129708691880296101
00.0000000204129708691880296101
00.0000000204129708691880296101
00.0000000204129708691880296101
00.0000000204129708691880296101
00.0000000204129708691880296101
00.0000000204129708691880296101
00.0000000204129708691880296101
00.0000000204129708691880296101
00.0000000204129708691880296101
00.0000000204129708691880296101
00.0000000204129708691880296101
00.0000000204129708691880296101
00.0000000204129708691880296101
00.0000000204129708691880296101
00.0000000204129708691880296101
00.0000000204129708691880296101
00.0000000204129708691880296101
00.0000000204129708691880296101
00.0000000204129708691880296101
00.0000000204129708691880296101
00.0000000204129708691880296101
00.0000000204129708691880296101
00.0000000204129708691880296101
00.0000000204129708691880296101
00.0000000204129708691880296101
00.0000000204129708691880296101
00.0000000204129708691880296101
00.0000000204129708691880296101
00.0000000204129708691880296101
00.0000000204129708691880296101
00.0000000204129708691880296101
00.0000000204129708691880296101
00.0000000204129708691880296101
00.0000000204129708691880296101
00.0000000204129708691880296101
00.0000000204129708691880296101
00.0000000204129708691880296101
00.0000000204129708691880296101
00.0000000204129708691880296101
00.0000000204129708691880296101
00.0000000204129708691880296101
00.0000000204129708691880296101
00.0000000204129708691880296101
00.0000000204129708691880296101
00.0000000204129708691880296101
00.0000000204129708691880296101
00.0000000204129708691880296101
00.0000000204129708691880296101
00.0000000204129708691880296101
00.0000000204129708691880296101
00.0000000204129708691880296101
00.0000000204129708691880296101
00.0000000204129708691880296101
00.0000000204129708691880296101
00.0000000204129708691880296101
00.0000000204129708691880296101
00.0000000204129708691880296101
00.0000000204129708691880296101
00.0000000204129708691880296101
00.0000000204129708691880296101
00.0000000204129708691880296101
00.0000000204129708691880296101
00.0000000204129708691880296101
00.0000000204129708691880296101
00.0000000204129708691880296101
00.0000000204129708691880296101
00.0000000204129708691880296101
00.0000000204129708691880296101
00.0000000204129708691880296101
00.0000000204129708691880296101
00.0000000204129708691880296101
00.0000000204129708691880296101
00.0000000204129708691880296101
00.0000000204129708691880296101
00.0000000204129708691880296101
00.0000000204129708691880296101
00.0000000204129708691880296101
00.0000000204129708691880296101
00.0000000204129708691880296101
00.0000000204129708691880296101
00.0000000204129708691880296101
00.0000000204129708691880296101
00.0000000204129708691880296101
00.0000000204129708691880296101
00.0000000204129708691880296101
00.0000000204129708691880296101
00.0000000204129708691880296101
00.0000000204129708691880296101
00.0000000204129708691880296101
00.0000000204129708691880296101
00.0000000204129708691880296101
00.0000000204129708691880296101
00.0000000204129708691880296101
00.0000000204129708691880296101
00.0000000204129708691880296101
00.0000000204129708691880296101
00.0000000204129708691880296101
00.0000000204129708691880296101
00.0000000204129708691880296101
00.0000000204129708691880296101
00.0000000204129708691880296101
00.0000000204129708691880296101
00.0000000204129708691880296101
00.0000000204129708691880296101
00.0000000204129708691880296101
00.0000000204129708691880296101
00.0000000204129708691880296101
00.0000000204129708691880296101
00.0000000204129708691880296101
00.0000000204129708691880296101
00.0000000204129708691880296101
00.0000000204129708691880296101
00.0000000204129708691880296101
00.0000000204129708691880296101
00.0000000204129708691880296101
00.0000000204129708691880296101
00.0000000204129708691880296101
00.0000000204129708691880296101
00.0000000204129708691880296101
00.0000000204129708691880296101
00.0000000204129708691880296101
00.0000000204129708691880296101
00.0000000204129708691880296101
00.0000000204129708691880296101
00.0000000204129708691880296101
00.0000000204129708691880296101
00.0000000204129708691880296101
00.0000000204129708691880296101
00.0000000204129708691880296101
00.0000000204129708691880296101
00.0000000204129708691880296101
00.0000000204129708691880296101
00.0000000204129708691880296101
00.0000000204129708691880296101
00.0000000204129708691880296101
00.0000000204129708691880296101
00.0000000204129708691880296101
00.0000000204129708691880296101
00.0000000204129708691880296101
00.0000000204129708691880296101
00.0000000204129708691880296101
00.0000000204129708691880296101
00.0000000204129708691880296101
00.0000000204129708691880296101
00.0000000204129708691880296101
00.0000000204129708691880296101
00.0000000204129708691880296101
00.0000000204129708691880296101
00.0000000204129708691880296101
00.0000000204129708691880296101
00.0000000204129708691880296101
00.0000000204129708691880296101
00.0000000204129708691880296101
00.0000000204129708691880296101
00.0000000204129708691880296101
00.0000000204129708691880296101
00.0000000204129708691880296101
00.0000000204129708691880296101
00.0000000204129708691880296101
00.0000000204129708691880296101
00.0000000204129708691880296101
00.0000000204129708691880296101
00.0000000204129708691880296101
00.0000000204129708691880296101
00.0000000204129708691880296101
00.0000000204129708691880296101
00.0000000204129708691880296101
00.0000000204129708691880296101
00.0000000204129708691880296101
00.0000000204129708691880296101
00.0000000204129708691880296101
00.0000000204129708691880296101
00.0000000204129708691880296101
00.0000000204129708691880296101
00.0000000204129708691880296101
00.0000000204129708691880296101
00.0000000204129708691880296101
00.0000000204129708691880296101
00.0000000204129708691880296101
00.0000000204129708691880296101
00.0000000204129708691880296101
00.0000000204129708691880296101
00.0000000204129708691880296101
00.0000000204129708691880296101
00.0000000204129708691880296101
00.0000000204129708691880296101
00.0000000204129708691880296101
00.0000000204129708691880296101
00.0000000204129708691880296101
00.0000000204129708691880296101
00.0000000204129708691880296101
00.0000000204129708691880296101
00.0000000204129708691880296101
00.0000000204129708691880296101
00.0000000204129708691880296101
00.0000000204129708691880296101
00.0000000204129708691880296101
00.0000000204129708691880296101
00.0000000204129708691880296101
00.0000000204129708691880296101
00.0000000204129708691880296101
00.0000000204129708691880296101
00.0000000204129708691880296101
00.0000000204129708691880296101
00.0000000204129708691880296101
00.0000000204129708691880296101
00.0000000204129708691880296101
00.0000000204129708691880296101
00.0000000204129708691880296101
00.0000000204129708691880296101
00.0000000204129708691880296101
00.0000000204129708691880296101
00.0000000204129708691880296101
00.0000000204129708691880296101
00.0000000204129708691880296101
00.0000000204129708691880296101
00.0000000204129708691880296101
00.0000000204129708691880296101
00.0000000204129708691880296101
00.0000000204129708691880296101
00.0000000204129708691880296101
00.0000000204129708691880296101
00.0000000204129708691880296101
00.0000000204129708691880296101
00.0000000204129708691880296101
00.0000000204129708691880296101
00.0000000204129708691880296101
00.0000000204129708691880296101
00.0000000204129708691880296101
00.0000000204129708691880296101
00.0000000204129708691880296101
00.0000000204129708691880296101
00.0000000204129708691880296101
00.0000000204129708691880296101
00.0000000204129708691880296101
00.0000000204129708691880296101
00.0000000204129708691880296101
00.0000000204129708691880296101
00.0000000204129708691880296101
00.0000000204129708691880296101
00.0000000204129708691880296101
00.0000000204129708691880296101
00.0000000204129708691880296101
00.0000000204129708691880296101
00.0000000204129708691880296101
00.0000000204129708691880296101
00.0000000204129708691880296101
00.0000000204129708691880296101
00.0000000204129708691880296101
00.0000000204129708691880296101
00.0000000204129708691880296101
00.0000000204129708691880296101
00.0000000204129708691880296101
00.0000000204129708691880296101
00.0000000204129708691880296101
00.0000000204129708691880296101
00.0000000204129708691880296101
00.0000000204129708691880296101
00.0000000204129708691880296101
00.0000000204129708691880296101
00.0000000204129708691880296101
00.0000000204129708691880296101
00.0000000204129708691880296101
00.0000000204129708691880296101
00.0000000204129708691880296101
00.0000000204129708691880296101
00.0000000204129708691880296101
00.0000000204129708691880296101
00.0000000204129708691880296101
00.0000000204129708691880296101
00.0000000204129708691880296101
00.0000000204129708691880296101
00.0000000204129708691880296101
00.0000000204129708691880296101
00.0000000204129708691880296101
00.0000000204129708691880296101
00.0000000204129708691880296101
00.0000000204129708691880296101
00.0000000204129708691880296101
00.0000000204129708691880296101
00.0000000204129708691880296101
00.0000000204129708691880296101
00.0000000204129708691880296101
00.0000000204129708691880296101
00.0000000204129708691880296101
00.0000000204129708691880296101
00.0000000204129708691880296101
00.0000000204129708691880296101
00.0000000204129708691880296101
00.0000000204129708691880296101
00.0000000204129708691880296101
00.0000000204129708691880296101
00.0000000204129708691880296101
00.0000000204129708691880296101
00.0000000204129708691880296101
00.0000000204129708691880296101
00.0000000204129708691880296101
00.0000000204129708691880296101
00.0000000204129708691880296101
00.0000000204129708691880296101
00.0000000204129708691880296101
00.0000000204129708691880296101
00.0000000204129708691880296101
00.0000000204129708691880296101
00.0000000204129708691880296101
00.0000000204129708691880296101
00.0000000204129708691880296101
00.0000000204129708691880296101
00.0000000204129708691880296101
00.0000000204129708691880296101
00.0000000204129708691880296101
00.0000000204129708691880296101
00.0000000204129708691880296101
00.0000000204129708691880296101
00.0000000204129708691880296101
00.0000000204129708691880296101
00.0000000204129708691880296101
00.0000000204129708691880296101
00.0000000204129708691880296101
00.0000000204129708691880296101
00.0000000204129708691880296101
00.0000000204129708691880296101
00.0000000204129708691880296101
00.0000000204129708691880296101
00.0000000204129708691880296101
00.0000000204129708691880296101
00.0000000204129708691880296101
00.0000000204129708691880296101
00.0000000204129708691880296101
00.0000000204129708691880296101
00.0000000204129708691880296101
00.0000000204129708691880296101
00.0000000204129708691880296101
00.0000000204129708691880296101
00.0000000204129708691880296101
00.0000000204129708691880296101
00.0000000204129708691880296101
00.0000000204129708691880296101
00.0000000204129708691880296101
00.0000000204129708691880296101
00.0000000204129708691880296101
00.0000000204129708691880296101
00.0000000204129708691880296101
00.0000000204129708691880296101
00.0000000204129708691880296101
00.0000000204129708691880296101
00.0000000204129708691880296101
00.0000000204129708691880296101
00.0000000204129708691880296101
00.0000000204129708691880296101
00.0000000204129708691880296101
00.0000000204129708691880296101
00.0000000204129708691880296101
00.0000000204129708691880296101
00.0000000204129708691880296101
00.0000000204129708691880296101
00.0000000204129708691880296101
00.0000000204129708691880296101
00.0000000204129708691880296101
00.0000000204129708691880296101
00.0000000204129708691880296101
00.0000000204129708691880296101
00.0000000204129708691880296101
00.0000000204129708691880296101
00.0000000204129708691880296101
00.0000000204129708691880296101
00.0000000204129708691880296101
00.0000000204129708691880296101
00.0000000204129708691880296101
00.0000000204129708691880296101
00.0000000204129708691880296101
00.0000000204129708691880296101
00.0000000204129708691880296101
00.0000000204129708691880296101
00.0000000204129708691880296101
00.0000000204129708691880296101
00.0000000204129708691880296101
00.0000000204129708691880296101
00.0000000204129708691880296101
00.0000000204129708691880296101
00.0000000204129708691880296101
00.0000000204129708691880296101
00.0000000204129708691880296101
00.0000000204129708691880296101
00.0000000204129708691880296101
00.0000000204129708691880296101
00.0000000204129708691880296101
00.0000000204129708691880296101
00.0000000204129708691880296101
00.0000000204129708691880296101
00.0000000204129708691880296101
00.0000000204129708691880296101
00.0000000204129708691880296101
00.0000000204129708691880296101
00.0000000204129708691880296101
00.0000000204129708691880296101
00.0000000204129708691880296101
00.0000000204129708691880296101
00.0000000204129708691880296101
00.0000000204129708691880296101
00.0000000204129708691880296101
00.0000000204129708691880296101
00.0000000204129708691880296101
00.0000000204129708691880296101
00.0000000204129708691880296101
00.0000000204129708691880296101
00.0000000204129708691880296101
00.0000000204129708691880296101
00.0000000204129708691880296101
00.0000000204129708691880296101
00.0000000204129708691880296101
00.0000000204129708691880296101
00.0000000204129708691880296101
00.0000000204129708691880296101
00.0000000204129708691880296101
00.0000000204129708691880296101
00.0000000204129708691880296101
00.0000000204129708691880296101
00.0000000204129708691880296101
00.0000000204129708691880296101
00.0000000204129708691880296101
00.0000000204129708691880296101
00.0000000204129708691880296101
00.0000000204129708691880296101
00.0000000204129708691880296101
00.0000000204129708691880296101
00.0000000204129708691880296101
00.0000000204129708691880296101
00.0000000204129708691880296101
00.0000000204129708691880296101
00.0000000204129708691880296101
00.0000000204129708691880296101
00.0000000204129708691880296101
00.0000000204129708691880296101
00.0000000204129708691880296101
00.0000000204129708691880296101
00.0000000204129708691880296101
00.0000000204129708691880296101
00.0000000204129708691880296101
00.0000000204129708691880296101
00.0000000204129708691880296101
00.0000000204129708691880296101
00.0000000204129708691880296101
00.0000000204129708691880296101
00.0000000204129708691880296101
00.0000000204129708691880296101
00.0000000204129708691880296101
00.0000000204129708691880296101
00.0000000204129708691880296101
00.0000000204129708691880296101
00.0000000204129708691880296101
00.0000000204129708691880296101
00.0000000204129708691880296101
00.0000000204129708691880296101
00.0000000204129708691880296101
00.0000000204129708691880296101
00.0000000204129708691880296101
00.0000000204129708691880296101
00.0000000204129708691880296101
00.0000000204129708691880296101
00.0000000204129708691880296101
00.0000000204129708691880296101
00.0000000204129708691880296101
00.0000000204129708691880296101
00.0000000204129708691880296101
00.0000000204129708691880296101
00.0000000204129708691880296101
00.0000000204129708691880296101
00.0000000204129708691880296101
00.0000000204129708691880296101
00.0000000204129708691880296101
00.0000000204129708691880296101
00.0000000204129708691880296101
00.0000000204129708691880296101
00.0000000204129708691880296101
00.0000000204129708691880296101
00.0000000204129708691880296101
00.0000000204129708691880296101
00.0000000204129708691880296101
00.0000000204129708691880296101
00.0000000204129708691880296101
00.0000000204129708691880296101
00.0000000204129708691880296101
00.0000000204129708691880296101
00.0000000204129708691880296101
00.0000000204129708691880296101
00.0000000204129708691880296101
00.0000000204129708691880296101
00.0000000204129708691880296101
00.0000000204129708691880296101
00.0000000204129708691880296101
00.0000000204129708691880296101
00.0000000204129708691880296101
00.0000000204129708691880296101
00.0000000204129708691880296101
00.0000000204129708691880296101
00.0000000204129708691880296101
00.0000000204129708691880296101
00.0000000204129708691880296101
00.0000000204129708691880296101
00.0000000204129708691880296101
00.0000000204129708691880296101
00.0000000204129708691880296101
00.0000000204129708691880296101
00.0000000204129708691880296101
00.0000000204129708691880296101
00.0000000204129708691880296101
00.0000000204129708691880296101
00.0000000204129708691880296101
00.0000000204129708691880296101
00.0000000204129708691880296101
00.0000000204129708691880296101
00.0000000204129708691880296101
00.0000000204129708691880296101
00.0000000204129708691880296101
00.0000000204129708691880296101
00.0000000204129708691880296101
00.0000000204129708691880296101
00.0000000204129708691880296101
00.0000000204129708691880296101
00.0000000204129708691880296101
00.0000000204129708691880296101
00.0000000204129708691880296101
00.0000000204129708691880296101
00.0000000204129708691880296101
00.0000000204129708691880296101
00.0000000204129708691880296101
00.0000000204129708691880296101
00.0000000204129708691880296101
00.0000000204129708691880296101
00.0000000204129708691880296101
00.0000000204129708691880296101
00.0000000204129708691880296101
00.0000000204129708691880296101
00.0000000204129708691880296101
00.0000000204129708691880296101
00.0000000204129708691880296101
00.0000000204129708691880296101
00.0000000204129708691880296101
00.0000000204129708691880296101
00.0000000204129708691880296101
00.0000000204129708691880296101
00.0000000204129708691880296101
00.0000000204129708691880296101
00.0000000204129708691880296101
00.0000000204129708691880296101
00.0000000204129708691880296101
00.0000000204129708691880296101
00.0000000204129708691880296101
00.0000000204129708691880296101
00.0000000204129708691880296101
00.0000000204129708691880296101
00.0000000204129708691880296101
00.0000000204129708691880296101
00.0000000204129708691880296101
00.0000000204129708691880296101
00.0000000204129708691880296101
00.0000000204129708691880296101
00.0000000204129708691880296101
00.0000000204129708691880296101
00.0000000204129708691880296101
00.0000000204129708691880296101
00.0000000204129708691880296101
00.0000000204129708691880296101
00.0000000204129708691880296101
00.0000000204129708691880296101
00.0000000204129708691880296101
00.0000000204129708691880296101
00.0000000204129708691880296101
00.0000000204129708691880296101
00.0000000204129708691880296101
00.0000000204129708691880296101
00.0000000204129708691880296101
00.0000000204129708691880296101
00.0000000204129708691880296101
00.0000000204129708691880296101
00.0000000204129708691880296101
00.0000000204129708691880296101
00.0000000204129708691880296101
00.0000000204129708691880296101
00.0000000204129708691880296101
00.0000000204129708691880296101
00.0000000204129708691880296101
00.0000000204129708691880296101
00.0000000204129708691880296101
00.0000000204129708691880296101
00.0000000204129708691880296101
00.0000000204129708691880296101
00.0000000204129708691880296101
00.0000000204129708691880296101
00.0000000204129708691880296101
00.0000000204129708691880296101
00.0000000204129708691880296101
00.0000000204129708691880296101
00.0000000204129708691880296101
00.0000000204129708691880296101
00.0000000204129708691880296101
00.0000000204129708691880296101
00.0000000204129708691880296101
00.0000000204129708691880296101
00.0000000204129708691880296101
00.0000000204129708691880296101
00.0000000204129708691880296101
00.0000000204129708691880296101
00.0000000204129708691880296101
00.0000000204129708691880296101
00.0000000204129708691880296101
00.0000000204129708691880296101
00.0000000204129708691880296101
00.0000000204129708691880296101
00.0000000204129708691880296101
00.0000000204129708691880296101
00.0000000204129708691880296101
00.0000000204129708691880296101
00.0000000204129708691880296101
00.0000000204129708691880296101
00.0000000204129708691880296101
00.0000000204129708691880296101
00.0000000204129708691880296101
00.0000000204129708691880296101
00.0000000204129708691880296101
00.0000000204129708691880296101
00.0000000204129708691880296101
00.0000000204129708691880296101
00.0000000204129708691880296101
00.0000000204129708691880296101
00.0000000204129708691880296101
00.0000000204129708691880296101
00.0000000204129708691880296101
00.0000000204129708691880296101
00.0000000204129708691880296101
00.0000000204129708691880296101
00.0000000204129708691880296101
00.0000000204129708691880296101
00.0000000204129708691880296101
00.0000000204129708691880296101
00.0000000204129708691880296101
00.0000000204129708691880296101
00.0000000204129708691880296101
00.0000000204129708691880296101
00.0000000204129708691880296101
00.0000000204129708691880296101
00.0000000204129708691880296101
00.0000000204129708691880296101
00.0000000204129708691880296101
00.0000000204129708691880296101
00.0000000204129708691880296101
00.0000000204129708691880296101
00.0000000204129708691880296101
00.0000000204129708691880296101
00.0000000204129708691880296101
00.0000000204129708691880296101
00.0000000204129708691880296101
00.0000000204129708691880296101
00.0000000204129708691880296101
00.0000000204129708691880296101
00.0000000204129708691880296101
00.0000000204129708691880296101
00.0000000204129708691880296101
00.0000000204129708691880296101
00.0000000204129708691880296101
00.0000000204129708691880296101
00.0000000204129708691880296101
00.0000000204129708691880296101
00.0000000204129708691880296101
00.0000000204129708691880296101
00.0000000204129708691880296101
00.0000000204129708691880296101
00.0000000204129708691880296101
00.0000000204129708691880296101
00.0000000204129708691880296101
00.0000000204129708691880296101
00.0000000204129708691880296101
00.0000000204129708691880296101
00.0000000204129708691880296101
00.0000000204129708691880296101
00.0000000204129708691880296101
00.0000000204129708691880296101
00.0000000204129708691880296101
00.0000000204129708691880296101
00.0000000204129708691880296101
00.0000000204129708691880296101
00.0000000204129708691880296101
00.0000000204129708691880296101
00.0000000204129708691880296101
00.0000000204129708691880296101
00.0000000204129708691880296101
00.0000000204129708691880296101
00.0000000204129708691880296101
00.0000000204129708691880296101
00.0000000204129708691880296101
00.0000000204129708691880296101
00.0000000204129708691880296101
00.0000000204129708691880296101
00.0000000204129708691880296101
00.0000000204129708691880296101
00.0000000204129708691880296101
00.0000000204129708691880296101
00.0000000204129708691880296101
00.0000000204129708691880296101
00.0000000204129708691880296101
00.0000000204129708691880296101
00.0000000204129708691880296101
00.0000000204129708691880296101
00.0000000204129708691880296101
00.0000000204129708691880296101
00.0000000204129708691880296101
00.0000000204129708691880296101
00.0000000204129708691880296101
00.0000000204129708691880296101
00.0000000204129708691880296101
00.0000000204129708691880296101
00.0000000204129708691880296101
00.0000000204129708691880296101
00.0000000204129708691880296101
00.0000000204129708691880296101
00.0000000204129708691880296101
00.0000000204129708691880296101
00.0000000204129708691880296101
00.0000000204129708691880296101
00.0000000204129708691880296101
00.0000000204129708691880296101
00.0000000204129708691880296101
00.0000000204129708691880296101
00.0000000204129708691880296101
00.0000000204129708691880296101
00.0000000204129708691880296101
00.0000000204129708691880296101
00.0000000204129708691880296101
00.0000000204129708691880296101
00.0000000204129708691880296101
00.0000000204129708691880296101
00.0000000204129708691880296101
00.0000000204129708691880296101
00.0000000204129708691880296101
00.0000000204129708691880296101
00.0000000204129708691880296101
00.0000000204129708691880296101
00.0000000204129708691880296101
00.0000000204129708691880296101
00.0000000204129708691880296101
00.0000000204129708691880296101
00.0000000204129708691880296101
00.0000000204129708691880296101
00.0000000204129708691880296101
00.0000000204129708691880296101
00.0000000204129708691880296101
00.0000000204129708691880296101
00.0000000204129708691880296101
00.0000000204129708691880296101
00.0000000204129708691880296101
00.0000000204129708691880296101
00.0000000204129708691880296101
00.0000000204129708691880296101
00.0000000204129708691880296101
00.0000000204129708691880296101
00.0000000204129708691880296101
00.0000000204129708691880296101
00.0000000204129708691880296101
00.0000000204129708691880296101
00.0000000204129708691880296101
00.0000000204129708691880296101
00.0000000204129708691880296101
00.0000000204129708691880296101
00.0000000204129708691880296101
00.0000000204129708691880296101
00.0000000204129708691880296101
00.0000000204129708691880296101
00.0000000204129708691880296101
00.0000000204129708691880296101
00.0000000204129708691880296101
00.0000000204129708691880296101
00.0000000204129708691880296101
00.0000000204129708691880296101
00.0000000204129708691880296101
00.0000000204129708691880296101
00.0000000204129708691880296101
00.0000000204129708691880296101
00.0000000204129708691880296101
00.0000000204129708691880296101
00.0000000204129708691880296101
00.0000000204129708691880296101
00.0000000204129708691880296101
00.0000000204129708691880296101
00.0000000204129708691880296101
00.0000000204129708691880296101
00.0000000204129708691880296101
00.0000000204129708691880296101
00.0000000204129708691880296101
00.0000000204129708691880296101
00.0000000204129708691880296101
00.0000000204129708691880296101
00.0000000204129708691880296101
00.0000000204129708691880296101
00.0000000204129708691880296101
00.0000000204129708691880296101
00.0000000204129708691880296101
00.0000000204129708691880296101
00.0000000204129708691880296101
00.0000000204129708691880296101
00.0000000204129708691880296101
00.0000000204129708691880296101
00.0000000204129708691880296101
00.0000000204129708691880296101
00.0000000204129708691880296101
00.0000000204129708691880296101
00.0000000204129708691880296101
00.0000000204129708691880296101
00.0000000204129708691880296101
00.0000000204129708691880296101
00.0000000204129708691880296101
00.0000000204129708691880296101
00.0000000204129708691880296101
00.0000000204129708691880296101
00.0000000204129708691880296101
00.0000000204129708691880296101
00.0000000204129708691880296101
00.0000000204129708691880296101
00.0000000204129708691880296101
00.0000000204129708691880296101
00.0000000204129708691880296101
00.0000000204129708691880296101
00.0000000204129708691880296101
00.0000000204129708691880296101
00.0000000204129708691880296101
00.0000000204129708691880296101
00.0000000204129708691880296101
00.0000000204129708691880296101
00.0000000204129708691880296101
00.0000000204129708691880296101
00.0000000204129708691880296101
00.0000000204129708691880296101
00.0000000204129708691880296101
00.0000000204129708691880296101
00.0000000204129708691880296101
00.0000000204129708691880296101
00.0000000204129708691880296101
00.0000000204129708691880296101
00.0000000204129708691880296101
00.0000000204129708691880296101
00.0000000227997701829352195091
00.0000000227997701829352195091
00.0000000227997701829352195091
00.0000000227997701829352195091
00.0000000227997701829352195091
00.0000000227997701829352195091
00.0000000227997701829352195091
00.0000000227997701829352195091
00.0000000227997701829352195091
00.0000000227997701829352195091
00.0000000227997701829352195091
00.0000000227997701829352195091
00.0000000227997701829352195091
00.0000000227997701829352195091
00.0000000227997701829352195091
00.0000000227997701829352195091
00.0000000227997701829352195091
00.0000000227997701829352195091
00.0000000227997701829352195091
00.0000000227997701829352195091
00.0000000227997701829352195091
00.0000000227997701829352195091
00.0000000227997701829352195091
00.0000000227997701829352195091
00.0000000227997701829352195091
00.0000000227997701829352195091
00.0000000227997701829352195091
00.0000000227997701829352195091
00.0000000227997701829352195091
00.0000000227997701829352195091
00.0000000227997701829352195091
00.0000000227997701829352195091
00.0000000227997701829352195091
00.0000000227997701829352195091
00.0000000227997701829352195091
00.0000000227997701829352195091
00.0000000227997701829352195091
00.0000000227997701829352195091
00.0000000227997701829352195091
00.0000000227997701829352195091
00.0000000227997701829352195091
00.0000000227997701829352195091
00.0000000227997701829352195091
00.0000000227997701829352195091
00.0000000227997701829352195091
00.0000000227997701829352195091
00.0000000227997701829352195091
00.0000000227997701829352195091
00.0000000227997701829352195091
00.0000000227997701829352195091
00.0000000227997701829352195091
00.0000000227997701829352195091
00.0000000227997701829352195091
00.0000000227997701829352195091
00.0000000227997701829352195091
00.0000000227997701829352195091
00.0000000227997701829352195091
00.0000000227997701829352195091
00.0000000227997701829352195091
00.0000000227997701829352195091
00.0000000227997701829352195091
00.0000000227997701829352195091
00.0000000227997701829352195091
00.0000000227997701829352195091
00.0000000227997701829352195091
00.0000000227997701829352195091
00.0000000227997701829352195091
00.0000000227997701829352195091
00.0000000227997701829352195091
00.0000000227997701829352195091
00.0000000227997701829352195091
00.0000000227997701829352195091
00.0000000227997701829352195091
00.0000000227997701829352195091
00.0000000227997701829352195091
00.0000000227997701829352195091
00.0000000227997701829352195091
00.0000000227997701829352195091
00.0000000227997701829352195091
00.0000000227997701829352195091
00.0000000227997701829352195091
00.0000000227997701829352195091
00.0000000227997701829352195091
00.0000000227997701829352195091
00.0000000227997701829352195091
00.0000000227997701829352195091
00.0000000227997701829352195091
00.0000000227997701829352195091
00.0000000227997701829352195091
00.0000000227997701829352195091
00.0000000227997701829352195091
00.0000000227997701829352195091
00.0000000227997701829352195091
00.0000000227997701829352195091
00.0000000227997701829352195091
00.0000000227997701829352195091
00.0000000227997701829352195091
00.0000000227997701829352195091
00.0000000227997701829352195091
00.0000000227997701829352195091
00.0000000227997701829352195091
00.0000000227997701829352195091
00.0000000227997701829352195091
00.0000000227997701829352195091
00.0000000227997701829352195091
00.0000000227997701829352195091
00.0000000227997701829352195091
00.0000000227997701829352195091
00.0000000227997701829352195091
00.0000000227997701829352195091
00.0000000227997701829352195091
00.0000000227997701829352195091
00.0000000227997701829352195091
00.0000000227997701829352195091
00.0000000227997701829352195091
00.0000000227997701829352195091
00.0000000227997701829352195091
00.0000000227997701829352195091
00.0000000227997701829352195091
00.0000000227997701829352195091
00.0000000227997701829352195091
00.0000000227997701829352195091
00.0000000227997701829352195091
00.0000000227997701829352195091
00.0000000227997701829352195091
00.0000000227997701829352195091
00.0000000227997701829352195091
00.0000000227997701829352195091
00.0000000227997701829352195091
00.0000000227997701829352195091
00.0000000227997701829352195091
00.0000000227997701829352195091
00.0000000227997701829352195091
00.0000000227997701829352195091
00.0000000227997701829352195091
00.0000000227997701829352195091
00.0000000227997701829352195091
00.0000000227997701829352195091
00.0000000227997701829352195091
00.0000000227997701829352195091
00.0000000227997701829352195091
00.0000000227997701829352195091
00.0000000227997701829352195091
00.0000000227997701829352195091
00.0000000227997701829352195091
00.0000000227997701829352195091
00.0000000227997701829352195091
00.0000000227997701829352195091
00.0000000227997701829352195091
00.0000000227997701829352195091
00.0000000227997701829352195091
00.0000000227997701829352195091
00.0000000227997701829352195091
00.0000000227997701829352195091
00.0000000227997701829352195091
00.0000000227997701829352195091
00.0000000227997701829352195091
00.0000000227997701829352195091
00.0000000227997701829352195091
00.0000000227997701829352195091
00.0000000227997701829352195091
00.0000000227997701829352195091
00.0000000227997701829352195091
00.0000000227997701829352195091
00.0000000227997701829352195091
00.0000000227997701829352195091
00.0000000227997701829352195091
00.0000000227997701829352195091
00.0000000227997701829352195091
00.0000000227997701829352195091
00.0000000227997701829352195091
00.0000000227997701829352195091
00.0000000227997701829352195091
00.0000000227997701829352195091
00.0000000227997701829352195091
00.0000000227997701829352195091
00.0000000227997701829352195091
00.0000000227997701829352195091
00.0000000227997701829352195091
00.0000000227997701829352195091
00.0000000227997701829352195091
00.0000000227997701829352195091
00.0000000227997701829352195091
00.0000000227997701829352195091
00.0000000227997701829352195091
00.0000000227997701829352195091
00.0000000227997701829352195091
00.0000000227997701829352195091
00.0000000227997701829352195091
00.0000000227997701829352195091
00.0000000227997701829352195091
00.0000000227997701829352195091
00.0000000227997701829352195091
00.0000000227997701829352195091
00.0000000227997701829352195091
00.0000000227997701829352195091
00.0000000227997701829352195091
00.0000000227997701829352195091
00.0000000227997701829352195091
00.0000000227997701829352195091
00.0000000227997701829352195091
00.0000000227997701829352195091
00.0000000227997701829352195091
00.0000000227997701829352195091
00.0000000227997701829352195091
00.0000000227997701829352195091
00.0000000227997701829352195091
00.0000000227997701829352195091
00.0000000227997701829352195091
00.0000000227997701829352195091
00.0000000227997701829352195091
00.0000000227997701829352195091
00.0000000227997701829352195091
00.0000000227997701829352195091
00.0000000227997701829352195091
00.0000000227997701829352195091
00.0000000227997701829352195091
00.0000000227997701829352195091
00.0000000227997701829352195091
00.0000000227997701829352195091
00.0000000227997701829352195091
00.0000000227997701829352195091
00.0000000227997701829352195091
00.0000000227997701829352195091
00.0000000227997701829352195091
00.0000000227997701829352195091
00.0000000227997701829352195091
00.0000000227997701829352195091
00.0000000227997701829352195091
00.0000000227997701829352195091
00.0000000227997701829352195091
00.0000000227997701829352195091
00.0000000227997701829352195091
00.0000000227997701829352195091
00.0000000227997701829352195091
00.0000000227997701829352195091
00.0000000227997701829352195091
00.0000000227997701829352195091
00.0000000227997701829352195091
00.0000000227997701829352195091
00.0000000227997701829352195091
00.0000000227997701829352195091
00.0000000227997701829352195091
00.0000000227997701829352195091
00.0000000227997701829352195091
00.0000000227997701829352195091
00.0000000227997701829352195091
00.0000000227997701829352195091
00.0000000227997701829352195091
00.0000000227997701829352195091
00.0000000227997701829352195091
00.0000000227997701829352195091
00.0000000227997701829352195091
00.0000000227997701829352195091
00.0000000227997701829352195091
00.0000000227997701829352195091
00.0000000227997701829352195091
00.0000000227997701829352195091
00.0000000227997701829352195091
00.0000000227997701829352195091
00.0000000227997701829352195091
00.0000000227997701829352195091
00.0000000227997701829352195091
00.0000000227997701829352195091
00.0000000227997701829352195091
00.0000000227997701829352195091
00.0000000227997701829352195091
00.0000000227997701829352195091
00.0000000227997701829352195091
00.0000000227997701829352195091
00.0000000227997701829352195091
00.0000000227997701829352195091
00.0000000227997701829352195091
00.0000000227997701829352195091
00.0000000227997701829352195091
00.0000000227997701829352195091
00.0000000227997701829352195091
00.0000000227997701829352195091
00.0000000227997701829352195091
00.0000000227997701829352195091
00.0000000227997701829352195091
00.0000000227997701829352195091
00.0000000227997701829352195091
00.0000000227997701829352195091
00.0000000227997701829352195091
00.0000000227997701829352195091
00.0000000227997701829352195091
00.0000000227997701829352195091
00.0000000227997701829352195091
00.0000000227997701829352195091
00.0000000227997701829352195091
00.0000000227997701829352195091
00.0000000227997701829352195091
00.0000000227997701829352195091
00.0000000227997701829352195091
00.0000000227997701829352195091
00.0000000227997701829352195091
00.0000000227997701829352195091
00.0000000227997701829352195091
00.0000000227997701829352195091
00.0000000227997701829352195091
00.0000000227997701829352195091
00.0000000227997701829352195091
00.0000000227997701829352195091
00.0000000227997701829352195091
00.0000000227997701829352195091
00.0000000227997701829352195091
00.0000000227997701829352195091
00.0000000227997701829352195091
00.0000000227997701829352195091
00.0000000227997701829352195091
00.0000000227997701829352195091
00.0000000227997701829352195091
00.0000000227997701829352195091
00.0000000227997701829352195091
00.0000000227997701829352195091
00.0000000227997701829352195091
00.0000000227997701829352195091
00.0000000227997701829352195091
00.0000000227997701829352195091
00.0000000227997701829352195091
00.0000000227997701829352195091
00.0000000227997701829352195091
00.0000000227997701829352195091
00.0000000227997701829352195091
00.0000000227997701829352195091
00.0000000227997701829352195091
00.0000000227997701829352195091
00.0000000227997701829352195091
00.0000000227997701829352195091
00.0000000227997701829352195091
00.0000000227997701829352195091
00.0000000227997701829352195091
00.0000000227997701829352195091
00.0000000227997701829352195091
00.0000000227997701829352195091
00.0000000227997701829352195091
00.0000000227997701829352195091
00.0000000227997701829352195091
00.0000000227997701829352195091
00.0000000227997701829352195091
00.0000000227997701829352195091
00.0000000227997701829352195091
00.0000000227997701829352195091
00.0000000227997701829352195091
00.0000000227997701829352195091
00.0000000227997701829352195091
00.0000000227997701829352195091
00.0000000227997701829352195091
00.0000000227997701829352195091
00.0000000227997701829352195091
00.0000000227997701829352195091
00.0000000227997701829352195091
00.0000000227997701829352195091
00.0000000227997701829352195091
00.0000000227997701829352195091
00.0000000227997701829352195091
00.0000000227997701829352195091
00.0000000227997701829352195091
00.0000000227997701829352195091
00.0000000227997701829352195091
00.0000000227997701829352195091
00.0000000227997701829352195091
00.0000000227997701829352195091
00.0000000227997701829352195091
00.0000000227997701829352195091
00.0000000227997701829352195091
00.0000000227997701829352195091
00.0000000227997701829352195091
00.0000000227997701829352195091
00.0000000227997701829352195091
00.0000000227997701829352195091
00.0000000227997701829352195091
00.0000000227997701829352195091
00.0000000227997701829352195091
00.0000000227997701829352195091
00.0000000227997701829352195091
00.0000000227997701829352195091
00.0000000227997701829352195091
00.0000000227997701829352195091
00.0000000227997701829352195091
00.0000000227997701829352195091
00.0000000227997701829352195091
00.0000000227997701829352195091
00.0000000227997701829352195091
00.0000000227997701829352195091
00.0000000227997701829352195091
00.0000000227997701829352195091
00.0000000227997701829352195091
00.0000000227997701829352195091
00.0000000227997701829352195091
00.0000000227997701829352195091
00.0000000227997701829352195091
00.0000000227997701829352195091
00.0000000227997701829352195091
00.0000000227997701829352195091
00.0000000227997701829352195091
00.0000000227997701829352195091
00.0000000227997701829352195091
00.0000000227997701829352195091
00.0000000227997701829352195091
00.0000000227997701829352195091
00.0000000227997701829352195091
00.0000000227997701829352195091
00.0000000227997701829352195091
00.0000000227997701829352195091
00.0000000227997701829352195091
00.0000000227997701829352195091
00.0000000227997701829352195091
00.0000000227997701829352195091
00.0000000227997701829352195091
00.0000000227997701829352195091
00.0000000227997701829352195091
00.0000000227997701829352195091
00.0000000227997701829352195091
00.0000000227997701829352195091
00.0000000227997701829352195091
00.0000000227997701829352195091
00.0000000227997701829352195091
00.0000000227997701829352195091
00.0000000227997701829352195091
00.0000000227997701829352195091
00.0000000227997701829352195091
00.0000000227997701829352195091
00.0000000227997701829352195091
00.0000000227997701829352195091
00.0000000227997701829352195091
00.0000000227997701829352195091
00.0000000227997701829352195091
00.0000000227997701829352195091
00.0000000227997701829352195091
00.0000000227997701829352195091
00.0000000227997701829352195091
00.0000000227997701829352195091
00.0000000227997701829352195091
00.0000000227997701829352195091
00.0000000227997701829352195091
00.0000000227997701829352195091
00.0000000227997701829352195091
00.0000000227997701829352195091
00.0000000227997701829352195091
00.0000000227997701829352195091
00.0000000227997701829352195091
00.0000000227997701829352195091
00.0000000227997701829352195091
00.0000000227997701829352195091
00.0000000227997701829352195091
00.0000000227997701829352195091
00.0000000227997701829352195091
00.0000000227997701829352195091
00.0000000227997701829352195091
00.0000000227997701829352195091
00.0000000227997701829352195091
00.0000000227997701829352195091
00.0000000227997701829352195091
00.0000000227997701829352195091
00.0000000227997701829352195091
00.0000000227997701829352195091
00.0000000227997701829352195091
00.0000000227997701829352195091
00.0000000227997701829352195091
00.0000000227997701829352195091
00.0000000227997701829352195091
00.0000000227997701829352195091
00.0000000227997701829352195091
00.0000000227997701829352195091
00.0000000227997701829352195091
00.0000000227997701829352195091
00.0000000227997701829352195091
00.0000000227997701829352195091
00.0000000227997701829352195091
00.0000000227997701829352195091
00.0000000227997701829352195091
00.0000000227997701829352195091
00.0000000227997701829352195091
00.0000000227997701829352195091
00.0000000227997701829352195091
00.0000000227997701829352195091
00.0000000227997701829352195091
00.0000000227997701829352195091
00.0000000227997701829352195091
00.0000000227997701829352195091
00.0000000227997701829352195091
00.0000000227997701829352195091
00.0000000227997701829352195091
00.0000000227997701829352195091
00.0000000227997701829352195091
00.0000000227997701829352195091
00.0000000227997701829352195091
00.0000000227997701829352195091
00.0000000227997701829352195091
00.0000000227997701829352195091
00.0000000227997701829352195091
00.0000000227997701829352195091
00.0000000227997701829352195091
00.0000000227997701829352195091
00.0000000227997701829352195091
00.0000000227997701829352195091
00.0000000227997701829352195091
00.0000000227997701829352195091
00.0000000227997701829352195091
00.0000000227997701829352195091
00.0000000227997701829352195091
00.0000000227997701829352195091
00.0000000227997701829352195091
00.0000000227997701829352195091
00.0000000227997701829352195091
00.0000000227997701829352195091
00.0000000227997701829352195091
00.0000000227997701829352195091
00.0000000227997701829352195091
00.0000000227997701829352195091
00.0000000227997701829352195091
00.0000000227997701829352195091
00.0000000227997701829352195091
00.0000000227997701829352195091
00.0000000227997701829352195091
00.0000000227997701829352195091
00.0000000227997701829352195091
00.0000000227997701829352195091
00.0000000227997701829352195091
00.0000000227997701829352195091
00.0000000227997701829352195091
00.0000000227997701829352195091
00.0000000227997701829352195091
00.0000000227997701829352195091
00.0000000227997701829352195091
00.0000000227997701829352195091
00.0000000227997701829352195091
00.0000000227997701829352195091
00.0000000227997701829352195091
00.0000000227997701829352195091
00.0000000227997701829352195091
00.0000000227997701829352195091
00.0000000227997701829352195091
00.0000000227997701829352195091
00.0000000227997701829352195091
00.0000000227997701829352195091
00.0000000227997701829352195091
00.0000000227997701829352195091
00.0000000227997701829352195091
00.0000000227997701829352195091
00.0000000227997701829352195091
00.0000000227997701829352195091
00.0000000227997701829352195091
00.0000000227997701829352195091
00.0000000227997701829352195091
00.0000000227997701829352195091
00.0000000227997701829352195091
00.0000000227997701829352195091
00.0000000227997701829352195091
00.0000000227997701829352195091
00.0000000227997701829352195091
00.0000000227997701829352195091
00.0000000227997701829352195091
00.0000000227997701829352195091
00.0000000227997701829352195091
00.0000000227997701829352195091
00.0000000227997701829352195091
00.0000000227997701829352195091
00.0000000227997701829352195091
00.0000000227997701829352195091
00.0000000227997701829352195091
00.0000000227997701829352195091
00.0000000227997701829352195091
00.0000000227997701829352195091
00.0000000227997701829352195091
00.0000000227997701829352195091
00.0000000227997701829352195091
00.0000000227997701829352195091
00.0000000227997701829352195091
00.0000000227997701829352195091
00.0000000227997701829352195091
00.0000000227997701829352195091
00.0000000227997701829352195091
00.0000000227997701829352195091
00.0000000227997701829352195091
00.0000000227997701829352195091
00.0000000227997701829352195091
00.0000000227997701829352195091
00.0000000227997701829352195091
00.0000000227997701829352195091
00.0000000227997701829352195091
00.0000000227997701829352195091
00.0000000227997701829352195091
00.0000000227997701829352195091
00.0000000227997701829352195091
00.0000000227997701829352195091
00.0000000227997701829352195091
00.0000000227997701829352195091
00.0000000227997701829352195091
00.0000000227997701829352195091
00.0000000227997701829352195091
00.0000000227997701829352195091
00.0000000227997701829352195091
00.0000000227997701829352195091
00.0000000227997701829352195091
00.0000000227997701829352195091
00.0000000227997701829352195091
00.0000000227997701829352195091
00.0000000227997701829352195091
00.0000000227997701829352195091
00.0000000227997701829352195091
00.0000000227997701829352195091
00.0000000227997701829352195091
00.0000000227997701829352195091
00.0000000227997701829352195091
00.0000000227997701829352195091
00.0000000227997701829352195091
00.0000000227997701829352195091
00.0000000227997701829352195091
00.0000000227997701829352195091
00.0000000227997701829352195091
00.0000000227997701829352195091
00.0000000227997701829352195091
00.0000000227997701829352195091
00.0000000227997701829352195091
00.0000000227997701829352195091
00.0000000227997701829352195091
00.0000000227997701829352195091
00.0000000227997701829352195091
00.0000000227997701829352195091
00.0000000227997701829352195091
00.0000000227997701829352195091
00.0000000227997701829352195091
00.0000000227997701829352195091
00.0000000227997701829352195091
00.0000000227997701829352195091
00.0000000227997701829352195091
00.0000000227997701829352195091
00.0000000227997701829352195091
00.0000000227997701829352195091
00.0000000227997701829352195091
00.0000000227997701829352195091
00.0000000227997701829352195091
00.0000000227997701829352195091
00.0000000227997701829352195091
00.0000000227997701829352195091
00.0000000227997701829352195091
00.0000000227997701829352195091
00.0000000227997701829352195091
00.0000000227997701829352195091
00.0000000227997701829352195091
00.0000000227997701829352195091
00.0000000227997701829352195091
00.0000000227997701829352195091
00.0000000227997701829352195091
00.0000000227997701829352195091
00.0000000227997701829352195091
00.0000000227997701829352195091
00.0000000227997701829352195091
00.0000000227997701829352195091
00.0000000227997701829352195091
00.0000000227997701829352195091
00.0000000227997701829352195091
00.0000000227997701829352195091
00.0000000227997701829352195091
00.0000000227997701829352195091
00.0000000227997701829352195091
00.0000000227997701829352195091
00.0000000227997701829352195091
00.0000000227997701829352195091
00.0000000227997701829352195091
00.0000000227997701829352195091
00.0000000227997701829352195091
00.0000000227997701829352195091
00.0000000227997701829352195091
00.0000000227997701829352195091
00.0000000227997701829352195091
00.0000000227997701829352195091
00.0000000227997701829352195091
00.0000000227997701829352195091
00.0000000227997701829352195091
00.0000000227997701829352195091
00.0000000227997701829352195091
00.0000000227997701829352195091
00.0000000227997701829352195091
00.0000000227997701829352195091
00.0000000227997701829352195091
00.0000000227997701829352195091
00.0000000227997701829352195091
00.0000000227997701829352195091
00.0000000227997701829352195091
00.0000000227997701829352195091
00.0000000227997701829352195091
00.0000000227997701829352195091
00.0000000227997701829352195091
00.0000000227997701829352195091
00.0000000227997701829352195091
00.0000000227997701829352195091
00.0000000227997701829352195091
00.0000000227997701829352195091
00.0000000227997701829352195091
00.0000000227997701829352195091
00.0000000227997701829352195091
00.0000000227997701829352195091
00.0000000227997701829352195091
00.0000000227997701829352195091
00.0000000227997701829352195091
00.0000000227997701829352195091
00.0000000227997701829352195091
00.0000000227997701829352195091
00.0000000227997701829352195091
00.0000000227997701829352195091
00.0000000227997701829352195091
00.0000000227997701829352195091
00.0000000227997701829352195091
00.0000000227997701829352195091
00.0000000227997701829352195091
00.0000000227997701829352195091
00.0000000227997701829352195091
00.0000000227997701829352195091
00.0000000227997701829352195091
00.0000000227997701829352195091
00.0000000227997701829352195091
00.0000000227997701829352195091
00.0000000227997701829352195091
00.0000000227997701829352195091
00.0000000227997701829352195091
00.0000000227997701829352195091
00.0000000227997701829352195091
00.0000000227997701829352195091
00.0000000227997701829352195091
00.0000000227997701829352195091
00.0000000227997701829352195091
00.0000000227997701829352195091
00.0000000227997701829352195091
00.0000000227997701829352195091
00.0000000227997701829352195091
00.0000000227997701829352195091
00.0000000227997701829352195091
00.0000000227997701829352195091
00.0000000227997701829352195091
00.0000000227997701829352195091
00.0000000227997701829352195091
00.0000000227997701829352195091
00.0000000227997701829352195091
00.0000000227997701829352195091
00.0000000227997701829352195091
00.0000000227997701829352195091
00.0000000227997701829352195091
00.0000000227997701829352195091
00.0000000227997701829352195091
00.0000000227997701829352195091
00.0000000227997701829352195091
00.0000000227997701829352195091
00.0000000227997701829352195091
00.0000000227997701829352195091
00.0000000227997701829352195091
00.0000000227997701829352195091
00.0000000227997701829352195091
00.0000000227997701829352195091
00.0000000227997701829352195091
00.0000000227997701829352195091
00.0000000227997701829352195091
00.0000000227997701829352195091
00.0000000227997701829352195091
00.0000000227997701829352195091
00.0000000227997701829352195091
00.0000000227997701829352195091
00.0000000227997701829352195091
00.0000000227997701829352195091
00.0000000227997701829352195091
00.0000000227997701829352195091
00.0000000227997701829352195091
00.0000000227997701829352195091
00.0000000227997701829352195091
00.0000000227997701829352195091
00.0000000227997701829352195091
00.0000000227997701829352195091
00.0000000227997701829352195091
00.0000000227997701829352195091
00.0000000227997701829352195091
00.0000000227997701829352195091
00.0000000227997701829352195091
00.0000000227997701829352195091
00.0000000227997701829352195091
00.0000000227997701829352195091
00.0000000227997701829352195091
00.0000000227997701829352195091
00.0000000227997701829352195091
00.0000000227997701829352195091
00.0000000227997701829352195091
00.0000000227997701829352195091
00.0000000227997701829352195091
00.0000000227997701829352195091
00.0000000227997701829352195091
00.0000000227997701829352195091
00.0000000227997701829352195091
00.0000000227997701829352195091
00.0000000227997701829352195091
00.0000000227997701829352195091
00.0000000227997701829352195091
00.0000000227997701829352195091
00.0000000227997701829352195091
00.0000000227997701829352195091
00.0000000227997701829352195091
00.0000000227997701829352195091
00.0000000227997701829352195091
00.0000000227997701829352195091
00.0000000227997701829352195091
00.0000000227997701829352195091
00.0000000227997701829352195091
00.0000000227997701829352195091
00.0000000227997701829352195091
00.0000000227997701829352195091
00.0000000227997701829352195091
00.0000000227997701829352195091
00.0000000227997701829352195091
00.0000000227997701829352195091
00.0000000227997701829352195091
00.0000000227997701829352195091
00.0000000227997701829352195091
00.0000000227997701829352195091
00.0000000227997701829352195091
00.0000000227997701829352195091
00.0000000227997701829352195091
00.0000000227997701829352195091
00.0000000227997701829352195091
00.0000000227997701829352195091
00.0000000227997701829352195091
00.0000000227997701829352195091
00.0000000227997701829352195091
00.0000000227997701829352195091
00.0000000227997701829352195091
00.0000000227997701829352195091
00.0000000227997701829352195091
00.0000000227997701829352195091
00.0000000227997701829352195091
00.0000000227997701829352195091
00.0000000227997701829352195091
00.0000000227997701829352195091
00.0000000227997701829352195091
00.0000000227997701829352195091
00.0000000227997701829352195091
00.0000000227997701829352195091
00.0000000227997701829352195091
00.0000000227997701829352195091
00.0000000227997701829352195091
00.0000000227997701829352195091
00.0000000227997701829352195091
00.0000000227997701829352195091
00.0000000227997701829352195091
00.0000000227997701829352195091
00.0000000227997701829352195091
00.0000000227997701829352195091
00.0000000227997701829352195091
00.0000000227997701829352195091
00.0000000227997701829352195091
00.0000000227997701829352195091
00.0000000227997701829352195091
00.0000000227997701829352195091
00.0000000227997701829352195091
00.0000000227997701829352195091
00.0000000227997701829352195091
00.0000000227997701829352195091
00.0000000227997701829352195091
00.0000000227997701829352195091
00.0000000227997701829352195091
00.0000000227997701829352195091
00.0000000227997701829352195091
00.0000000227997701829352195091
00.0000000227997701829352195091
00.0000000227997701829352195091
00.0000000227997701829352195091
00.0000000227997701829352195091
00.0000000227997701829352195091
00.0000000227997701829352195091
00.0000000227997701829352195091
00.0000000227997701829352195091
00.0000000227997701829352195091
00.0000000227997701829352195091
00.0000000227997701829352195091
00.0000000227997701829352195091
00.0000000227997701829352195091
00.0000000227997701829352195091
00.0000000227997701829352195091
00.0000000227997701829352195091
00.0000000227997701829352195091
00.0000000227997701829352195091
00.0000000227997701829352195091
00.0000000227997701829352195091
00.0000000227997701829352195091
00.0000000227997701829352195091
00.0000000227997701829352195091
00.0000000227997701829352195091
00.0000000227997701829352195091
00.0000000227997701829352195091
00.0000000227997701829352195091
00.0000000227997701829352195091
00.0000000227997701829352195091
00.0000000227997701829352195091
00.0000000227997701829352195091
00.0000000227997701829352195091
00.0000000227997701829352195091
00.0000000227997701829352195091
00.0000000227997701829352195091
00.0000000227997701829352195091
00.0000000227997701829352195091
00.0000000227997701829352195091
00.0000000227997701829352195091
00.0000000227997701829352195091
00.0000000227997701829352195091
00.0000000227997701829352195091
00.0000000227997701829352195091
00.0000000227997701829352195091
00.0000000227997701829352195091
00.0000000227997701829352195091
00.0000000227997701829352195091
00.0000000227997701829352195091
00.0000000227997701829352195091
00.0000000227997701829352195091
00.0000000227997701829352195091
00.0000000227997701829352195091
00.0000000227997701829352195091
00.0000000227997701829352195091
00.0000000227997701829352195091
00.0000000227997701829352195091
00.0000000227997701829352195091
00.0000000227997701829352195091
00.0000000227997701829352195091
00.0000000227997701829352195091
00.0000000227997701829352195091
00.0000000227997701829352195091
00.0000000227997701829352195091
00.0000000227997701829352195091
00.0000000227997701829352195091
00.0000000227997701829352195091
00.0000000227997701829352195091
00.0000000227997701829352195091
00.0000000227997701829352195091
00.0000000227997701829352195091
00.0000000227997701829352195091
00.0000000227997701829352195091
00.0000000227997701829352195091
00.0000000227997701829352195091
00.0000000227997701829352195091
00.0000000227997701829352195091
00.0000000227997701829352195091
00.0000000227997701829352195091
00.0000000227997701829352195091
00.0000000227997701829352195091
00.0000000227997701829352195091
00.0000000227997701829352195091
00.0000000227997701829352195091
00.0000000227997701829352195091
00.0000000227997701829352195091
00.0000000227997701829352195091
00.0000000227997701829352195091
00.0000000227997701829352195091
00.0000000227997701829352195091
00.0000000227997701829352195091
00.0000000227997701829352195091
00.0000000227997701829352195091
00.0000000227997701829352195091
00.0000000227997701829352195091
00.0000000227997701829352195091
00.0000000227997701829352195091
00.0000000227997701829352195091
00.0000000227997701829352195091
00.0000000227997701829352195091
00.0000000227997701829352195091
00.0000000227997701829352195091
00.0000000227997701829352195091
00.0000000227997701829352195091
00.0000000227997701829352195091
00.0000000227997701829352195091
00.0000000227997701829352195091
00.0000000227997701829352195091
00.0000000227997701829352195091
00.0000000227997701829352195091
00.0000000227997701829352195091
00.0000000227997701829352195091
00.0000000227997701829352195091
00.0000000227997701829352195091
00.0000000227997701829352195091
00.0000000227997701829352195091
00.0000000227997701829352195091
00.0000000227997701829352195091
00.0000000227997701829352195091
00.0000000227997701829352195091
00.0000000227997701829352195091
00.0000000227997701829352195091
00.0000000227997701829352195091
00.0000000227997701829352195091
00.0000000227997701829352195091
00.0000000227997701829352195091
00.0000000227997701829352195091
00.0000000227997701829352195091
00.0000000227997701829352195091
00.0000000227997701829352195091
00.0000000227997701829352195091
00.0000000227997701829352195091
00.0000000227997701829352195091
00.0000000227997701829352195091
00.0000000227997701829352195091
00.0000000227997701829352195091
00.0000000227997701829352195091
00.0000000227997701829352195091
00.0000000227997701829352195091
00.0000000193130773595839855261
00.0000000193130773595839855261
00.0000000193130773595839855261
00.0000000193130773595839855261
00.0000000193130773595839855261
00.0000000193130773595839855261
00.0000000193130773595839855261
00.0000000193130773595839855261
00.0000000193130773595839855261
00.0000000193130773595839855261
00.0000000193130773595839855261
00.0000000193130773595839855261
00.0000000193130773595839855261
00.0000000193130773595839855261
00.0000000193130773595839855261
00.0000000193130773595839855261
00.0000000193130773595839855261
00.0000000193130773595839855261
00.0000000193130773595839855261
00.0000000193130773595839855261
00.0000000193130773595839855261
00.0000000193130773595839855261
00.0000000193130773595839855261
00.0000000193130773595839855261
00.0000000193130773595839855261
00.0000000193130773595839855261
00.0000000193130773595839855261
00.0000000193130773595839855261
00.0000000193130773595839855261
00.0000000193130773595839855261
00.0000000193130773595839855261
00.0000000193130773595839855261
00.0000000193130773595839855261
00.0000000193130773595839855261
00.0000000193130773595839855261
00.0000000193130773595839855261
00.0000000193130773595839855261
00.0000000193130773595839855261
00.0000000193130773595839855261
00.0000000193130773595839855261
00.0000000193130773595839855261
00.0000000193130773595839855261
00.0000000193130773595839855261
00.0000000193130773595839855261
00.0000000193130773595839855261
00.0000000193130773595839855261
00.0000000193130773595839855261
00.0000000193130773595839855261
00.0000000193130773595839855261
00.0000000193130773595839855261
00.0000000193130773595839855261
00.0000000193130773595839855261
00.0000000193130773595839855261
00.0000000193130773595839855261
00.0000000193130773595839855261
00.0000000193130773595839855261
00.0000000193130773595839855261
00.0000000193130773595839855261
00.0000000193130773595839855261
00.0000000193130773595839855261
00.0000000193130773595839855261
00.0000000193130773595839855261
00.0000000193130773595839855261
00.0000000193130773595839855261
00.0000000193130773595839855261
00.0000000193130773595839855261
00.0000000193130773595839855261
00.0000000193130773595839855261
00.0000000193130773595839855261
00.0000000193130773595839855261
00.0000000193130773595839855261
00.0000000193130773595839855261
00.0000000193130773595839855261
00.0000000193130773595839855261
00.0000000193130773595839855261
00.0000000193130773595839855261
00.0000000193130773595839855261
00.0000000193130773595839855261
00.0000000193130773595839855261
00.0000000193130773595839855261
00.0000000193130773595839855261
00.0000000193130773595839855261
00.0000000193130773595839855261
00.0000000193130773595839855261
00.0000000193130773595839855261
00.0000000193130773595839855261
00.0000000193130773595839855261
00.0000000193130773595839855261
00.0000000193130773595839855261
00.0000000193130773595839855261
00.0000000193130773595839855261
00.0000000193130773595839855261
00.0000000193130773595839855261
00.0000000193130773595839855261
00.0000000193130773595839855261
00.0000000193130773595839855261
00.0000000193130773595839855261
00.0000000193130773595839855261
00.0000000193130773595839855261
00.0000000193130773595839855261
00.0000000193130773595839855261
00.0000000193130773595839855261
00.0000000193130773595839855261
00.0000000193130773595839855261
00.0000000193130773595839855261
00.0000000193130773595839855261
00.0000000193130773595839855261
00.0000000193130773595839855261
00.0000000193130773595839855261
00.0000000193130773595839855261
00.0000000193130773595839855261
00.0000000193130773595839855261
00.0000000193130773595839855261
00.0000000193130773595839855261
00.0000000193130773595839855261
00.0000000193130773595839855261
00.0000000193130773595839855261
00.0000000193130773595839855261
00.0000000193130773595839855261
00.0000000193130773595839855261
00.0000000193130773595839855261
00.0000000193130773595839855261
00.0000000193130773595839855261
00.0000000193130773595839855261
00.0000000193130773595839855261
00.0000000193130773595839855261
00.0000000193130773595839855261
00.0000000193130773595839855261
00.0000000193130773595839855261
00.0000000193130773595839855261
00.0000000193130773595839855261
00.0000000193130773595839855261
00.0000000193130773595839855261
00.0000000193130773595839855261
00.0000000193130773595839855261
00.0000000193130773595839855261
00.0000000193130773595839855261
00.0000000193130773595839855261
00.0000000193130773595839855261
00.0000000193130773595839855261
00.0000000193130773595839855261
00.0000000193130773595839855261
00.0000000193130773595839855261
00.0000000193130773595839855261
00.0000000193130773595839855261
00.0000000193130773595839855261
00.0000000193130773595839855261
00.0000000193130773595839855261
00.0000000193130773595839855261
00.0000000193130773595839855261
00.0000000193130773595839855261
00.0000000193130773595839855261
00.0000000193130773595839855261
00.0000000193130773595839855261
00.0000000193130773595839855261
00.0000000193130773595839855261
00.0000000193130773595839855261
00.0000000193130773595839855261
00.0000000193130773595839855261
00.0000000193130773595839855261
00.0000000193130773595839855261
00.0000000193130773595839855261
00.0000000193130773595839855261
00.0000000193130773595839855261
00.0000000193130773595839855261
00.0000000193130773595839855261
00.0000000193130773595839855261
00.0000000193130773595839855261
00.0000000193130773595839855261
00.0000000193130773595839855261
00.0000000193130773595839855261
00.0000000193130773595839855261
00.0000000193130773595839855261
00.0000000193130773595839855261
00.0000000193130773595839855261
00.0000000193130773595839855261
00.0000000193130773595839855261
00.0000000193130773595839855261
00.0000000193130773595839855261
00.0000000193130773595839855261
00.0000000193130773595839855261
00.0000000193130773595839855261
00.0000000193130773595839855261
00.0000000193130773595839855261
00.0000000193130773595839855261
00.0000000193130773595839855261
00.0000000193130773595839855261
00.0000000193130773595839855261
00.0000000193130773595839855261
00.0000000193130773595839855261
00.0000000193130773595839855261
00.0000000193130773595839855261
00.0000000193130773595839855261
00.0000000193130773595839855261
00.0000000193130773595839855261
00.0000000193130773595839855261
00.0000000193130773595839855261
00.0000000193130773595839855261
00.0000000193130773595839855261
00.0000000193130773595839855261
00.0000000193130773595839855261
00.0000000193130773595839855261
00.0000000193130773595839855261
00.0000000193130773595839855261
00.0000000193130773595839855261
00.0000000193130773595839855261
00.0000000193130773595839855261
00.0000000193130773595839855261
00.0000000193130773595839855261
00.0000000193130773595839855261
00.0000000193130773595839855261
00.0000000193130773595839855261
00.0000000193130773595839855261
00.0000000193130773595839855261
00.0000000193130773595839855261
00.0000000193130773595839855261
00.0000000193130773595839855261
00.0000000193130773595839855261
00.0000000193130773595839855261
00.0000000193130773595839855261
00.0000000193130773595839855261
00.0000000193130773595839855261
00.0000000193130773595839855261
00.0000000193130773595839855261
00.0000000193130773595839855261
00.0000000193130773595839855261
00.0000000193130773595839855261
00.0000000193130773595839855261
00.0000000193130773595839855261
00.0000000193130773595839855261
00.0000000193130773595839855261
00.0000000193130773595839855261
00.0000000193130773595839855261
00.0000000193130773595839855261
00.0000000193130773595839855261
00.0000000193130773595839855261
00.0000000193130773595839855261
00.0000000193130773595839855261
00.0000000193130773595839855261
00.0000000193130773595839855261
00.0000000193130773595839855261
00.0000000193130773595839855261
00.0000000193130773595839855261
00.0000000193130773595839855261
00.0000000193130773595839855261
00.0000000193130773595839855261
00.0000000193130773595839855261
00.0000000193130773595839855261
00.0000000193130773595839855261
00.0000000193130773595839855261
00.0000000193130773595839855261
00.0000000193130773595839855261
00.0000000193130773595839855261
00.0000000193130773595839855261
00.0000000193130773595839855261
00.0000000193130773595839855261
00.0000000193130773595839855261
00.0000000193130773595839855261
00.0000000193130773595839855261
00.0000000193130773595839855261
00.0000000193130773595839855261
00.0000000193130773595839855261
00.0000000193130773595839855261
00.0000000193130773595839855261
00.0000000193130773595839855261
00.0000000193130773595839855261
00.0000000193130773595839855261
00.0000000193130773595839855261
00.0000000193130773595839855261
00.0000000193130773595839855261
00.0000000193130773595839855261
00.0000000193130773595839855261
00.0000000193130773595839855261
00.0000000193130773595839855261
00.0000000193130773595839855261
00.0000000193130773595839855261
00.0000000193130773595839855261
00.0000000193130773595839855261
00.0000000193130773595839855261
00.0000000193130773595839855261
00.0000000193130773595839855261
00.0000000193130773595839855261
00.0000000193130773595839855261
00.0000000193130773595839855261
00.0000000193130773595839855261
00.0000000193130773595839855261
00.0000000193130773595839855261
00.0000000193130773595839855261
00.0000000193130773595839855261
00.0000000193130773595839855261
00.0000000193130773595839855261
00.0000000193130773595839855261
00.0000000193130773595839855261
00.0000000193130773595839855261
00.0000000193130773595839855261
00.0000000193130773595839855261
00.0000000193130773595839855261
00.0000000193130773595839855261
00.0000000193130773595839855261
00.0000000193130773595839855261
00.0000000193130773595839855261
00.0000000193130773595839855261
00.0000000193130773595839855261
00.0000000193130773595839855261
00.0000000193130773595839855261
00.0000000193130773595839855261
00.0000000193130773595839855261
00.0000000193130773595839855261
00.0000000193130773595839855261
00.0000000193130773595839855261
00.0000000193130773595839855261
00.0000000193130773595839855261
00.0000000193130773595839855261
00.0000000193130773595839855261
00.0000000193130773595839855261
00.0000000193130773595839855261
00.0000000193130773595839855261
00.0000000193130773595839855261
00.0000000193130773595839855261
00.0000000193130773595839855261
00.0000000193130773595839855261
00.0000000193130773595839855261
00.0000000193130773595839855261
00.0000000193130773595839855261
00.0000000193130773595839855261
00.0000000193130773595839855261
00.0000000193130773595839855261
00.0000000193130773595839855261
00.0000000193130773595839855261
00.0000000193130773595839855261
00.0000000193130773595839855261
00.0000000193130773595839855261
00.0000000193130773595839855261
00.0000000193130773595839855261
00.0000000193130773595839855261
00.0000000193130773595839855261
00.0000000193130773595839855261
00.0000000193130773595839855261
00.0000000193130773595839855261
00.0000000193130773595839855261
00.0000000193130773595839855261
00.0000000193130773595839855261
00.0000000193130773595839855261
00.0000000193130773595839855261
00.0000000193130773595839855261
00.0000000193130773595839855261
00.0000000193130773595839855261
00.0000000193130773595839855261
00.0000000193130773595839855261
00.0000000193130773595839855261
00.0000000193130773595839855261
00.0000000193130773595839855261
00.0000000193130773595839855261
00.0000000193130773595839855261
00.0000000193130773595839855261
00.0000000193130773595839855261
00.0000000193130773595839855261
00.0000000193130773595839855261
00.0000000193130773595839855261
00.0000000193130773595839855261
00.0000000193130773595839855261
00.0000000193130773595839855261
00.0000000193130773595839855261
00.0000000193130773595839855261
00.0000000193130773595839855261
00.0000000193130773595839855261
00.0000000193130773595839855261
00.0000000193130773595839855261
00.0000000193130773595839855261
00.0000000193130773595839855261
00.0000000193130773595839855261
00.0000000193130773595839855261
00.0000000193130773595839855261
00.0000000193130773595839855261
00.0000000193130773595839855261
00.0000000193130773595839855261
00.0000000193130773595839855261
00.0000000193130773595839855261
00.0000000193130773595839855261
00.0000000193130773595839855261
00.0000000193130773595839855261
00.0000000193130773595839855261
00.0000000193130773595839855261
00.0000000193130773595839855261
00.0000000193130773595839855261
00.0000000193130773595839855261
00.0000000193130773595839855261
00.0000000193130773595839855261
00.0000000193130773595839855261
00.0000000193130773595839855261
00.0000000193130773595839855261
00.0000000193130773595839855261
00.0000000193130773595839855261
00.0000000193130773595839855261
00.0000000193130773595839855261
00.0000000193130773595839855261
00.0000000193130773595839855261
00.0000000193130773595839855261
00.0000000193130773595839855261
00.0000000193130773595839855261
00.0000000193130773595839855261
00.0000000193130773595839855261
00.0000000193130773595839855261
00.0000000193130773595839855261
00.0000000193130773595839855261
00.0000000193130773595839855261
00.0000000193130773595839855261
00.0000000193130773595839855261
00.0000000193130773595839855261
00.0000000193130773595839855261
00.0000000193130773595839855261
00.0000000193130773595839855261
00.0000000193130773595839855261
00.0000000193130773595839855261
00.0000000193130773595839855261
00.0000000193130773595839855261
00.0000000193130773595839855261
00.0000000193130773595839855261
00.0000000193130773595839855261
00.0000000193130773595839855261
00.0000000193130773595839855261
00.0000000193130773595839855261
00.0000000193130773595839855261
00.0000000193130773595839855261
00.0000000193130773595839855261
00.0000000193130773595839855261
00.0000000193130773595839855261
00.0000000193130773595839855261
00.0000000193130773595839855261
00.0000000193130773595839855261
00.0000000193130773595839855261
00.0000000193130773595839855261
00.0000000193130773595839855261
00.0000000193130773595839855261
00.0000000193130773595839855261
00.0000000193130773595839855261
00.0000000193130773595839855261
00.0000000193130773595839855261
00.0000000193130773595839855261
00.0000000193130773595839855261
00.0000000193130773595839855261
00.0000000193130773595839855261
00.0000000193130773595839855261
00.0000000193130773595839855261
00.0000000193130773595839855261
00.0000000193130773595839855261
00.0000000193130773595839855261
00.0000000193130773595839855261
00.0000000193130773595839855261
00.0000000193130773595839855261
00.0000000193130773595839855261
00.0000000193130773595839855261
00.0000000193130773595839855261
00.0000000193130773595839855261
00.0000000193130773595839855261
00.0000000193130773595839855261
00.0000000193130773595839855261
00.0000000193130773595839855261
00.0000000193130773595839855261
00.0000000193130773595839855261
00.0000000193130773595839855261
00.0000000193130773595839855261
00.0000000193130773595839855261
00.0000000193130773595839855261
00.0000000193130773595839855261
00.0000000193130773595839855261
00.0000000193130773595839855261
00.0000000193130773595839855261
00.0000000193130773595839855261
00.0000000193130773595839855261
00.0000000193130773595839855261
00.0000000193130773595839855261
00.0000000193130773595839855261
00.0000000193130773595839855261
00.0000000193130773595839855261
00.0000000193130773595839855261
00.0000000193130773595839855261
00.0000000193130773595839855261
00.0000000193130773595839855261
00.0000000193130773595839855261
00.0000000193130773595839855261
00.0000000193130773595839855261
00.0000000193130773595839855261
00.0000000193130773595839855261
00.0000000193130773595839855261
00.0000000193130773595839855261
00.0000000193130773595839855261
00.0000000193130773595839855261
00.0000000193130773595839855261
00.0000000193130773595839855261
00.0000000193130773595839855261
00.0000000193130773595839855261
00.0000000193130773595839855261
00.0000000193130773595839855261
00.0000000193130773595839855261
00.0000000193130773595839855261
00.0000000193130773595839855261
00.0000000193130773595839855261
00.0000000193130773595839855261
00.0000000193130773595839855261
00.0000000193130773595839855261
00.0000000193130773595839855261
00.0000000193130773595839855261
00.0000000193130773595839855261
00.0000000193130773595839855261
00.0000000193130773595839855261
00.0000000193130773595839855261
00.0000000193130773595839855261
00.0000000193130773595839855261
00.0000000193130773595839855261
00.0000000193130773595839855261
00.0000000193130773595839855261
00.0000000193130773595839855261
00.0000000193130773595839855261
00.0000000193130773595839855261
00.0000000193130773595839855261
00.0000000193130773595839855261
00.0000000193130773595839855261
00.0000000193130773595839855261
00.0000000193130773595839855261
00.0000000193130773595839855261
00.0000000193130773595839855261
00.0000000193130773595839855261
00.0000000193130773595839855261
00.0000000193130773595839855261
00.0000000193130773595839855261
00.0000000193130773595839855261
00.0000000193130773595839855261
00.0000000193130773595839855261
00.0000000193130773595839855261
00.0000000193130773595839855261
00.0000000193130773595839855261
00.0000000193130773595839855261
00.0000000193130773595839855261
00.0000000193130773595839855261
00.0000000193130773595839855261
00.0000000193130773595839855261
00.0000000193130773595839855261
00.0000000193130773595839855261
00.0000000193130773595839855261
00.0000000193130773595839855261
00.0000000193130773595839855261
00.0000000193130773595839855261
00.0000000193130773595839855261
00.0000000193130773595839855261
00.0000000193130773595839855261
00.0000000193130773595839855261
00.0000000193130773595839855261
00.0000000193130773595839855261
00.0000000193130773595839855261
00.0000000193130773595839855261
00.0000000193130773595839855261
00.0000000193130773595839855261
00.0000000193130773595839855261
00.0000000193130773595839855261
00.0000000193130773595839855261
00.0000000193130773595839855261
00.0000000193130773595839855261
00.0000000193130773595839855261
00.0000000193130773595839855261
00.0000000193130773595839855261
00.0000000193130773595839855261
00.0000000193130773595839855261
00.0000000193130773595839855261
00.0000000193130773595839855261
00.0000000193130773595839855261
00.0000000193130773595839855261
00.0000000193130773595839855261
00.0000000193130773595839855261
00.0000000193130773595839855261
00.0000000193130773595839855261
00.0000000193130773595839855261
00.0000000193130773595839855261
00.0000000193130773595839855261
00.0000000193130773595839855261
00.0000000193130773595839855261
00.0000000193130773595839855261
00.0000000193130773595839855261
00.0000000193130773595839855261
00.0000000193130773595839855261
00.0000000193130773595839855261
00.0000000193130773595839855261
00.0000000193130773595839855261
00.0000000193130773595839855261
00.0000000193130773595839855261
00.0000000193130773595839855261
00.0000000193130773595839855261
00.0000000193130773595839855261
00.0000000193130773595839855261
00.0000000193130773595839855261
00.0000000193130773595839855261
00.0000000193130773595839855261
00.0000000193130773595839855261
00.0000000193130773595839855261
00.0000000193130773595839855261
00.0000000193130773595839855261
00.0000000193130773595839855261
00.0000000193130773595839855261
00.0000000193130773595839855261
00.0000000193130773595839855261
00.0000000193130773595839855261
00.0000000193130773595839855261
00.0000000193130773595839855261
00.0000000193130773595839855261
00.0000000193130773595839855261
00.0000000193130773595839855261
00.0000000193130773595839855261
00.0000000193130773595839855261
00.0000000193130773595839855261
00.0000000193130773595839855261
00.0000000193130773595839855261
00.0000000193130773595839855261
00.0000000193130773595839855261
00.0000000193130773595839855261
00.0000000193130773595839855261
00.0000000193130773595839855261
00.0000000193130773595839855261
00.0000000193130773595839855261
00.0000000193130773595839855261
00.0000000193130773595839855261
00.0000000193130773595839855261
00.0000000193130773595839855261
00.0000000193130773595839855261
00.0000000193130773595839855261
00.0000000193130773595839855261
00.0000000193130773595839855261
00.0000000193130773595839855261
00.0000000193130773595839855261
00.0000000193130773595839855261
00.0000000193130773595839855261
00.0000000193130773595839855261
00.0000000193130773595839855261
00.0000000193130773595839855261
00.0000000193130773595839855261
00.0000000193130773595839855261
00.0000000193130773595839855261
00.0000000193130773595839855261
00.0000000193130773595839855261
00.0000000193130773595839855261
00.0000000193130773595839855261
00.0000000193130773595839855261
00.0000000193130773595839855261
00.0000000193130773595839855261
00.0000000193130773595839855261
00.0000000193130773595839855261
00.0000000193130773595839855261
00.0000000193130773595839855261
00.0000000193130773595839855261
00.0000000193130773595839855261
00.0000000193130773595839855261
00.0000000193130773595839855261
00.0000000193130773595839855261
00.0000000193130773595839855261
00.0000000193130773595839855261
00.0000000193130773595839855261
00.0000000193130773595839855261
00.0000000193130773595839855261
00.0000000193130773595839855261
00.0000000193130773595839855261
00.0000000193130773595839855261
00.0000000193130773595839855261
00.0000000193130773595839855261
00.0000000193130773595839855261
00.0000000193130773595839855261
00.0000000193130773595839855261
00.0000000193130773595839855261
00.0000000193130773595839855261
00.0000000193130773595839855261
00.0000000193130773595839855261
00.0000000193130773595839855261
00.0000000193130773595839855261
00.0000000193130773595839855261
00.0000000193130773595839855261
00.0000000193130773595839855261
00.0000000193130773595839855261
00.0000000193130773595839855261
00.0000000193130773595839855261
00.0000000193130773595839855261
00.0000000193130773595839855261
00.0000000193130773595839855261
00.0000000193130773595839855261
00.0000000193130773595839855261
00.0000000193130773595839855261
00.0000000193130773595839855261
00.0000000193130773595839855261
00.0000000193130773595839855261
00.0000000193130773595839855261
00.0000000193130773595839855261
00.0000000193130773595839855261
00.0000000193130773595839855261
00.0000000193130773595839855261
00.0000000193130773595839855261
00.0000000193130773595839855261
00.0000000193130773595839855261
00.0000000193130773595839855261
00.0000000193130773595839855261
00.0000000193130773595839855261
00.0000000193130773595839855261
00.0000000193130773595839855261
00.0000000193130773595839855261
00.0000000193130773595839855261
00.0000000193130773595839855261
00.0000000193130773595839855261
00.0000000193130773595839855261
00.0000000193130773595839855261
00.0000000193130773595839855261
00.0000000193130773595839855261
00.0000000193130773595839855261
00.0000000193130773595839855261
00.0000000193130773595839855261
00.0000000193130773595839855261
00.0000000193130773595839855261
00.0000000193130773595839855261
00.0000000193130773595839855261
00.0000000193130773595839855261
00.0000000193130773595839855261
00.0000000193130773595839855261
00.0000000193130773595839855261
00.0000000193130773595839855261
00.0000000193130773595839855261
00.0000000193130773595839855261
00.0000000193130773595839855261
00.0000000193130773595839855261
00.0000000193130773595839855261
00.0000000193130773595839855261
00.0000000193130773595839855261
00.0000000193130773595839855261
00.0000000193130773595839855261
00.0000000193130773595839855261
00.0000000193130773595839855261
00.0000000193130773595839855261
00.0000000193130773595839855261
00.0000000193130773595839855261
00.0000000193130773595839855261
00.0000000193130773595839855261
00.0000000193130773595839855261
00.0000000193130773595839855261
00.0000000193130773595839855261
00.0000000193130773595839855261
00.0000000193130773595839855261
00.0000000193130773595839855261
00.0000000193130773595839855261
00.0000000193130773595839855261
00.0000000193130773595839855261
00.0000000193130773595839855261
00.0000000193130773595839855261
00.0000000193130773595839855261
00.0000000193130773595839855261
00.0000000193130773595839855261
00.0000000193130773595839855261
00.0000000193130773595839855261
00.0000000193130773595839855261
00.0000000193130773595839855261
00.0000000193130773595839855261
00.0000000193130773595839855261
00.0000000193130773595839855261
00.0000000193130773595839855261
00.0000000193130773595839855261
00.0000000193130773595839855261
00.0000000193130773595839855261
00.0000000193130773595839855261
00.0000000193130773595839855261
00.0000000193130773595839855261
00.0000000193130773595839855261
00.0000000193130773595839855261
00.0000000193130773595839855261
00.0000000193130773595839855261
00.0000000193130773595839855261
00.0000000193130773595839855261
00.0000000193130773595839855261
00.0000000193130773595839855261
00.0000000193130773595839855261
00.0000000193130773595839855261
00.0000000193130773595839855261
00.0000000193130773595839855261
00.0000000193130773595839855261
00.0000000193130773595839855261
00.0000000193130773595839855261
00.0000000193130773595839855261
00.0000000193130773595839855261
00.0000000193130773595839855261
00.0000000193130773595839855261
00.0000000193130773595839855261
00.0000000193130773595839855261
00.0000000193130773595839855261
00.0000000193130773595839855261
00.0000000193130773595839855261
00.0000000193130773595839855261
00.0000000193130773595839855261
00.0000000193130773595839855261
00.0000000193130773595839855261
00.0000000193130773595839855261
00.0000000193130773595839855261
00.0000000193130773595839855261
00.0000000193130773595839855261
00.0000000193130773595839855261
00.0000000193130773595839855261
00.0000000193130773595839855261
00.0000000193130773595839855261
00.0000000193130773595839855261
00.0000000193130773595839855261
00.0000000193130773595839855261
00.0000000193130773595839855261
00.0000000193130773595839855261
00.0000000193130773595839855261
00.0000000193130773595839855261
00.0000000193130773595839855261
00.0000000193130773595839855261
00.0000000193130773595839855261
00.0000000193130773595839855261
00.0000000193130773595839855261
00.0000000193130773595839855261
00.0000000193130773595839855261
00.0000000193130773595839855261
00.0000000193130773595839855261
00.0000000193130773595839855261
00.0000000193130773595839855261
00.0000000193130773595839855261
00.0000000193130773595839855261
00.0000000193130773595839855261
00.0000000193130773595839855261
00.0000000193130773595839855261
00.0000000193130773595839855261
00.0000000193130773595839855261
00.0000000193130773595839855261
00.0000000193130773595839855261
00.0000000193130773595839855261
00.0000000193130773595839855261
00.0000000193130773595839855261
00.0000000193130773595839855261
00.0000000193130773595839855261
00.0000000193130773595839855261
00.0000000193130773595839855261
00.0000000193130773595839855261
00.0000000193130773595839855261
00.0000000193130773595839855261
00.0000000193130773595839855261
00.0000000193130773595839855261
00.0000000193130773595839855261
00.0000000193130773595839855261
00.0000000193130773595839855261
00.0000000193130773595839855261
00.0000000193130773595839855261
00.0000000193130773595839855261
00.0000000193130773595839855261
00.0000000193130773595839855261
00.0000000193130773595839855261
00.0000000193130773595839855261
00.0000000193130773595839855261
00.0000000193130773595839855261
00.0000000193130773595839855261
00.0000000193130773595839855261
00.0000000193130773595839855261
00.0000000193130773595839855261
00.0000000193130773595839855261
00.0000000193130773595839855261
00.0000000193130773595839855261
00.0000000193130773595839855261
00.0000000193130773595839855261
00.0000000193130773595839855261
00.0000000193130773595839855261
00.0000000193130773595839855261
00.0000000193130773595839855261
00.0000000193130773595839855261
00.0000000193130773595839855261
00.0000000193130773595839855261
00.0000000193130773595839855261
00.0000000193130773595839855261
00.0000000193130773595839855261
00.0000000193130773595839855261
00.0000000193130773595839855261
00.0000000193130773595839855261
00.0000000193130773595839855261
00.0000000193130773595839855261
00.0000000193130773595839855261
00.0000000193130773595839855261
00.0000000193130773595839855261
00.0000000193130773595839855261
00.0000000193130773595839855261
00.0000000193130773595839855261
00.0000000193130773595839855261
00.0000000193130773595839855261
00.0000000193130773595839855261
00.0000000193130773595839855261
00.0000000193130773595839855261
00.0000000193130773595839855261
00.0000000193130773595839855261
00.0000000193130773595839855261
00.0000000193130773595839855261
00.0000000193130773595839855261
00.0000000193130773595839855261
00.0000000193130773595839855261
00.0000000193130773595839855261
00.0000000193130773595839855261
00.0000000193130773595839855261
00.0000000193130773595839855261
00.0000000193130773595839855261
00.0000000193130773595839855261
00.0000000193130773595839855261
00.0000000193130773595839855261
00.0000000193130773595839855261
00.0000000193130773595839855261
00.0000000193130773595839855261
00.0000000193130773595839855261
00.0000000193130773595839855261
00.0000000193130773595839855261
00.0000000193130773595839855261
00.0000000193130773595839855261
00.0000000193130773595839855261
00.0000000193130773595839855261
00.0000000193130773595839855261
00.0000000193130773595839855261
00.0000000193130773595839855261
00.0000000193130773595839855261
00.0000000193130773595839855261
00.0000000193130773595839855261
00.0000000193130773595839855261
00.0000000193130773595839855261
00.0000000193130773595839855261
00.0000000193130773595839855261
00.0000000193130773595839855261
00.0000000193130773595839855261
00.0000000193130773595839855261
00.0000000193130773595839855261
00.0000000193130773595839855261
00.0000000193130773595839855261
00.0000000193130773595839855261
00.0000000193130773595839855261
00.0000000193130773595839855261
00.0000000193130773595839855261
00.0000000193130773595839855261
00.0000000193130773595839855261
00.0000000193130773595839855261
00.0000000193130773595839855261
00.0000000193130773595839855261
00.0000000193130773595839855261
00.0000000193130773595839855261
00.0000000193130773595839855261
00.0000000193130773595839855261
00.0000000193130773595839855261
00.0000000193130773595839855261
00.0000000193130773595839855261
00.0000000193130773595839855261
00.0000000193130773595839855261
00.0000000193130773595839855261
00.0000000193130773595839855261
00.0000000193130773595839855261
00.0000000193130773595839855261
00.0000000193130773595839855261
00.0000000193130773595839855261
00.0000000193130773595839855261
00.0000000193130773595839855261
00.0000000193130773595839855261
00.0000000193130773595839855261
00.0000000193130773595839855261
00.0000000193130773595839855261
00.0000000193130773595839855261
00.0000000193130773595839855261
00.0000000193130773595839855261
00.0000000193130773595839855261
00.0000000193130773595839855261
00.0000000193130773595839855261
00.0000000193130773595839855261
00.0000000193130773595839855261
00.0000000193130773595839855261
00.0000000193130773595839855261
00.0000000193130773595839855261
00.0000000193130773595839855261
00.0000000193130773595839855261
00.0000000193130773595839855261
00.0000000193130773595839855261
00.0000000193130773595839855261
00.0000000193130773595839855261
00.0000000193130773595839855261
00.0000000193130773595839855261
00.0000000193130773595839855261
00.0000000193130773595839855261
00.0000000193130773595839855261
00.0000000193130773595839855261
00.0000000193130773595839855261
00.0000000193130773595839855261
00.0000000193130773595839855261
00.0000000193130773595839855261
00.0000000193130773595839855261
00.0000000193130773595839855261
00.0000000193130773595839855261
00.0000000193130773595839855261
00.0000000193130773595839855261
00.0000000193130773595839855261
00.0000000193130773595839855261
00.0000000193130773595839855261
00.0000000193130773595839855261
00.0000000193130773595839855261
00.0000000193130773595839855261
00.0000000193130773595839855261
00.0000000193130773595839855261
00.0000000193130773595839855261
00.0000000193130773595839855261
00.0000000193130773595839855261
00.0000000193130773595839855261
00.0000000215740930675778486147
00.0000000215740930675778486147
00.0000000215740930675778486147
00.0000000215740930675778486147
00.0000000215740930675778486147
00.0000000215740930675778486147
00.0000000215740930675778486147
00.0000000215740930675778486147
00.0000000215740930675778486147
00.0000000215740930675778486147
00.0000000215740930675778486147
00.0000000215740930675778486147
00.0000000215740930675778486147
00.0000000215740930675778486147
00.0000000215740930675778486147
00.0000000215740930675778486147
00.0000000215740930675778486147
00.0000000215740930675778486147
00.0000000215740930675778486147
00.0000000215740930675778486147
00.0000000215740930675778486147
00.0000000215740930675778486147
00.0000000215740930675778486147
00.0000000215740930675778486147
00.0000000215740930675778486147
00.0000000215740930675778486147
00.0000000215740930675778486147
00.0000000215740930675778486147
00.0000000215740930675778486147
00.0000000215740930675778486147
00.0000000215740930675778486147
00.0000000215740930675778486147
00.0000000215740930675778486147
00.0000000215740930675778486147
00.0000000215740930675778486147
00.0000000215740930675778486147
00.0000000215740930675778486147
00.0000000215740930675778486147
00.0000000215740930675778486147
00.0000000215740930675778486147
00.0000000215740930675778486147
00.0000000215740930675778486147
00.0000000215740930675778486147
00.0000000215740930675778486147
00.0000000215740930675778486147
00.0000000215740930675778486147
00.0000000215740930675778486147
00.0000000215740930675778486147
00.0000000215740930675778486147
00.0000000215740930675778486147
00.0000000215740930675778486147
00.0000000215740930675778486147
00.0000000215740930675778486147
00.0000000215740930675778486147
00.0000000215740930675778486147
00.0000000215740930675778486147
00.0000000215740930675778486147
00.0000000215740930675778486147
00.0000000215740930675778486147
00.0000000215740930675778486147
00.0000000215740930675778486147
00.0000000215740930675778486147
00.0000000215740930675778486147
00.0000000215740930675778486147
00.0000000215740930675778486147
00.0000000215740930675778486147
00.0000000215740930675778486147
00.0000000215740930675778486147
00.0000000215740930675778486147
00.0000000215740930675778486147
00.0000000215740930675778486147
00.0000000215740930675778486147
00.0000000215740930675778486147
00.0000000215740930675778486147
00.0000000215740930675778486147
00.0000000215740930675778486147
00.0000000215740930675778486147
00.0000000215740930675778486147
00.0000000215740930675778486147
00.0000000215740930675778486147
00.0000000215740930675778486147
00.0000000215740930675778486147
00.0000000215740930675778486147
00.0000000215740930675778486147
00.0000000215740930675778486147
00.0000000215740930675778486147
00.0000000215740930675778486147
00.0000000215740930675778486147
00.0000000215740930675778486147
00.0000000215740930675778486147
00.0000000215740930675778486147
00.0000000215740930675778486147
00.0000000215740930675778486147
00.0000000215740930675778486147
00.0000000215740930675778486147
00.0000000215740930675778486147
00.0000000215740930675778486147
00.0000000215740930675778486147
00.0000000215740930675778486147
00.0000000215740930675778486147
00.0000000215740930675778486147
00.0000000215740930675778486147
00.0000000215740930675778486147
00.0000000215740930675778486147
00.0000000215740930675778486147
00.0000000215740930675778486147
00.0000000215740930675778486147
00.0000000215740930675778486147
00.0000000215740930675778486147
00.0000000215740930675778486147
00.0000000215740930675778486147
00.0000000215740930675778486147
00.0000000215740930675778486147
00.0000000215740930675778486147
00.0000000215740930675778486147
00.0000000215740930675778486147
00.0000000215740930675778486147
00.0000000215740930675778486147
00.0000000215740930675778486147
00.0000000215740930675778486147
00.0000000215740930675778486147
00.0000000215740930675778486147
00.0000000215740930675778486147
00.0000000215740930675778486147
00.0000000215740930675778486147
00.0000000215740930675778486147
00.0000000215740930675778486147
00.0000000215740930675778486147
00.0000000215740930675778486147
00.0000000215740930675778486147
00.0000000215740930675778486147
00.0000000215740930675778486147
00.0000000215740930675778486147
00.0000000215740930675778486147
00.0000000215740930675778486147
00.0000000215740930675778486147
00.0000000215740930675778486147
00.0000000215740930675778486147
00.0000000215740930675778486147
00.0000000215740930675778486147
00.0000000215740930675778486147
00.0000000215740930675778486147
00.0000000215740930675778486147
00.0000000215740930675778486147
00.0000000215740930675778486147
00.0000000215740930675778486147
00.0000000215740930675778486147
00.0000000215740930675778486147
00.0000000215740930675778486147
00.0000000215740930675778486147
00.0000000215740930675778486147
00.0000000215740930675778486147
00.0000000215740930675778486147
00.0000000215740930675778486147
00.0000000215740930675778486147
00.0000000215740930675778486147
00.0000000215740930675778486147
00.0000000215740930675778486147
00.0000000215740930675778486147
00.0000000215740930675778486147
00.0000000215740930675778486147
00.0000000215740930675778486147
00.0000000215740930675778486147
00.0000000215740930675778486147
00.0000000215740930675778486147
00.0000000215740930675778486147
00.0000000215740930675778486147
00.0000000215740930675778486147
00.0000000215740930675778486147
00.0000000215740930675778486147
00.0000000215740930675778486147
00.0000000215740930675778486147
00.0000000215740930675778486147
00.0000000215740930675778486147
00.0000000215740930675778486147
00.0000000215740930675778486147
00.0000000215740930675778486147
00.0000000215740930675778486147
00.0000000215740930675778486147
00.0000000215740930675778486147
00.0000000215740930675778486147
00.0000000215740930675778486147
00.0000000215740930675778486147
00.0000000215740930675778486147
00.0000000215740930675778486147
00.0000000215740930675778486147
00.0000000215740930675778486147
00.0000000215740930675778486147
00.0000000215740930675778486147
00.0000000215740930675778486147
00.0000000215740930675778486147
00.0000000215740930675778486147
00.0000000215740930675778486147
00.0000000215740930675778486147
00.0000000215740930675778486147
00.0000000215740930675778486147
00.0000000215740930675778486147
00.0000000215740930675778486147
00.0000000215740930675778486147
00.0000000215740930675778486147
00.0000000215740930675778486147
00.0000000215740930675778486147
00.0000000215740930675778486147
00.0000000215740930675778486147
00.0000000215740930675778486147
00.0000000215740930675778486147
00.0000000215740930675778486147
00.0000000215740930675778486147
00.0000000215740930675778486147
00.0000000215740930675778486147
00.0000000215740930675778486147
00.0000000215740930675778486147
00.0000000215740930675778486147
00.0000000215740930675778486147
00.0000000215740930675778486147
00.0000000215740930675778486147
00.0000000215740930675778486147
00.0000000215740930675778486147
00.0000000215740930675778486147
00.0000000215740930675778486147
00.0000000215740930675778486147
00.0000000215740930675778486147
00.0000000215740930675778486147
00.0000000215740930675778486147
00.0000000215740930675778486147
00.0000000215740930675778486147
00.0000000215740930675778486147
00.0000000215740930675778486147
00.0000000215740930675778486147
00.0000000215740930675778486147
00.0000000215740930675778486147
00.0000000215740930675778486147
00.0000000215740930675778486147
00.0000000215740930675778486147
00.0000000215740930675778486147
00.0000000215740930675778486147
00.0000000215740930675778486147
00.0000000215740930675778486147
00.0000000215740930675778486147
00.0000000215740930675778486147
00.0000000215740930675778486147
00.0000000215740930675778486147
00.0000000215740930675778486147
00.0000000215740930675778486147
00.0000000215740930675778486147
00.0000000215740930675778486147
00.0000000215740930675778486147
00.0000000215740930675778486147
00.0000000215740930675778486147
00.0000000215740930675778486147
00.0000000215740930675778486147
00.0000000215740930675778486147
00.0000000215740930675778486147
00.0000000215740930675778486147
00.0000000215740930675778486147
00.0000000215740930675778486147
00.0000000215740930675778486147
00.0000000215740930675778486147
00.0000000215740930675778486147
00.0000000215740930675778486147
00.0000000215740930675778486147
00.0000000215740930675778486147
00.0000000215740930675778486147
00.0000000215740930675778486147
00.0000000215740930675778486147
00.0000000215740930675778486147
00.0000000215740930675778486147
00.0000000215740930675778486147
00.0000000215740930675778486147
00.0000000215740930675778486147
00.0000000215740930675778486147
00.0000000215740930675778486147
00.0000000215740930675778486147
00.0000000215740930675778486147
00.0000000215740930675778486147
00.0000000215740930675778486147
00.0000000215740930675778486147
00.0000000215740930675778486147
00.0000000215740930675778486147
00.0000000215740930675778486147
00.0000000215740930675778486147
00.0000000215740930675778486147
00.0000000215740930675778486147
00.0000000215740930675778486147
00.0000000215740930675778486147
00.0000000215740930675778486147
00.0000000215740930675778486147
00.0000000215740930675778486147
00.0000000215740930675778486147
00.0000000215740930675778486147
00.0000000215740930675778486147
00.0000000215740930675778486147
00.0000000215740930675778486147
00.0000000215740930675778486147
00.0000000215740930675778486147
00.0000000215740930675778486147
00.0000000215740930675778486147
00.0000000215740930675778486147
00.0000000215740930675778486147
00.0000000215740930675778486147
00.0000000215740930675778486147
00.0000000215740930675778486147
00.0000000215740930675778486147
00.0000000215740930675778486147
00.0000000215740930675778486147
00.0000000215740930675778486147
00.0000000215740930675778486147
00.0000000215740930675778486147
00.0000000215740930675778486147
00.0000000215740930675778486147
00.0000000215740930675778486147
00.0000000215740930675778486147
00.0000000215740930675778486147
00.0000000215740930675778486147
00.0000000215740930675778486147
00.0000000215740930675778486147
00.0000000215740930675778486147
00.0000000215740930675778486147
00.0000000215740930675778486147
00.0000000215740930675778486147
00.0000000215740930675778486147
00.0000000215740930675778486147
00.0000000215740930675778486147
00.0000000215740930675778486147
00.0000000215740930675778486147
00.0000000215740930675778486147
00.0000000215740930675778486147
00.0000000215740930675778486147
00.0000000215740930675778486147
00.0000000215740930675778486147
00.0000000215740930675778486147
00.0000000215740930675778486147
00.0000000215740930675778486147
00.0000000215740930675778486147
00.0000000215740930675778486147
00.0000000215740930675778486147
00.0000000215740930675778486147
00.0000000215740930675778486147
00.0000000215740930675778486147
00.0000000215740930675778486147
00.0000000215740930675778486147
00.0000000215740930675778486147
00.0000000215740930675778486147
00.0000000215740930675778486147
00.0000000215740930675778486147
00.0000000215740930675778486147
00.0000000215740930675778486147
00.0000000215740930675778486147
00.0000000215740930675778486147
00.0000000215740930675778486147
00.0000000215740930675778486147
00.0000000215740930675778486147
00.0000000215740930675778486147
00.0000000215740930675778486147
00.0000000215740930675778486147
00.0000000215740930675778486147
00.0000000215740930675778486147
00.0000000215740930675778486147
00.0000000215740930675778486147
00.0000000215740930675778486147
00.0000000215740930675778486147
00.0000000215740930675778486147
00.0000000215740930675778486147
00.0000000215740930675778486147
00.0000000215740930675778486147
00.0000000215740930675778486147
00.0000000215740930675778486147
00.0000000215740930675778486147
00.0000000215740930675778486147
00.0000000215740930675778486147
00.0000000215740930675778486147
00.0000000215740930675778486147
00.0000000215740930675778486147
00.0000000215740930675778486147
00.0000000215740930675778486147
00.0000000215740930675778486147
00.0000000215740930675778486147
00.0000000215740930675778486147
00.0000000215740930675778486147
00.0000000215740930675778486147
00.0000000215740930675778486147
00.0000000215740930675778486147
00.0000000215740930675778486147
00.0000000215740930675778486147
00.0000000215740930675778486147
00.0000000215740930675778486147
00.0000000215740930675778486147
00.0000000215740930675778486147
00.0000000215740930675778486147
00.0000000215740930675778486147
00.0000000215740930675778486147
00.0000000215740930675778486147
00.0000000215740930675778486147
00.0000000215740930675778486147
00.0000000215740930675778486147
00.0000000215740930675778486147
00.0000000215740930675778486147
00.0000000215740930675778486147
00.0000000215740930675778486147
00.0000000215740930675778486147
00.0000000215740930675778486147
00.0000000215740930675778486147
00.0000000215740930675778486147
00.0000000215740930675778486147
00.0000000215740930675778486147
00.0000000215740930675778486147
00.0000000215740930675778486147
00.0000000215740930675778486147
00.0000000215740930675778486147
00.0000000215740930675778486147
00.0000000215740930675778486147
00.0000000215740930675778486147
00.0000000215740930675778486147
00.0000000215740930675778486147
00.0000000215740930675778486147
00.0000000215740930675778486147
00.0000000215740930675778486147
00.0000000215740930675778486147
00.0000000215740930675778486147
00.0000000215740930675778486147
00.0000000215740930675778486147
00.0000000215740930675778486147
00.0000000215740930675778486147
00.0000000215740930675778486147
00.0000000215740930675778486147
00.0000000215740930675778486147
00.0000000215740930675778486147
00.0000000215740930675778486147
00.0000000215740930675778486147
00.0000000215740930675778486147
00.0000000215740930675778486147
00.0000000215740930675778486147
00.0000000215740930675778486147
00.0000000215740930675778486147
00.0000000215740930675778486147
00.0000000215740930675778486147
00.0000000215740930675778486147
00.0000000215740930675778486147
00.0000000215740930675778486147
00.0000000215740930675778486147
00.0000000215740930675778486147
00.0000000215740930675778486147
00.0000000215740930675778486147
00.0000000215740930675778486147
00.0000000215740930675778486147
00.0000000215740930675778486147
00.0000000215740930675778486147
00.0000000215740930675778486147
00.0000000215740930675778486147
00.0000000215740930675778486147
00.0000000215740930675778486147
00.0000000215740930675778486147
00.0000000215740930675778486147
00.0000000215740930675778486147
00.0000000215740930675778486147
00.0000000215740930675778486147
00.0000000215740930675778486147
00.0000000215740930675778486147
00.0000000215740930675778486147
00.0000000215740930675778486147
00.0000000215740930675778486147
00.0000000215740930675778486147
00.0000000215740930675778486147
00.0000000215740930675778486147
00.0000000215740930675778486147
00.0000000215740930675778486147
00.0000000215740930675778486147
00.0000000215740930675778486147
00.0000000215740930675778486147
00.0000000215740930675778486147
00.0000000215740930675778486147
00.0000000215740930675778486147
00.0000000215740930675778486147
00.0000000215740930675778486147
00.0000000215740930675778486147
00.0000000215740930675778486147
00.0000000215740930675778486147
00.0000000215740930675778486147
00.0000000215740930675778486147
00.0000000215740930675778486147
00.0000000215740930675778486147
00.0000000215740930675778486147
00.0000000215740930675778486147
00.0000000215740930675778486147
00.0000000215740930675778486147
00.0000000215740930675778486147
00.0000000215740930675778486147
00.0000000215740930675778486147
00.0000000215740930675778486147
00.0000000215740930675778486147
00.0000000215740930675778486147
00.0000000215740930675778486147
00.0000000215740930675778486147
00.0000000215740930675778486147
00.0000000215740930675778486147
00.0000000215740930675778486147
00.0000000215740930675778486147
00.0000000215740930675778486147
00.0000000215740930675778486147
00.0000000215740930675778486147
00.0000000215740930675778486147
00.0000000215740930675778486147
00.0000000215740930675778486147
00.0000000215740930675778486147
00.0000000215740930675778486147
00.0000000215740930675778486147
00.0000000215740930675778486147
00.0000000215740930675778486147
00.0000000215740930675778486147
00.0000000215740930675778486147
00.0000000215740930675778486147
00.0000000215740930675778486147
00.0000000215740930675778486147
00.0000000215740930675778486147
00.0000000215740930675778486147
00.0000000215740930675778486147
00.0000000215740930675778486147
00.0000000215740930675778486147
00.0000000215740930675778486147
00.0000000215740930675778486147
00.0000000215740930675778486147
00.0000000215740930675778486147
00.0000000215740930675778486147
00.0000000215740930675778486147
00.0000000215740930675778486147
00.0000000215740930675778486147
00.0000000215740930675778486147
00.0000000215740930675778486147
00.0000000215740930675778486147
00.0000000215740930675778486147
00.0000000215740930675778486147
00.0000000215740930675778486147
00.0000000215740930675778486147
00.0000000215740930675778486147
00.0000000215740930675778486147
00.0000000215740930675778486147
00.0000000215740930675778486147
00.0000000215740930675778486147
00.0000000215740930675778486147
00.0000000215740930675778486147
00.0000000215740930675778486147
00.0000000215740930675778486147
00.0000000215740930675778486147
00.0000000215740930675778486147
00.0000000215740930675778486147
00.0000000215740930675778486147
00.0000000215740930675778486147
00.0000000215740930675778486147
00.0000000215740930675778486147
00.0000000215740930675778486147
00.0000000215740930675778486147
00.0000000215740930675778486147
00.0000000215740930675778486147
00.0000000215740930675778486147
00.0000000215740930675778486147
00.0000000215740930675778486147
00.0000000215740930675778486147
00.0000000215740930675778486147
00.0000000215740930675778486147
00.0000000215740930675778486147
00.0000000215740930675778486147
00.0000000215740930675778486147
00.0000000215740930675778486147
00.0000000215740930675778486147
00.0000000215740930675778486147
00.0000000215740930675778486147
00.0000000215740930675778486147
00.0000000215740930675778486147
00.0000000215740930675778486147
00.0000000215740930675778486147
00.0000000215740930675778486147
00.0000000215740930675778486147
00.0000000215740930675778486147
00.0000000215740930675778486147
00.0000000215740930675778486147
00.0000000215740930675778486147
00.0000000215740930675778486147
00.0000000215740930675778486147
00.0000000215740930675778486147
00.0000000215740930675778486147
00.0000000215740930675778486147
00.0000000215740930675778486147
00.0000000215740930675778486147
00.0000000215740930675778486147
00.0000000215740930675778486147
00.0000000215740930675778486147
00.0000000215740930675778486147
00.0000000215740930675778486147
00.0000000215740930675778486147
00.0000000215740930675778486147
00.0000000215740930675778486147
00.0000000215740930675778486147
00.0000000215740930675778486147
00.0000000215740930675778486147
00.0000000215740930675778486147
00.0000000215740930675778486147
00.0000000215740930675778486147
00.0000000215740930675778486147
00.0000000215740930675778486147
00.0000000215740930675778486147
00.0000000215740930675778486147
00.0000000215740930675778486147
00.0000000215740930675778486147
00.0000000215740930675778486147
00.0000000215740930675778486147
00.0000000215740930675778486147
00.0000000215740930675778486147
00.0000000215740930675778486147
00.0000000215740930675778486147
00.0000000215740930675778486147
00.0000000215740930675778486147
00.0000000215740930675778486147
00.0000000215740930675778486147
00.0000000215740930675778486147
00.0000000215740930675778486147
00.0000000215740930675778486147
00.0000000215740930675778486147
00.0000000215740930675778486147
00.0000000215740930675778486147
00.0000000215740930675778486147
00.0000000215740930675778486147
00.0000000215740930675778486147
00.0000000215740930675778486147
00.0000000215740930675778486147
00.0000000215740930675778486147
00.0000000215740930675778486147
00.0000000215740930675778486147
00.0000000215740930675778486147
00.0000000215740930675778486147
00.0000000215740930675778486147
00.0000000215740930675778486147
00.0000000215740930675778486147
00.0000000215740930675778486147
00.0000000215740930675778486147
00.0000000215740930675778486147
00.0000000215740930675778486147
00.0000000215740930675778486147
00.0000000215740930675778486147
00.0000000215740930675778486147
00.0000000215740930675778486147
00.0000000215740930675778486147
00.0000000215740930675778486147
00.0000000215740930675778486147
00.0000000215740930675778486147
00.0000000215740930675778486147
00.0000000215740930675778486147
00.0000000215740930675778486147
00.0000000215740930675778486147
00.0000000215740930675778486147
00.0000000215740930675778486147
00.0000000215740930675778486147
00.0000000215740930675778486147
00.0000000215740930675778486147
00.0000000215740930675778486147
00.0000000215740930675778486147
00.0000000215740930675778486147
00.0000000215740930675778486147
00.0000000215740930675778486147
00.0000000215740930675778486147
00.0000000215740930675778486147
00.0000000215740930675778486147
00.0000000215740930675778486147
00.0000000215740930675778486147
00.0000000215740930675778486147
00.0000000215740930675778486147
00.0000000215740930675778486147
00.0000000215740930675778486147
00.0000000215740930675778486147
00.0000000215740930675778486147
00.0000000215740930675778486147
00.0000000215740930675778486147
00.0000000215740930675778486147
00.0000000215740930675778486147
00.0000000215740930675778486147
00.0000000215740930675778486147
00.0000000215740930675778486147
00.0000000215740930675778486147
00.0000000215740930675778486147
00.0000000215740930675778486147
00.0000000215740930675778486147
00.0000000215740930675778486147
00.0000000215740930675778486147
00.0000000215740930675778486147
00.0000000215740930675778486147
00.0000000215740930675778486147
00.0000000215740930675778486147
00.0000000215740930675778486147
00.0000000215740930675778486147
00.0000000215740930675778486147
00.0000000215740930675778486147
00.0000000215740930675778486147
00.0000000215740930675778486147
00.0000000215740930675778486147
00.0000000215740930675778486147
00.0000000215740930675778486147
00.0000000215740930675778486147
00.0000000215740930675778486147
00.0000000215740930675778486147
00.0000000215740930675778486147
00.0000000215740930675778486147
00.0000000215740930675778486147
00.0000000215740930675778486147
00.0000000215740930675778486147
00.0000000215740930675778486147
00.0000000215740930675778486147
00.0000000215740930675778486147
00.0000000215740930675778486147
00.0000000215740930675778486147
00.0000000215740930675778486147
00.0000000215740930675778486147
00.0000000215740930675778486147
00.0000000215740930675778486147
00.0000000215740930675778486147
00.0000000215740930675778486147
00.0000000215740930675778486147
00.0000000215740930675778486147
00.0000000215740930675778486147
00.0000000215740930675778486147
00.0000000215740930675778486147
00.0000000215740930675778486147
00.0000000215740930675778486147
00.0000000215740930675778486147
00.0000000215740930675778486147
00.0000000215740930675778486147
00.0000000215740930675778486147
00.0000000215740930675778486147
00.0000000215740930675778486147
00.0000000215740930675778486147
00.0000000215740930675778486147
00.0000000215740930675778486147
00.0000000215740930675778486147
00.0000000215740930675778486147
00.0000000215740930675778486147
00.0000000215740930675778486147
00.0000000215740930675778486147
00.0000000215740930675778486147
00.0000000215740930675778486147
00.0000000215740930675778486147
00.0000000215740930675778486147
00.0000000215740930675778486147
00.0000000215740930675778486147
00.0000000215740930675778486147
00.0000000215740930675778486147
00.0000000215740930675778486147
00.0000000215740930675778486147
00.0000000215740930675778486147
00.0000000215740930675778486147
00.0000000215740930675778486147
00.0000000215740930675778486147
00.0000000215740930675778486147
00.0000000215740930675778486147
00.0000000215740930675778486147
00.0000000215740930675778486147
00.0000000215740930675778486147
00.0000000215740930675778486147
00.0000000215740930675778486147
00.0000000215740930675778486147
00.0000000215740930675778486147
00.0000000215740930675778486147
00.0000000215740930675778486147
00.0000000215740930675778486147
00.0000000215740930675778486147
00.0000000215740930675778486147
00.0000000215740930675778486147
00.0000000215740930675778486147
00.0000000215740930675778486147
00.0000000215740930675778486147
00.0000000215740930675778486147
00.0000000215740930675778486147
00.0000000215740930675778486147
00.0000000215740930675778486147
00.0000000215740930675778486147
00.0000000215740930675778486147
00.0000000215740930675778486147
00.0000000215740930675778486147
00.0000000215740930675778486147
00.0000000215740930675778486147
00.0000000215740930675778486147
00.0000000215740930675778486147
00.0000000215740930675778486147
00.0000000215740930675778486147
00.0000000215740930675778486147
00.0000000215740930675778486147
00.0000000215740930675778486147
00.0000000215740930675778486147
00.0000000215740930675778486147
00.0000000215740930675778486147
00.0000000215740930675778486147
00.0000000215740930675778486147
00.0000000215740930675778486147
00.0000000215740930675778486147
00.0000000215740930675778486147
00.0000000215740930675778486147
00.0000000215740930675778486147
00.0000000215740930675778486147
00.0000000215740930675778486147
00.0000000215740930675778486147
00.0000000215740930675778486147
00.0000000215740930675778486147
00.0000000215740930675778486147
00.0000000215740930675778486147
00.0000000215740930675778486147
00.0000000215740930675778486147
00.0000000215740930675778486147
00.0000000215740930675778486147
00.0000000215740930675778486147
00.0000000215740930675778486147
00.0000000215740930675778486147
00.0000000215740930675778486147
00.0000000215740930675778486147
00.0000000215740930675778486147
00.0000000215740930675778486147
00.0000000215740930675778486147
00.0000000215740930675778486147
00.0000000215740930675778486147
00.0000000215740930675778486147
00.0000000215740930675778486147
00.0000000215740930675778486147
00.0000000215740930675778486147
00.0000000215740930675778486147
00.0000000215740930675778486147
00.0000000215740930675778486147
00.0000000215740930675778486147
00.0000000215740930675778486147
00.0000000215740930675778486147
00.0000000215740930675778486147
00.0000000215740930675778486147
00.0000000215740930675778486147
00.0000000215740930675778486147
00.0000000215740930675778486147
00.0000000215740930675778486147
00.0000000215740930675778486147
00.0000000215740930675778486147
00.0000000215740930675778486147
00.0000000215740930675778486147
00.0000000215740930675778486147
00.0000000215740930675778486147
00.0000000215740930675778486147
00.0000000215740930675778486147
00.0000000215740930675778486147
00.0000000215740930675778486147
00.0000000215740930675778486147
00.0000000215740930675778486147
00.0000000215740930675778486147
00.0000000215740930675778486147
00.0000000215740930675778486147
00.0000000215740930675778486147
00.0000000215740930675778486147
00.0000000215740930675778486147
00.0000000215740930675778486147
00.0000000215740930675778486147
00.0000000215740930675778486147
00.0000000215740930675778486147
00.0000000215740930675778486147
00.0000000215740930675778486147
00.0000000215740930675778486147
00.0000000215740930675778486147
00.0000000215740930675778486147
00.0000000215740930675778486147
00.0000000215740930675778486147
00.0000000215740930675778486147
00.0000000215740930675778486147
00.0000000215740930675778486147
00.0000000215740930675778486147
00.0000000215740930675778486147
00.0000000215740930675778486147
00.0000000215740930675778486147
00.0000000215740930675778486147
00.0000000215740930675778486147
00.0000000215740930675778486147
00.0000000215740930675778486147
00.0000000215740930675778486147
00.0000000215740930675778486147
00.0000000215740930675778486147
00.0000000215740930675778486147
00.0000000215740930675778486147
00.0000000215740930675778486147
00.0000000215740930675778486147
00.0000000215740930675778486147
00.0000000215740930675778486147
00.0000000215740930675778486147
00.0000000215740930675778486147
00.0000000215740930675778486147
00.0000000215740930675778486147
00.0000000215740930675778486147
00.0000000215740930675778486147
00.0000000215740930675778486147
00.0000000215740930675778486147
00.0000000215740930675778486147
00.0000000215740930675778486147
00.0000000215740930675778486147
00.0000000215740930675778486147
00.0000000215740930675778486147
00.0000000215740930675778486147
00.0000000215740930675778486147
00.0000000215740930675778486147
00.0000000215740930675778486147
00.0000000215740930675778486147
00.0000000215740930675778486147
00.0000000215740930675778486147
00.0000000215740930675778486147
00.0000000215740930675778486147
00.0000000215740930675778486147
00.0000000215740930675778486147
00.0000000215740930675778486147
00.0000000215740930675778486147
00.0000000215740930675778486147
00.0000000215740930675778486147
00.0000000215740930675778486147
00.0000000215740930675778486147
00.0000000215740930675778486147
00.0000000215740930675778486147
00.0000000215740930675778486147
00.0000000215740930675778486147
00.0000000215740930675778486147
00.0000000215740930675778486147
00.0000000215740930675778486147
00.0000000215740930675778486147
00.0000000215740930675778486147
00.0000000215740930675778486147
00.0000000215740930675778486147
00.0000000215740930675778486147
00.0000000215740930675778486147
00.0000000215740930675778486147
00.0000000215740930675778486147
00.0000000215740930675778486147
00.0000000215740930675778486147
00.0000000215740930675778486147
00.0000000215740930675778486147
00.0000000215740930675778486147
00.0000000215740930675778486147
00.0000000215740930675778486147
00.0000000215740930675778486147
00.0000000215740930675778486147
00.0000000215740930675778486147
00.0000000215740930675778486147
00.0000000215740930675778486147
00.0000000215740930675778486147
00.0000000215740930675778486147
00.0000000215740930675778486147
00.0000000215740930675778486147
00.0000000215740930675778486147
00.0000000215740930675778486147
00.0000000215740930675778486147
00.0000000215740930675778486147
00.0000000215740930675778486147
00.0000000215740930675778486147
00.0000000215740930675778486147
00.0000000215740930675778486147
00.0000000215740930675778486147
00.0000000215740930675778486147
00.0000000215740930675778486147
00.0000000215740930675778486147
00.0000000215740930675778486147
00.0000000215740930675778486147
00.0000000215740930675778486147
00.0000000215740930675778486147
00.0000000215740930675778486147
00.0000000215740930675778486147
00.0000000215740930675778486147
00.0000000215740930675778486147
00.0000000215740930675778486147
00.0000000215740930675778486147
00.0000000215740930675778486147
00.0000000215740930675778486147
00.0000000215740930675778486147
00.0000000215740930675778486147
00.0000000215740930675778486147
00.0000000215740930675778486147
00.0000000215740930675778486147
00.0000000215740930675778486147
00.0000000215740930675778486147
00.0000000215740930675778486147
00.0000000215740930675778486147
00.0000000215740930675778486147
00.0000000215740930675778486147
00.0000000215740930675778486147
00.0000000215740930675778486147
00.0000000215740930675778486147
00.0000000215740930675778486147
00.0000000215740930675778486147
00.0000000215740930675778486147
00.0000000215740930675778486147
00.0000000215740930675778486147
00.0000000215740930675778486147
00.0000000215740930675778486147
00.0000000215740930675778486147
00.0000000215740930675778486147
00.0000000215740930675778486147
00.0000000215740930675778486147
00.0000000215740930675778486147
00.0000000215740930675778486147
00.0000000215740930675778486147
00.0000000215740930675778486147
00.0000000215740930675778486147
00.0000000215740930675778486147
00.0000000215740930675778486147
00.0000000215740930675778486147
00.0000000215740930675778486147
00.0000000215740930675778486147
00.0000000187851053601306716700
00.0000000187851053601306716700
00.0000000187851053601306716700
00.0000000187851053601306716700
00.0000000187851053601306716700
00.0000000187851053601306716700
00.0000000187851053601306716700
00.0000000187851053601306716700
00.0000000187851053601306716700
00.0000000187851053601306716700
00.0000000187851053601306716700
00.0000000187851053601306716700
00.0000000187851053601306716700
00.0000000187851053601306716700
00.0000000187851053601306716700
00.0000000187851053601306716700
00.0000000187851053601306716700
00.0000000187851053601306716700
00.0000000187851053601306716700
00.0000000187851053601306716700
00.0000000187851053601306716700
00.0000000187851053601306716700
00.0000000187851053601306716700
00.0000000187851053601306716700
00.0000000187851053601306716700
00.0000000187851053601306716700
00.0000000187851053601306716700
00.0000000187851053601306716700
00.0000000187851053601306716700
00.0000000187851053601306716700
00.0000000187851053601306716700
00.0000000187851053601306716700
00.0000000187851053601306716700
00.0000000187851053601306716700
00.0000000187851053601306716700
00.0000000187851053601306716700
00.0000000187851053601306716700
00.0000000187851053601306716700
00.0000000187851053601306716700
00.0000000187851053601306716700
00.0000000187851053601306716700
00.0000000187851053601306716700
00.0000000187851053601306716700
00.0000000187851053601306716700
00.0000000187851053601306716700
00.0000000187851053601306716700
00.0000000187851053601306716700
00.0000000187851053601306716700
00.0000000187851053601306716700
00.0000000187851053601306716700
00.0000000187851053601306716700
00.0000000187851053601306716700
00.0000000187851053601306716700
00.0000000187851053601306716700
00.0000000187851053601306716700
00.0000000187851053601306716700
00.0000000187851053601306716700
00.0000000187851053601306716700
00.0000000187851053601306716700
00.0000000187851053601306716700
00.0000000187851053601306716700
00.0000000187851053601306716700
00.0000000187851053601306716700
00.0000000187851053601306716700
00.0000000187851053601306716700
00.0000000187851053601306716700
00.0000000187851053601306716700
00.0000000187851053601306716700
00.0000000187851053601306716700
00.0000000187851053601306716700
00.0000000187851053601306716700
00.0000000187851053601306716700
00.0000000187851053601306716700
00.0000000187851053601306716700
00.0000000187851053601306716700
00.0000000187851053601306716700
00.0000000187851053601306716700
00.0000000187851053601306716700
00.0000000187851053601306716700
00.0000000187851053601306716700
00.0000000187851053601306716700
00.0000000187851053601306716700
00.0000000187851053601306716700
00.0000000187851053601306716700
00.0000000187851053601306716700
00.0000000187851053601306716700
00.0000000187851053601306716700
00.0000000187851053601306716700
00.0000000187851053601306716700
00.0000000187851053601306716700
00.0000000187851053601306716700
00.0000000187851053601306716700
00.0000000187851053601306716700
00.0000000187851053601306716700
00.0000000187851053601306716700
00.0000000187851053601306716700
00.0000000187851053601306716700
00.0000000187851053601306716700
00.0000000187851053601306716700
00.0000000187851053601306716700
00.0000000187851053601306716700
00.0000000187851053601306716700
00.0000000187851053601306716700
00.0000000187851053601306716700
00.0000000187851053601306716700
00.0000000187851053601306716700
00.0000000187851053601306716700
00.0000000187851053601306716700
00.0000000187851053601306716700
00.0000000187851053601306716700
00.0000000187851053601306716700
00.0000000187851053601306716700
00.0000000187851053601306716700
00.0000000187851053601306716700
00.0000000187851053601306716700
00.0000000187851053601306716700
00.0000000187851053601306716700
00.0000000187851053601306716700
00.0000000187851053601306716700
00.0000000187851053601306716700
00.0000000187851053601306716700
00.0000000187851053601306716700
00.0000000187851053601306716700
00.0000000187851053601306716700
00.0000000187851053601306716700
00.0000000187851053601306716700
00.0000000187851053601306716700
00.0000000187851053601306716700
00.0000000187851053601306716700
00.0000000187851053601306716700
00.0000000187851053601306716700
00.0000000187851053601306716700
00.0000000187851053601306716700
00.0000000187851053601306716700
00.0000000187851053601306716700
00.0000000187851053601306716700
00.0000000187851053601306716700
00.0000000187851053601306716700
00.0000000187851053601306716700
00.0000000187851053601306716700
00.0000000187851053601306716700
00.0000000187851053601306716700
00.0000000187851053601306716700
00.0000000187851053601306716700
00.0000000187851053601306716700
00.0000000187851053601306716700
00.0000000187851053601306716700
00.0000000187851053601306716700
00.0000000187851053601306716700
00.0000000187851053601306716700
00.0000000187851053601306716700
00.0000000187851053601306716700
00.0000000187851053601306716700
00.0000000187851053601306716700
00.0000000187851053601306716700
00.0000000187851053601306716700
00.0000000187851053601306716700
00.0000000187851053601306716700
00.0000000187851053601306716700
00.0000000187851053601306716700
00.0000000187851053601306716700
00.0000000187851053601306716700
00.0000000187851053601306716700
00.0000000187851053601306716700
00.0000000187851053601306716700
00.0000000187851053601306716700
00.0000000187851053601306716700
00.0000000187851053601306716700
00.0000000187851053601306716700
00.0000000187851053601306716700
00.0000000187851053601306716700
00.0000000187851053601306716700
00.0000000187851053601306716700
00.0000000187851053601306716700
00.0000000187851053601306716700
00.0000000187851053601306716700
00.0000000187851053601306716700
00.0000000187851053601306716700
00.0000000187851053601306716700
00.0000000187851053601306716700
00.0000000187851053601306716700
00.0000000187851053601306716700
00.0000000187851053601306716700
00.0000000187851053601306716700
00.0000000187851053601306716700
00.0000000187851053601306716700
00.0000000187851053601306716700
00.0000000187851053601306716700
00.0000000187851053601306716700
00.0000000187851053601306716700
00.0000000187851053601306716700
00.0000000187851053601306716700
00.0000000187851053601306716700
00.0000000187851053601306716700
00.0000000187851053601306716700
00.0000000187851053601306716700
00.0000000187851053601306716700
00.0000000187851053601306716700
00.0000000187851053601306716700
00.0000000187851053601306716700
00.0000000187851053601306716700
00.0000000187851053601306716700
00.0000000187851053601306716700
00.0000000187851053601306716700
00.0000000187851053601306716700
00.0000000187851053601306716700
00.0000000187851053601306716700
00.0000000187851053601306716700
00.0000000187851053601306716700
00.0000000187851053601306716700
00.0000000187851053601306716700
00.0000000187851053601306716700
00.0000000187851053601306716700
00.0000000187851053601306716700
00.0000000187851053601306716700
00.0000000187851053601306716700
00.0000000187851053601306716700
00.0000000187851053601306716700
00.0000000187851053601306716700
00.0000000187851053601306716700
00.0000000187851053601306716700
00.0000000187851053601306716700
00.0000000187851053601306716700
00.0000000187851053601306716700
00.0000000187851053601306716700
00.0000000187851053601306716700
00.0000000187851053601306716700
00.0000000187851053601306716700
00.0000000187851053601306716700
00.0000000187851053601306716700
00.0000000187851053601306716700
00.0000000187851053601306716700
00.0000000187851053601306716700
00.0000000187851053601306716700
00.0000000187851053601306716700
00.0000000187851053601306716700
00.0000000187851053601306716700
00.0000000187851053601306716700
00.0000000187851053601306716700
00.0000000187851053601306716700
00.0000000187851053601306716700
00.0000000187851053601306716700
00.0000000187851053601306716700
00.0000000187851053601306716700
00.0000000187851053601306716700
00.0000000187851053601306716700
00.0000000187851053601306716700
00.0000000187851053601306716700
00.0000000187851053601306716700
00.0000000187851053601306716700
00.0000000187851053601306716700
00.0000000187851053601306716700
00.0000000187851053601306716700
00.0000000187851053601306716700
00.0000000187851053601306716700
00.0000000187851053601306716700
00.0000000187851053601306716700
00.0000000187851053601306716700
00.0000000187851053601306716700
00.0000000187851053601306716700
00.0000000187851053601306716700
00.0000000187851053601306716700
00.0000000187851053601306716700
00.0000000187851053601306716700
00.0000000187851053601306716700
00.0000000187851053601306716700
00.0000000187851053601306716700
00.0000000187851053601306716700
00.0000000187851053601306716700
00.0000000187851053601306716700
00.0000000187851053601306716700
00.0000000187851053601306716700
00.0000000187851053601306716700
00.0000000187851053601306716700
00.0000000187851053601306716700
00.0000000187851053601306716700
00.0000000187851053601306716700
00.0000000187851053601306716700
00.0000000187851053601306716700
00.0000000187851053601306716700
00.0000000187851053601306716700
00.0000000187851053601306716700
00.0000000187851053601306716700
00.0000000187851053601306716700
00.0000000187851053601306716700
00.0000000187851053601306716700
00.0000000187851053601306716700
00.0000000187851053601306716700
00.0000000187851053601306716700
00.0000000187851053601306716700
00.0000000187851053601306716700
00.0000000187851053601306716700
00.0000000187851053601306716700
00.0000000187851053601306716700
00.0000000187851053601306716700
00.0000000187851053601306716700
00.0000000187851053601306716700
00.0000000187851053601306716700
00.0000000187851053601306716700
00.0000000187851053601306716700
00.0000000187851053601306716700
00.0000000187851053601306716700
00.0000000187851053601306716700
00.0000000187851053601306716700
00.0000000187851053601306716700
00.0000000187851053601306716700
00.0000000187851053601306716700
00.0000000187851053601306716700
00.0000000187851053601306716700
00.0000000187851053601306716700
00.0000000187851053601306716700
00.0000000187851053601306716700
00.0000000187851053601306716700
00.0000000187851053601306716700
00.0000000187851053601306716700
00.0000000187851053601306716700
00.0000000187851053601306716700
00.0000000187851053601306716700
00.0000000187851053601306716700
00.0000000187851053601306716700
00.0000000187851053601306716700
00.0000000187851053601306716700
00.0000000187851053601306716700
00.0000000187851053601306716700
00.0000000187851053601306716700
00.0000000187851053601306716700
00.0000000187851053601306716700
00.0000000187851053601306716700
00.0000000187851053601306716700
00.0000000187851053601306716700
00.0000000187851053601306716700
00.0000000187851053601306716700
00.0000000187851053601306716700
00.0000000187851053601306716700
00.0000000187851053601306716700
00.0000000187851053601306716700
00.0000000187851053601306716700
00.0000000187851053601306716700
00.0000000187851053601306716700
00.0000000187851053601306716700
00.0000000187851053601306716700
00.0000000187851053601306716700
00.0000000187851053601306716700
00.0000000187851053601306716700
00.0000000187851053601306716700
00.0000000187851053601306716700
00.0000000187851053601306716700
00.0000000187851053601306716700
00.0000000187851053601306716700
00.0000000187851053601306716700
00.0000000187851053601306716700
00.0000000187851053601306716700
00.0000000187851053601306716700
00.0000000187851053601306716700
00.0000000187851053601306716700
00.0000000187851053601306716700
00.0000000187851053601306716700
00.0000000187851053601306716700
00.0000000187851053601306716700
00.0000000187851053601306716700
00.0000000187851053601306716700
00.0000000187851053601306716700
00.0000000187851053601306716700
00.0000000187851053601306716700
00.0000000187851053601306716700
00.0000000187851053601306716700
00.0000000187851053601306716700
00.0000000187851053601306716700
00.0000000187851053601306716700
00.0000000187851053601306716700
00.0000000187851053601306716700
00.0000000187851053601306716700
00.0000000187851053601306716700
00.0000000187851053601306716700
00.0000000187851053601306716700
00.0000000187851053601306716700
00.0000000187851053601306716700
00.0000000187851053601306716700
00.0000000187851053601306716700
00.0000000187851053601306716700
00.0000000187851053601306716700
00.0000000187851053601306716700
00.0000000187851053601306716700
00.0000000187851053601306716700
00.0000000187851053601306716700
00.0000000187851053601306716700
00.0000000187851053601306716700
00.0000000187851053601306716700
00.0000000187851053601306716700
00.0000000187851053601306716700
00.0000000187851053601306716700
00.0000000187851053601306716700
00.0000000187851053601306716700
00.0000000187851053601306716700
00.0000000187851053601306716700
00.0000000187851053601306716700
00.0000000187851053601306716700
00.0000000187851053601306716700
00.0000000187851053601306716700
00.0000000187851053601306716700
00.0000000187851053601306716700
00.0000000187851053601306716700
00.0000000187851053601306716700
00.0000000187851053601306716700
00.0000000187851053601306716700
00.0000000187851053601306716700
00.0000000187851053601306716700
00.0000000187851053601306716700
00.0000000187851053601306716700
00.0000000187851053601306716700
00.0000000187851053601306716700
00.0000000187851053601306716700
00.0000000187851053601306716700
00.0000000187851053601306716700
00.0000000187851053601306716700
00.0000000187851053601306716700
00.0000000187851053601306716700
00.0000000187851053601306716700
00.0000000187851053601306716700
00.0000000187851053601306716700
00.0000000187851053601306716700
00.0000000187851053601306716700
00.0000000187851053601306716700
00.0000000187851053601306716700
00.0000000187851053601306716700
00.0000000187851053601306716700
00.0000000187851053601306716700
00.0000000187851053601306716700
00.0000000187851053601306716700
00.0000000187851053601306716700
00.0000000187851053601306716700
00.0000000187851053601306716700
00.0000000187851053601306716700
00.0000000187851053601306716700
00.0000000187851053601306716700
00.0000000187851053601306716700
00.0000000187851053601306716700
00.0000000187851053601306716700
00.0000000187851053601306716700
00.0000000187851053601306716700
00.0000000187851053601306716700
00.0000000187851053601306716700
00.0000000187851053601306716700
00.0000000187851053601306716700
00.0000000187851053601306716700
00.0000000187851053601306716700
00.0000000187851053601306716700
00.0000000187851053601306716700
00.0000000187851053601306716700
00.0000000187851053601306716700
00.0000000187851053601306716700
00.0000000187851053601306716700
00.0000000187851053601306716700
00.0000000187851053601306716700
00.0000000187851053601306716700
00.0000000187851053601306716700
00.0000000187851053601306716700
00.0000000187851053601306716700
00.0000000187851053601306716700
00.0000000187851053601306716700
00.0000000187851053601306716700
00.0000000187851053601306716700
00.0000000187851053601306716700
00.0000000187851053601306716700
00.0000000187851053601306716700
00.0000000187851053601306716700
00.0000000187851053601306716700
00.0000000187851053601306716700
00.0000000187851053601306716700
00.0000000187851053601306716700
00.0000000187851053601306716700
00.0000000187851053601306716700
00.0000000187851053601306716700
00.0000000187851053601306716700
00.0000000187851053601306716700
00.0000000187851053601306716700
00.0000000187851053601306716700
00.0000000187851053601306716700
00.0000000187851053601306716700
00.0000000187851053601306716700
00.0000000187851053601306716700
00.0000000187851053601306716700
00.0000000187851053601306716700
00.0000000187851053601306716700
00.0000000187851053601306716700
00.0000000187851053601306716700
00.0000000187851053601306716700
00.0000000187851053601306716700
00.0000000187851053601306716700
00.0000000187851053601306716700
00.0000000187851053601306716700
00.0000000187851053601306716700
00.0000000187851053601306716700
00.0000000187851053601306716700
00.0000000187851053601306716700
00.0000000187851053601306716700
00.0000000187851053601306716700
00.0000000187851053601306716700
00.0000000187851053601306716700
00.0000000187851053601306716700
00.0000000187851053601306716700
00.0000000187851053601306716700
00.0000000187851053601306716700
00.0000000187851053601306716700
00.0000000187851053601306716700
00.0000000187851053601306716700
00.0000000187851053601306716700
00.0000000187851053601306716700
00.0000000187851053601306716700
00.0000000187851053601306716700
00.0000000187851053601306716700
00.0000000187851053601306716700
00.0000000187851053601306716700
00.0000000187851053601306716700
00.0000000187851053601306716700
00.0000000187851053601306716700
00.0000000187851053601306716700
00.0000000187851053601306716700
00.0000000187851053601306716700
00.0000000187851053601306716700
00.0000000187851053601306716700
00.0000000187851053601306716700
00.0000000187851053601306716700
00.0000000187851053601306716700
00.0000000187851053601306716700
00.0000000187851053601306716700
00.0000000187851053601306716700
00.0000000187851053601306716700
00.0000000187851053601306716700
00.0000000187851053601306716700
00.0000000187851053601306716700
00.0000000187851053601306716700
00.0000000187851053601306716700
00.0000000187851053601306716700
00.0000000187851053601306716700
00.0000000187851053601306716700
00.0000000187851053601306716700
00.0000000187851053601306716700
00.0000000187851053601306716700
00.0000000187851053601306716700
00.0000000187851053601306716700
00.0000000187851053601306716700
00.0000000187851053601306716700
00.0000000187851053601306716700
00.0000000187851053601306716700
00.0000000187851053601306716700
00.0000000187851053601306716700
00.0000000187851053601306716700
00.0000000187851053601306716700
00.0000000187851053601306716700
00.0000000187851053601306716700
00.0000000187851053601306716700
00.0000000187851053601306716700
00.0000000187851053601306716700
00.0000000187851053601306716700
00.0000000187851053601306716700
00.0000000187851053601306716700
00.0000000187851053601306716700
00.0000000187851053601306716700
00.0000000187851053601306716700
00.0000000187851053601306716700
00.0000000187851053601306716700
00.0000000187851053601306716700
00.0000000187851053601306716700
00.0000000187851053601306716700
00.0000000187851053601306716700
00.0000000187851053601306716700
00.0000000187851053601306716700
00.0000000187851053601306716700
00.0000000187851053601306716700
00.0000000187851053601306716700
00.0000000187851053601306716700
00.0000000187851053601306716700
00.0000000187851053601306716700
00.0000000187851053601306716700
00.0000000187851053601306716700
00.0000000187851053601306716700
00.0000000187851053601306716700
00.0000000187851053601306716700
00.0000000187851053601306716700
00.0000000187851053601306716700
00.0000000187851053601306716700
00.0000000187851053601306716700
00.0000000187851053601306716700
00.0000000187851053601306716700
00.0000000187851053601306716700
00.0000000187851053601306716700
00.0000000187851053601306716700
00.0000000187851053601306716700
00.0000000187851053601306716700
00.0000000187851053601306716700
00.0000000187851053601306716700
00.0000000187851053601306716700
00.0000000187851053601306716700
00.0000000187851053601306716700
00.0000000187851053601306716700
00.0000000187851053601306716700
00.0000000187851053601306716700
00.0000000187851053601306716700
00.0000000187851053601306716700
00.0000000187851053601306716700
00.0000000187851053601306716700
00.0000000187851053601306716700
00.0000000187851053601306716700
00.0000000187851053601306716700
00.0000000187851053601306716700
00.0000000187851053601306716700
00.0000000187851053601306716700
00.0000000187851053601306716700
00.0000000187851053601306716700
00.0000000187851053601306716700
00.0000000187851053601306716700
00.0000000187851053601306716700
00.0000000187851053601306716700
00.0000000187851053601306716700
00.0000000187851053601306716700
00.0000000187851053601306716700
00.0000000187851053601306716700
00.0000000187851053601306716700
00.0000000187851053601306716700
00.0000000187851053601306716700
00.0000000187851053601306716700
00.0000000187851053601306716700
00.0000000187851053601306716700
00.0000000187851053601306716700
00.0000000187851053601306716700
00.0000000187851053601306716700
00.0000000187851053601306716700
00.0000000187851053601306716700
00.0000000187851053601306716700
00.0000000187851053601306716700
00.0000000187851053601306716700
00.0000000187851053601306716700
00.0000000187851053601306716700
00.0000000187851053601306716700
00.0000000187851053601306716700
00.0000000187851053601306716700
00.0000000187851053601306716700
00.0000000187851053601306716700
00.0000000187851053601306716700
00.0000000187851053601306716700
00.0000000187851053601306716700
00.0000000187851053601306716700
00.0000000187851053601306716700
00.0000000187851053601306716700
00.0000000187851053601306716700
00.0000000187851053601306716700
00.0000000187851053601306716700
00.0000000187851053601306716700
00.0000000187851053601306716700
00.0000000187851053601306716700
00.0000000187851053601306716700
00.0000000187851053601306716700
00.0000000187851053601306716700
00.0000000187851053601306716700
00.0000000187851053601306716700
00.0000000187851053601306716700
00.0000000187851053601306716700
00.0000000187851053601306716700
00.0000000187851053601306716700
00.0000000187851053601306716700
00.0000000187851053601306716700
00.0000000187851053601306716700
00.0000000187851053601306716700
00.0000000187851053601306716700
00.0000000187851053601306716700
00.0000000187851053601306716700
00.0000000187851053601306716700
00.0000000187851053601306716700
00.0000000187851053601306716700
00.0000000187851053601306716700
00.0000000187851053601306716700
00.0000000187851053601306716700
00.0000000187851053601306716700
00.0000000187851053601306716700
00.0000000187851053601306716700
00.0000000187851053601306716700
00.0000000187851053601306716700
00.0000000187851053601306716700
00.0000000187851053601306716700
00.0000000187851053601306716700
00.0000000187851053601306716700
00.0000000187851053601306716700
00.0000000187851053601306716700
00.0000000187851053601306716700
00.0000000187851053601306716700
00.0000000187851053601306716700
00.0000000187851053601306716700
00.0000000187851053601306716700
00.0000000187851053601306716700
00.0000000187851053601306716700
00.0000000187851053601306716700
00.0000000187851053601306716700
00.0000000187851053601306716700
00.0000000187851053601306716700
00.0000000187851053601306716700
00.0000000187851053601306716700
00.0000000187851053601306716700
00.0000000187851053601306716700
00.0000000187851053601306716700
00.0000000187851053601306716700
00.0000000187851053601306716700
00.0000000187851053601306716700
00.0000000187851053601306716700
00.0000000187851053601306716700
00.0000000187851053601306716700
00.0000000187851053601306716700
00.0000000187851053601306716700
00.0000000187851053601306716700
00.0000000187851053601306716700
00.0000000187851053601306716700
00.0000000187851053601306716700
00.0000000187851053601306716700
00.0000000187851053601306716700
00.0000000187851053601306716700
00.0000000187851053601306716700
00.0000000187851053601306716700
00.0000000187851053601306716700
00.0000000187851053601306716700
00.0000000187851053601306716700
00.0000000187851053601306716700
00.0000000187851053601306716700
00.0000000187851053601306716700
00.0000000187851053601306716700
00.0000000187851053601306716700
00.0000000187851053601306716700
00.0000000187851053601306716700
00.0000000187851053601306716700
00.0000000187851053601306716700
00.0000000187851053601306716700
00.0000000187851053601306716700
00.0000000187851053601306716700
00.0000000187851053601306716700
00.0000000187851053601306716700
00.0000000187851053601306716700
00.0000000187851053601306716700
00.0000000187851053601306716700
00.0000000187851053601306716700
00.0000000187851053601306716700
00.0000000187851053601306716700
00.0000000187851053601306716700
00.0000000187851053601306716700
00.0000000187851053601306716700
00.0000000187851053601306716700
00.0000000187851053601306716700
00.0000000187851053601306716700
00.0000000187851053601306716700
00.0000000187851053601306716700
00.0000000187851053601306716700
00.0000000187851053601306716700
00.0000000187851053601306716700
00.0000000187851053601306716700
00.0000000187851053601306716700
00.0000000187851053601306716700
00.0000000187851053601306716700
00.0000000187851053601306716700
00.0000000187851053601306716700
00.0000000187851053601306716700
00.0000000187851053601306716700
00.0000000187851053601306716700
00.0000000187851053601306716700
00.0000000187851053601306716700
00.0000000187851053601306716700
00.0000000187851053601306716700
00.0000000187851053601306716700
00.0000000187851053601306716700
00.0000000187851053601306716700
00.0000000187851053601306716700
00.0000000187851053601306716700
00.0000000187851053601306716700
00.0000000187851053601306716700
00.0000000187851053601306716700
00.0000000187851053601306716700
00.0000000187851053601306716700
00.0000000187851053601306716700
00.0000000187851053601306716700
00.0000000187851053601306716700
00.0000000187851053601306716700
00.0000000187851053601306716700
00.0000000187851053601306716700
00.0000000187851053601306716700
00.0000000187851053601306716700
00.0000000187851053601306716700
00.0000000187851053601306716700
00.0000000187851053601306716700
00.0000000187851053601306716700
00.0000000187851053601306716700
00.0000000187851053601306716700
00.0000000187851053601306716700
00.0000000187851053601306716700
00.0000000187851053601306716700
00.0000000187851053601306716700
00.0000000187851053601306716700
00.0000000187851053601306716700
00.0000000187851053601306716700
00.0000000187851053601306716700
00.0000000187851053601306716700
00.0000000187851053601306716700
00.0000000187851053601306716700
00.0000000187851053601306716700
00.0000000187851053601306716700
00.0000000187851053601306716700
00.0000000187851053601306716700
00.0000000187851053601306716700
00.0000000187851053601306716700
00.0000000187851053601306716700
00.0000000187851053601306716700
00.0000000187851053601306716700
00.0000000187851053601306716700
00.0000000187851053601306716700
00.0000000187851053601306716700
00.0000000187851053601306716700
00.0000000187851053601306716700
00.0000000187851053601306716700
00.0000000187851053601306716700
00.0000000187851053601306716700
00.0000000187851053601306716700
00.0000000187851053601306716700
00.0000000187851053601306716700
00.0000000187851053601306716700
00.0000000187851053601306716700
00.0000000187851053601306716700
00.0000000187851053601306716700
00.0000000187851053601306716700
00.0000000187851053601306716700
00.0000000187851053601306716700
00.0000000187851053601306716700
00.0000000187851053601306716700
00.0000000187851053601306716700
00.0000000187851053601306716700
00.0000000187851053601306716700
00.0000000187851053601306716700
00.0000000187851053601306716700
00.0000000187851053601306716700
00.0000000187851053601306716700
00.0000000187851053601306716700
00.0000000187851053601306716700
00.0000000187851053601306716700
00.0000000187851053601306716700
00.0000000187851053601306716700
00.0000000187851053601306716700
00.0000000187851053601306716700
00.0000000187851053601306716700
00.0000000187851053601306716700
00.0000000187851053601306716700
00.0000000187851053601306716700
00.0000000187851053601306716700
00.0000000187851053601306716700
00.0000000187851053601306716700
00.0000000187851053601306716700
00.0000000187851053601306716700
00.0000000187851053601306716700
00.0000000187851053601306716700
00.0000000187851053601306716700
00.0000000187851053601306716700
00.0000000187851053601306716700
00.0000000187851053601306716700
00.0000000187851053601306716700
00.0000000187851053601306716700
00.0000000187851053601306716700
00.0000000187851053601306716700
00.0000000187851053601306716700
00.0000000187851053601306716700
00.0000000187851053601306716700
00.0000000187851053601306716700
00.0000000187851053601306716700
00.0000000187851053601306716700
00.0000000187851053601306716700
00.0000000187851053601306716700
00.0000000187851053601306716700
00.0000000187851053601306716700
00.0000000187851053601306716700
00.0000000187851053601306716700
00.0000000187851053601306716700
00.0000000187851053601306716700
00.0000000187851053601306716700
00.0000000187851053601306716700
00.0000000187851053601306716700
00.0000000187851053601306716700
00.0000000187851053601306716700
00.0000000187851053601306716700
00.0000000187851053601306716700
00.0000000187851053601306716700
00.0000000187851053601306716700
00.0000000187851053601306716700
00.0000000187851053601306716700
00.0000000187851053601306716700
00.0000000187851053601306716700
00.0000000187851053601306716700
00.0000000187851053601306716700
00.0000000187851053601306716700
00.0000000187851053601306716700
00.0000000187851053601306716700
00.0000000187851053601306716700
00.0000000187851053601306716700
00.0000000187851053601306716700
00.0000000187851053601306716700
00.0000000187851053601306716700
00.0000000187851053601306716700
00.0000000187851053601306716700
00.0000000187851053601306716700
00.0000000187851053601306716700
00.0000000187851053601306716700
00.0000000187851053601306716700
00.0000000187851053601306716700
00.0000000187851053601306716700
00.0000000187851053601306716700
00.0000000187851053601306716700
00.0000000187851053601306716700
00.0000000187851053601306716700
00.0000000187851053601306716700
00.0000000187851053601306716700
00.0000000187851053601306716700
00.0000000187851053601306716700
00.0000000187851053601306716700
00.0000000187851053601306716700
00.0000000187851053601306716700
00.0000000187851053601306716700
00.0000000187851053601306716700
00.0000000187851053601306716700
00.0000000187851053601306716700
00.0000000187851053601306716700
00.0000000187851053601306716700
00.0000000187851053601306716700
00.0000000187851053601306716700
00.0000000187851053601306716700
00.0000000187851053601306716700
00.0000000187851053601306716700
00.0000000187851053601306716700
00.0000000187851053601306716700
00.0000000187851053601306716700
00.0000000187851053601306716700
00.0000000187851053601306716700
00.0000000187851053601306716700
00.0000000187851053601306716700
00.0000000187851053601306716700
00.0000000187851053601306716700
00.0000000187851053601306716700
00.0000000187851053601306716700
00.0000000187851053601306716700
00.0000000187851053601306716700
00.0000000187851053601306716700
00.0000000187851053601306716700
00.0000000187851053601306716700
00.0000000187851053601306716700
00.0000000187851053601306716700
00.0000000187851053601306716700
00.0000000187851053601306716700
00.0000000187851053601306716700
00.0000000187851053601306716700
00.0000000187851053601306716700
00.0000000187851053601306716700
00.0000000187851053601306716700
00.0000000187851053601306716700
00.0000000187851053601306716700
00.0000000187851053601306716700
00.0000000187851053601306716700
00.0000000187851053601306716700
00.0000000187851053601306716700
00.0000000187851053601306716700
00.0000000187851053601306716700
00.0000000187851053601306716700
00.0000000187851053601306716700
00.0000000187851053601306716700
00.0000000187851053601306716700
00.0000000187851053601306716700
00.0000000187851053601306716700
00.0000000187851053601306716700
00.0000000187851053601306716700
00.0000000187851053601306716700
00.0000000187851053601306716700
00.0000000187851053601306716700
00.0000000187851053601306716700
00.0000000187851053601306716700
00.0000000187851053601306716700
00.0000000187851053601306716700
00.0000000187851053601306716700
00.0000000187851053601306716700
00.0000000187851053601306716700
00.0000000187851053601306716700
00.0000000187851053601306716700
00.0000000187851053601306716700
00.0000000187851053601306716700
00.0000000187851053601306716700
00.0000000187851053601306716700
00.0000000187851053601306716700
00.0000000187851053601306716700
00.0000000187851053601306716700
00.0000000187851053601306716700
00.0000000187851053601306716700
00.0000000187851053601306716700
00.0000000187851053601306716700
00.0000000187851053601306716700
00.0000000187851053601306716700
00.0000000187851053601306716700
00.0000000187851053601306716700
00.0000000187851053601306716700
00.0000000187851053601306716700
00.0000000187851053601306716700
00.0000000187851053601306716700
00.0000000182713033591852536119
00.0000000182713033591852536119
00.0000000182713033591852536119
00.0000000182713033591852536119
00.0000000182713033591852536119
00.0000000182713033591852536119
00.0000000182713033591852536119
00.0000000182713033591852536119
00.0000000182713033591852536119
00.0000000182713033591852536119
00.0000000182713033591852536119
00.0000000182713033591852536119
00.0000000182713033591852536119
00.0000000182713033591852536119
00.0000000182713033591852536119
00.0000000182713033591852536119
00.0000000182713033591852536119
00.0000000182713033591852536119
00.0000000182713033591852536119
00.0000000182713033591852536119
00.0000000182713033591852536119
00.0000000182713033591852536119
00.0000000182713033591852536119
00.0000000182713033591852536119
00.0000000182713033591852536119
00.0000000182713033591852536119
00.0000000182713033591852536119
00.0000000182713033591852536119
00.0000000182713033591852536119
00.0000000182713033591852536119
00.0000000182713033591852536119
00.0000000182713033591852536119
00.0000000182713033591852536119
00.0000000182713033591852536119
00.0000000182713033591852536119
00.0000000182713033591852536119
00.0000000182713033591852536119
00.0000000182713033591852536119
00.0000000182713033591852536119
00.0000000182713033591852536119
00.0000000182713033591852536119
00.0000000182713033591852536119
00.0000000182713033591852536119
00.0000000182713033591852536119
00.0000000182713033591852536119
00.0000000182713033591852536119
00.0000000182713033591852536119
00.0000000182713033591852536119
00.0000000182713033591852536119
00.0000000182713033591852536119
00.0000000182713033591852536119
00.0000000182713033591852536119
00.0000000182713033591852536119
00.0000000182713033591852536119
00.0000000182713033591852536119
00.0000000182713033591852536119
00.0000000182713033591852536119
00.0000000182713033591852536119
00.0000000182713033591852536119
00.0000000182713033591852536119
00.0000000182713033591852536119
00.0000000182713033591852536119
00.0000000182713033591852536119
00.0000000182713033591852536119
00.0000000182713033591852536119
00.0000000182713033591852536119
00.0000000182713033591852536119
00.0000000182713033591852536119
00.0000000182713033591852536119
00.0000000182713033591852536119
00.0000000182713033591852536119
00.0000000182713033591852536119
00.0000000182713033591852536119
00.0000000182713033591852536119
00.0000000182713033591852536119
00.0000000182713033591852536119
00.0000000182713033591852536119
00.0000000182713033591852536119
00.0000000182713033591852536119
00.0000000182713033591852536119
00.0000000182713033591852536119
00.0000000182713033591852536119
00.0000000182713033591852536119
00.0000000182713033591852536119
00.0000000182713033591852536119
00.0000000182713033591852536119
00.0000000182713033591852536119
00.0000000182713033591852536119
00.0000000182713033591852536119
00.0000000182713033591852536119
00.0000000182713033591852536119
00.0000000182713033591852536119
00.0000000182713033591852536119
00.0000000182713033591852536119
00.0000000182713033591852536119
00.0000000182713033591852536119
00.0000000182713033591852536119
00.0000000182713033591852536119
00.0000000182713033591852536119
00.0000000182713033591852536119
00.0000000182713033591852536119
00.0000000182713033591852536119
00.0000000182713033591852536119
00.0000000182713033591852536119
00.0000000182713033591852536119
00.0000000182713033591852536119
00.0000000182713033591852536119
00.0000000182713033591852536119
00.0000000182713033591852536119
00.0000000182713033591852536119
00.0000000182713033591852536119
00.0000000182713033591852536119
00.0000000182713033591852536119
00.0000000182713033591852536119
00.0000000182713033591852536119
00.0000000182713033591852536119
00.0000000182713033591852536119
00.0000000182713033591852536119
00.0000000182713033591852536119
00.0000000182713033591852536119
00.0000000182713033591852536119
00.0000000182713033591852536119
00.0000000182713033591852536119
00.0000000182713033591852536119
00.0000000182713033591852536119
00.0000000182713033591852536119
00.0000000182713033591852536119
00.0000000182713033591852536119
00.0000000182713033591852536119
00.0000000182713033591852536119
00.0000000182713033591852536119
00.0000000182713033591852536119
00.0000000182713033591852536119
00.0000000182713033591852536119
00.0000000182713033591852536119
00.0000000182713033591852536119
00.0000000182713033591852536119
00.0000000182713033591852536119
00.0000000182713033591852536119
00.0000000182713033591852536119
00.0000000182713033591852536119
00.0000000182713033591852536119
00.0000000182713033591852536119
00.0000000182713033591852536119
00.0000000182713033591852536119
00.0000000182713033591852536119
00.0000000182713033591852536119
00.0000000182713033591852536119
00.0000000182713033591852536119
00.0000000182713033591852536119
00.0000000182713033591852536119
00.0000000182713033591852536119
00.0000000182713033591852536119
00.0000000182713033591852536119
00.0000000182713033591852536119
00.0000000182713033591852536119
00.0000000182713033591852536119
00.0000000182713033591852536119
00.0000000182713033591852536119
00.0000000182713033591852536119
00.0000000182713033591852536119
00.0000000182713033591852536119
00.0000000182713033591852536119
00.0000000182713033591852536119
00.0000000182713033591852536119
00.0000000182713033591852536119
00.0000000182713033591852536119
00.0000000182713033591852536119
00.0000000182713033591852536119
00.0000000182713033591852536119
00.0000000182713033591852536119
00.0000000182713033591852536119
00.0000000182713033591852536119
00.0000000182713033591852536119
00.0000000182713033591852536119
00.0000000182713033591852536119
00.0000000182713033591852536119
00.0000000182713033591852536119
00.0000000182713033591852536119
00.0000000182713033591852536119
00.0000000182713033591852536119
00.0000000182713033591852536119
00.0000000182713033591852536119
00.0000000182713033591852536119
00.0000000182713033591852536119
00.0000000182713033591852536119
00.0000000182713033591852536119
00.0000000182713033591852536119
00.0000000182713033591852536119
00.0000000182713033591852536119
00.0000000182713033591852536119
00.0000000182713033591852536119
00.0000000182713033591852536119
00.0000000182713033591852536119
00.0000000182713033591852536119
00.0000000182713033591852536119
00.0000000182713033591852536119
00.0000000182713033591852536119
00.0000000182713033591852536119
00.0000000182713033591852536119
00.0000000182713033591852536119
00.0000000182713033591852536119
00.0000000182713033591852536119
00.0000000182713033591852536119
00.0000000182713033591852536119
00.0000000182713033591852536119
00.0000000182713033591852536119
00.0000000182713033591852536119
00.0000000182713033591852536119
00.0000000182713033591852536119
00.0000000182713033591852536119
00.0000000182713033591852536119
00.0000000182713033591852536119
00.0000000182713033591852536119
00.0000000182713033591852536119
00.0000000182713033591852536119
00.0000000182713033591852536119
00.0000000182713033591852536119
00.0000000182713033591852536119
00.0000000182713033591852536119
00.0000000182713033591852536119
00.0000000182713033591852536119
00.0000000182713033591852536119
00.0000000182713033591852536119
00.0000000182713033591852536119
00.0000000182713033591852536119
00.0000000182713033591852536119
00.0000000182713033591852536119
00.0000000182713033591852536119
00.0000000182713033591852536119
00.0000000182713033591852536119
00.0000000182713033591852536119
00.0000000182713033591852536119
00.0000000182713033591852536119
00.0000000182713033591852536119
00.0000000182713033591852536119
00.0000000182713033591852536119
00.0000000182713033591852536119
00.0000000182713033591852536119
00.0000000182713033591852536119
00.0000000182713033591852536119
00.0000000182713033591852536119
00.0000000182713033591852536119
00.0000000182713033591852536119
00.0000000182713033591852536119
00.0000000182713033591852536119
00.0000000182713033591852536119
00.0000000182713033591852536119
00.0000000182713033591852536119
00.0000000182713033591852536119
00.0000000182713033591852536119
00.0000000182713033591852536119
00.0000000182713033591852536119
00.0000000182713033591852536119
00.0000000182713033591852536119
00.0000000182713033591852536119
00.0000000182713033591852536119
00.0000000182713033591852536119
00.0000000182713033591852536119
00.0000000182713033591852536119
00.0000000182713033591852536119
00.0000000182713033591852536119
00.0000000182713033591852536119
00.0000000182713033591852536119
00.0000000182713033591852536119
00.0000000182713033591852536119
00.0000000182713033591852536119
00.0000000182713033591852536119
00.0000000182713033591852536119
00.0000000182713033591852536119
00.0000000182713033591852536119
00.0000000182713033591852536119
00.0000000182713033591852536119
00.0000000182713033591852536119
00.0000000182713033591852536119
00.0000000182713033591852536119
00.0000000182713033591852536119
00.0000000182713033591852536119
00.0000000182713033591852536119
00.0000000182713033591852536119
00.0000000182713033591852536119
00.0000000182713033591852536119
00.0000000182713033591852536119
00.0000000182713033591852536119
00.0000000182713033591852536119
00.0000000182713033591852536119
00.0000000182713033591852536119
00.0000000182713033591852536119
00.0000000182713033591852536119
00.0000000182713033591852536119
00.0000000182713033591852536119
00.0000000182713033591852536119
00.0000000182713033591852536119
00.0000000182713033591852536119
00.0000000182713033591852536119
00.0000000182713033591852536119
00.0000000182713033591852536119
00.0000000182713033591852536119
00.0000000182713033591852536119
00.0000000182713033591852536119
00.0000000182713033591852536119
00.0000000182713033591852536119
00.0000000182713033591852536119
00.0000000182713033591852536119
00.0000000182713033591852536119
00.0000000182713033591852536119
00.0000000182713033591852536119
00.0000000182713033591852536119
00.0000000182713033591852536119
00.0000000182713033591852536119
00.0000000182713033591852536119
00.0000000182713033591852536119
00.0000000182713033591852536119
00.0000000182713033591852536119
00.0000000182713033591852536119
00.0000000182713033591852536119
00.0000000182713033591852536119
00.0000000182713033591852536119
00.0000000182713033591852536119
00.0000000182713033591852536119
00.0000000182713033591852536119
00.0000000182713033591852536119
00.0000000182713033591852536119
00.0000000182713033591852536119
00.0000000182713033591852536119
00.0000000182713033591852536119
00.0000000182713033591852536119
00.0000000182713033591852536119
00.0000000182713033591852536119
00.0000000182713033591852536119
00.0000000182713033591852536119
00.0000000182713033591852536119
00.0000000182713033591852536119
00.0000000182713033591852536119
00.0000000182713033591852536119
00.0000000182713033591852536119
00.0000000182713033591852536119
00.0000000182713033591852536119
00.0000000182713033591852536119
00.0000000182713033591852536119
00.0000000182713033591852536119
00.0000000182713033591852536119
00.0000000182713033591852536119
00.0000000182713033591852536119
00.0000000182713033591852536119
00.0000000182713033591852536119
00.0000000182713033591852536119
00.0000000182713033591852536119
00.0000000182713033591852536119
00.0000000182713033591852536119
00.0000000182713033591852536119
00.0000000182713033591852536119
00.0000000182713033591852536119
00.0000000182713033591852536119
00.0000000182713033591852536119
00.0000000182713033591852536119
00.0000000182713033591852536119
00.0000000182713033591852536119
00.0000000182713033591852536119
00.0000000182713033591852536119
00.0000000182713033591852536119
00.0000000182713033591852536119
00.0000000182713033591852536119
00.0000000182713033591852536119
00.0000000182713033591852536119
00.0000000182713033591852536119
00.0000000182713033591852536119
00.0000000182713033591852536119
00.0000000182713033591852536119
00.0000000182713033591852536119
00.0000000182713033591852536119
00.0000000182713033591852536119
00.0000000182713033591852536119
00.0000000182713033591852536119
00.0000000182713033591852536119
00.0000000182713033591852536119
00.0000000182713033591852536119
00.0000000182713033591852536119
00.0000000182713033591852536119
00.0000000182713033591852536119
00.0000000182713033591852536119
00.0000000182713033591852536119
00.0000000182713033591852536119
00.0000000182713033591852536119
00.0000000182713033591852536119
00.0000000182713033591852536119
00.0000000182713033591852536119
00.0000000182713033591852536119
00.0000000182713033591852536119
00.0000000182713033591852536119
00.0000000182713033591852536119
00.0000000182713033591852536119
00.0000000182713033591852536119
00.0000000182713033591852536119
00.0000000182713033591852536119
00.0000000182713033591852536119
00.0000000182713033591852536119
00.0000000182713033591852536119
00.0000000182713033591852536119
00.0000000182713033591852536119
00.0000000182713033591852536119
00.0000000182713033591852536119
00.0000000182713033591852536119
00.0000000182713033591852536119
00.0000000182713033591852536119
00.0000000182713033591852536119
00.0000000182713033591852536119
00.0000000182713033591852536119
00.0000000182713033591852536119
00.0000000182713033591852536119
00.0000000182713033591852536119
00.0000000182713033591852536119
00.0000000182713033591852536119
00.0000000182713033591852536119
00.0000000182713033591852536119
00.0000000182713033591852536119
00.0000000182713033591852536119
00.0000000182713033591852536119
00.0000000182713033591852536119
00.0000000182713033591852536119
00.0000000182713033591852536119
00.0000000182713033591852536119
00.0000000182713033591852536119
00.0000000182713033591852536119
00.0000000182713033591852536119
00.0000000182713033591852536119
00.0000000182713033591852536119
00.0000000182713033591852536119
00.0000000182713033591852536119
00.0000000182713033591852536119
00.0000000182713033591852536119
00.0000000182713033591852536119
00.0000000182713033591852536119
00.0000000182713033591852536119
00.0000000182713033591852536119
00.0000000182713033591852536119
00.0000000182713033591852536119
00.0000000182713033591852536119
00.0000000182713033591852536119
00.0000000182713033591852536119
00.0000000182713033591852536119
00.0000000182713033591852536119
00.0000000182713033591852536119
00.0000000182713033591852536119
00.0000000182713033591852536119
00.0000000182713033591852536119
00.0000000182713033591852536119
00.0000000182713033591852536119
00.0000000182713033591852536119
00.0000000182713033591852536119
00.0000000182713033591852536119
00.0000000182713033591852536119
00.0000000182713033591852536119
00.0000000182713033591852536119
00.0000000182713033591852536119
00.0000000182713033591852536119
00.0000000182713033591852536119
00.0000000182713033591852536119
00.0000000182713033591852536119
00.0000000182713033591852536119
00.0000000182713033591852536119
00.0000000182713033591852536119
00.0000000182713033591852536119
00.0000000182713033591852536119
00.0000000182713033591852536119
00.0000000182713033591852536119
00.0000000182713033591852536119
00.0000000182713033591852536119
00.0000000182713033591852536119
00.0000000182713033591852536119
00.0000000182713033591852536119
00.0000000182713033591852536119
00.0000000182713033591852536119
00.0000000182713033591852536119
00.0000000182713033591852536119
00.0000000182713033591852536119
00.0000000182713033591852536119
00.0000000182713033591852536119
00.0000000182713033591852536119
00.0000000182713033591852536119
00.0000000182713033591852536119
00.0000000182713033591852536119
00.0000000182713033591852536119
00.0000000182713033591852536119
00.0000000182713033591852536119
00.0000000182713033591852536119
00.0000000182713033591852536119
00.0000000182713033591852536119
00.0000000182713033591852536119
00.0000000182713033591852536119
00.0000000182713033591852536119
00.0000000182713033591852536119
00.0000000182713033591852536119
00.0000000182713033591852536119
00.0000000182713033591852536119
00.0000000182713033591852536119
00.0000000182713033591852536119
00.0000000182713033591852536119
00.0000000182713033591852536119
00.0000000182713033591852536119
00.0000000182713033591852536119
00.0000000182713033591852536119
00.0000000182713033591852536119
00.0000000182713033591852536119
00.0000000182713033591852536119
00.0000000182713033591852536119
00.0000000182713033591852536119
00.0000000182713033591852536119
00.0000000182713033591852536119
00.0000000182713033591852536119
00.0000000182713033591852536119
00.0000000182713033591852536119
00.0000000182713033591852536119
00.0000000182713033591852536119
00.0000000182713033591852536119
00.0000000182713033591852536119
00.0000000182713033591852536119
00.0000000182713033591852536119
00.0000000182713033591852536119
00.0000000182713033591852536119
00.0000000182713033591852536119
00.0000000182713033591852536119
00.0000000182713033591852536119
00.0000000182713033591852536119
00.0000000182713033591852536119
00.0000000182713033591852536119
00.0000000182713033591852536119
00.0000000182713033591852536119
00.0000000182713033591852536119
00.0000000182713033591852536119
00.0000000182713033591852536119
00.0000000182713033591852536119
00.0000000182713033591852536119
00.0000000182713033591852536119
00.0000000182713033591852536119
00.0000000182713033591852536119
00.0000000182713033591852536119
00.0000000182713033591852536119
00.0000000182713033591852536119
00.0000000182713033591852536119
00.0000000182713033591852536119
00.0000000182713033591852536119
00.0000000182713033591852536119
00.0000000182713033591852536119
00.0000000182713033591852536119
00.0000000182713033591852536119
00.0000000182713033591852536119
00.0000000182713033591852536119
00.0000000182713033591852536119
00.0000000182713033591852536119
00.0000000182713033591852536119
00.0000000182713033591852536119
00.0000000182713033591852536119
00.0000000182713033591852536119
00.0000000182713033591852536119
00.0000000182713033591852536119
00.0000000182713033591852536119
00.0000000182713033591852536119
00.0000000182713033591852536119
00.0000000182713033591852536119
00.0000000182713033591852536119
00.0000000182713033591852536119
00.0000000182713033591852536119
00.0000000182713033591852536119
00.0000000182713033591852536119
00.0000000182713033591852536119
00.0000000182713033591852536119
00.0000000182713033591852536119
00.0000000182713033591852536119
00.0000000182713033591852536119
00.0000000182713033591852536119
00.0000000182713033591852536119
00.0000000182713033591852536119
00.0000000182713033591852536119
00.0000000182713033591852536119
00.0000000182713033591852536119
00.0000000182713033591852536119
00.0000000182713033591852536119
00.0000000182713033591852536119
00.0000000182713033591852536119
00.0000000182713033591852536119
00.0000000182713033591852536119
00.0000000182713033591852536119
00.0000000182713033591852536119
00.0000000182713033591852536119
00.0000000182713033591852536119
00.0000000182713033591852536119
00.0000000182713033591852536119
00.0000000182713033591852536119
00.0000000182713033591852536119
00.0000000182713033591852536119
00.0000000182713033591852536119
00.0000000182713033591852536119
00.0000000182713033591852536119
00.0000000182713033591852536119
00.0000000182713033591852536119
00.0000000182713033591852536119
00.0000000182713033591852536119
00.0000000182713033591852536119
00.0000000182713033591852536119
00.0000000182713033591852536119
00.0000000182713033591852536119
00.0000000182713033591852536119
00.0000000182713033591852536119
00.0000000182713033591852536119
00.0000000182713033591852536119
00.0000000182713033591852536119
00.0000000182713033591852536119
00.0000000182713033591852536119
00.0000000182713033591852536119
00.0000000182713033591852536119
00.0000000182713033591852536119
00.0000000182713033591852536119
00.0000000182713033591852536119
00.0000000182713033591852536119
00.0000000182713033591852536119
00.0000000182713033591852536119
00.0000000182713033591852536119
00.0000000182713033591852536119
00.0000000182713033591852536119
00.0000000182713033591852536119
00.0000000182713033591852536119
00.0000000182713033591852536119
00.0000000182713033591852536119
00.0000000182713033591852536119
00.0000000182713033591852536119
00.0000000182713033591852536119
00.0000000182713033591852536119
00.0000000182713033591852536119
00.0000000182713033591852536119
00.0000000182713033591852536119
00.0000000182713033591852536119
00.0000000182713033591852536119
00.0000000182713033591852536119
00.0000000182713033591852536119
00.0000000182713033591852536119
00.0000000182713033591852536119
00.0000000182713033591852536119
00.0000000182713033591852536119
00.0000000182713033591852536119
00.0000000182713033591852536119
00.0000000182713033591852536119
00.0000000182713033591852536119
00.0000000182713033591852536119
00.0000000182713033591852536119
00.0000000182713033591852536119
00.0000000182713033591852536119
00.0000000182713033591852536119
00.0000000182713033591852536119
00.0000000182713033591852536119
00.0000000182713033591852536119
00.0000000182713033591852536119
00.0000000182713033591852536119
00.0000000182713033591852536119
00.0000000182713033591852536119
00.0000000182713033591852536119
00.0000000182713033591852536119
00.0000000182713033591852536119
00.0000000182713033591852536119
00.0000000182713033591852536119
00.0000000182713033591852536119
00.0000000182713033591852536119
00.0000000182713033591852536119
00.0000000182713033591852536119
00.0000000182713033591852536119
00.0000000182713033591852536119
00.0000000182713033591852536119
00.0000000182713033591852536119
00.0000000182713033591852536119
00.0000000182713033591852536119
00.0000000182713033591852536119
00.0000000182713033591852536119
00.0000000182713033591852536119
00.0000000182713033591852536119
00.0000000182713033591852536119
00.0000000182713033591852536119
00.0000000182713033591852536119
00.0000000182713033591852536119
00.0000000182713033591852536119
00.0000000182713033591852536119
00.0000000182713033591852536119
00.0000000182713033591852536119
00.0000000182713033591852536119
00.0000000182713033591852536119
00.0000000182713033591852536119
00.0000000182713033591852536119
00.0000000182713033591852536119
00.0000000182713033591852536119
00.0000000182713033591852536119
00.0000000182713033591852536119
00.0000000182713033591852536119
00.0000000182713033591852536119
00.0000000182713033591852536119
00.0000000182713033591852536119
00.0000000182713033591852536119
00.0000000182713033591852536119
00.0000000182713033591852536119
00.0000000182713033591852536119
00.0000000182713033591852536119
00.0000000182713033591852536119
00.0000000182713033591852536119
00.0000000182713033591852536119
00.0000000182713033591852536119
00.0000000182713033591852536119
00.0000000182713033591852536119
00.0000000182713033591852536119
00.0000000182713033591852536119
00.0000000182713033591852536119
00.0000000182713033591852536119
00.0000000182713033591852536119
00.0000000182713033591852536119
00.0000000182713033591852536119
00.0000000182713033591852536119
00.0000000182713033591852536119
00.0000000182713033591852536119
00.0000000182713033591852536119
00.0000000182713033591852536119
00.0000000182713033591852536119
00.0000000182713033591852536119
00.0000000182713033591852536119
00.0000000182713033591852536119
00.0000000182713033591852536119
00.0000000182713033591852536119
00.0000000182713033591852536119
00.0000000182713033591852536119
00.0000000182713033591852536119
00.0000000182713033591852536119
00.0000000182713033591852536119
00.0000000182713033591852536119
00.0000000182713033591852536119
00.0000000182713033591852536119
00.0000000182713033591852536119
00.0000000182713033591852536119
00.0000000182713033591852536119
00.0000000182713033591852536119
00.0000000182713033591852536119
00.0000000182713033591852536119
00.0000000182713033591852536119
00.0000000182713033591852536119
00.0000000182713033591852536119
00.0000000182713033591852536119
00.0000000182713033591852536119
00.0000000182713033591852536119
00.0000000182713033591852536119
00.0000000182713033591852536119
00.0000000182713033591852536119
00.0000000182713033591852536119
00.0000000182713033591852536119
00.0000000182713033591852536119
00.0000000182713033591852536119
00.0000000182713033591852536119
00.0000000182713033591852536119
00.0000000182713033591852536119
00.0000000182713033591852536119
00.0000000182713033591852536119
00.0000000182713033591852536119
00.0000000182713033591852536119
00.0000000182713033591852536119
00.0000000182713033591852536119
00.0000000182713033591852536119
00.0000000182713033591852536119
00.0000000182713033591852536119
00.0000000182713033591852536119
00.0000000182713033591852536119
00.0000000182713033591852536119
00.0000000182713033591852536119
00.0000000182713033591852536119
00.0000000182713033591852536119
00.0000000182713033591852536119
00.0000000182713033591852536119
00.0000000182713033591852536119
00.0000000182713033591852536119
00.0000000182713033591852536119
00.0000000182713033591852536119
00.0000000182713033591852536119
00.0000000182713033591852536119
00.0000000182713033591852536119
00.0000000182713033591852536119
00.0000000182713033591852536119
00.0000000182713033591852536119
00.0000000182713033591852536119
00.0000000182713033591852536119
00.0000000182713033591852536119
00.0000000182713033591852536119
00.0000000182713033591852536119
00.0000000182713033591852536119
00.0000000182713033591852536119
00.0000000182713033591852536119
00.0000000182713033591852536119
00.0000000182713033591852536119
00.0000000182713033591852536119
00.0000000182713033591852536119
00.0000000182713033591852536119
00.0000000182713033591852536119
00.0000000182713033591852536119
00.0000000182713033591852536119
00.0000000182713033591852536119
00.0000000182713033591852536119
00.0000000182713033591852536119
00.0000000182713033591852536119
00.0000000182713033591852536119
00.0000000182713033591852536119
00.0000000182713033591852536119
00.0000000182713033591852536119
00.0000000182713033591852536119
00.0000000182713033591852536119
00.0000000182713033591852536119
00.0000000182713033591852536119
00.0000000182713033591852536119
00.0000000182713033591852536119
00.0000000182713033591852536119
00.0000000182713033591852536119
00.0000000182713033591852536119
00.0000000182713033591852536119
00.0000000182713033591852536119
00.0000000182713033591852536119
00.0000000182713033591852536119
00.0000000182713033591852536119
00.0000000182713033591852536119
00.0000000182713033591852536119
00.0000000182713033591852536119
00.0000000182713033591852536119
00.0000000182713033591852536119
00.0000000182713033591852536119
00.0000000182713033591852536119
00.0000000182713033591852536119
00.0000000182713033591852536119
00.0000000182713033591852536119
00.0000000182713033591852536119
00.0000000182713033591852536119
00.0000000182713033591852536119
00.0000000182713033591852536119
00.0000000182713033591852536119
00.0000000182713033591852536119
00.0000000182713033591852536119
00.0000000182713033591852536119
00.0000000182713033591852536119
00.0000000182713033591852536119
00.0000000182713033591852536119
00.0000000182713033591852536119
00.0000000182713033591852536119
00.0000000182713033591852536119
00.0000000182713033591852536119
00.0000000182713033591852536119
00.0000000182713033591852536119
00.0000000182713033591852536119
00.0000000182713033591852536119
00.0000000182713033591852536119
00.0000000182713033591852536119
00.0000000182713033591852536119
00.0000000182713033591852536119
00.0000000182713033591852536119
00.0000000182713033591852536119
00.0000000182713033591852536119
00.0000000182713033591852536119
00.0000000182713033591852536119
00.0000000182713033591852536119
00.0000000182713033591852536119
00.0000000182713033591852536119
00.0000000182713033591852536119
00.0000000182713033591852536119
00.0000000182713033591852536119
00.0000000182713033591852536119
00.0000000182713033591852536119
00.0000000182713033591852536119
00.0000000182713033591852536119
00.0000000182713033591852536119
00.0000000182713033591852536119
00.0000000182713033591852536119
00.0000000182713033591852536119
00.0000000182713033591852536119
00.0000000182713033591852536119
00.0000000182713033591852536119
00.0000000182713033591852536119
00.0000000182713033591852536119
00.0000000182713033591852536119
00.0000000182713033591852536119
00.0000000182713033591852536119
00.0000000182713033591852536119
00.0000000182713033591852536119
00.0000000182713033591852536119
00.0000000182713033591852536119
00.0000000182713033591852536119
00.0000000182713033591852536119
00.0000000182713033591852536119
00.0000000182713033591852536119
00.0000000182713033591852536119
00.0000000182713033591852536119
00.0000000182713033591852536119
00.0000000182713033591852536119
00.0000000182713033591852536119
00.0000000182713033591852536119
00.0000000182713033591852536119
00.0000000182713033591852536119
00.0000000182713033591852536119
00.0000000182713033591852536119
00.0000000182713033591852536119
00.0000000182713033591852536119
00.0000000182713033591852536119
00.0000000182713033591852536119
00.0000000182713033591852536119
00.0000000182713033591852536119
00.0000000182713033591852536119
00.0000000182713033591852536119
00.0000000182713033591852536119
00.0000000182713033591852536119
00.0000000182713033591852536119
00.0000000182713033591852536119
00.0000000182713033591852536119
00.0000000182713033591852536119
00.0000000182713033591852536119
00.0000000182713033591852536119
00.0000000182713033591852536119
00.0000000182713033591852536119
00.0000000182713033591852536119
00.0000000182713033591852536119
00.0000000182713033591852536119
00.0000000182713033591852536119
00.0000000182713033591852536119
00.0000000182713033591852536119
00.0000000182713033591852536119
00.0000000182713033591852536119
00.0000000182713033591852536119
00.0000000182713033591852536119
00.0000000182713033591852536119
00.0000000182713033591852536119
00.0000000182713033591852536119
00.0000000182713033591852536119
00.0000000182713033591852536119
00.0000000182713033591852536119
00.0000000182713033591852536119
00.0000000182713033591852536119
00.0000000182713033591852536119
00.0000000182713033591852536119
00.0000000182713033591852536119
00.0000000182713033591852536119
00.0000000182713033591852536119
00.0000000182713033591852536119
00.0000000182713033591852536119
00.0000000182713033591852536119
00.0000000182713033591852536119
00.0000000182713033591852536119
00.0000000182713033591852536119
00.0000000182713033591852536119
00.0000000182713033591852536119
00.0000000182713033591852536119
00.0000000182713033591852536119
00.0000000182713033591852536119
00.0000000182713033591852536119
00.0000000182713033591852536119
00.0000000182713033591852536119
00.0000000182713033591852536119
00.0000000182713033591852536119
00.0000000182713033591852536119
00.0000000182713033591852536119
00.0000000182713033591852536119
00.0000000182713033591852536119
00.0000000182713033591852536119
00.0000000182713033591852536119
00.0000000182713033591852536119
00.0000000182713033591852536119
00.0000000182713033591852536119
00.0000000182713033591852536119
00.0000000182713033591852536119
00.0000000182713033591852536119
00.0000000182713033591852536119
00.0000000182713033591852536119
00.0000000182713033591852536119
00.0000000182713033591852536119
00.0000000182713033591852536119
00.0000000182713033591852536119
00.0000000182713033591852536119
00.0000000182713033591852536119
00.0000000182713033591852536119
00.0000000182713033591852536119
00.0000000182713033591852536119
00.0000000182713033591852536119
00.0000000182713033591852536119
00.0000000182713033591852536119
00.0000000182713033591852536119
00.0000000182713033591852536119
00.0000000182713033591852536119
00.0000000182713033591852536119
00.0000000182713033591852536119
00.0000000182713033591852536119
00.0000000182713033591852536119
00.0000000182713033591852536119
00.0000000182713033591852536119
00.0000000182713033591852536119
00.0000000182713033591852536119
00.0000000182713033591852536119
00.0000000182713033591852536119
00.0000000182713033591852536119
00.0000000182713033591852536119
00.0000000182713033591852536119
00.0000000182713033591852536119
00.0000000182713033591852536119
00.0000000182713033591852536119
00.0000000182713033591852536119
00.0000000182713033591852536119
00.0000000209856747535042131858
00.0000000209856747535042131858
00.0000000209856747535042131858
00.0000000209856747535042131858
00.0000000209856747535042131858
00.0000000209856747535042131858
00.0000000209856747535042131858
00.0000000209856747535042131858
00.0000000209856747535042131858
00.0000000209856747535042131858
00.0000000209856747535042131858
00.0000000209856747535042131858
00.0000000209856747535042131858
00.0000000209856747535042131858
00.0000000209856747535042131858
00.0000000209856747535042131858
00.0000000209856747535042131858
00.0000000209856747535042131858
00.0000000209856747535042131858
00.0000000209856747535042131858
00.0000000209856747535042131858
00.0000000209856747535042131858
00.0000000209856747535042131858
00.0000000209856747535042131858
00.0000000209856747535042131858
00.0000000209856747535042131858
00.0000000209856747535042131858
00.0000000209856747535042131858
00.0000000209856747535042131858
00.0000000209856747535042131858
00.0000000209856747535042131858
00.0000000209856747535042131858
00.0000000209856747535042131858
00.0000000209856747535042131858
00.0000000209856747535042131858
00.0000000209856747535042131858
00.0000000209856747535042131858
00.0000000209856747535042131858
00.0000000209856747535042131858
00.0000000209856747535042131858
00.0000000209856747535042131858
00.0000000209856747535042131858
00.0000000209856747535042131858
00.0000000209856747535042131858
00.0000000209856747535042131858
00.0000000209856747535042131858
00.0000000209856747535042131858
00.0000000209856747535042131858
00.0000000209856747535042131858
00.0000000209856747535042131858
00.0000000209856747535042131858
00.0000000209856747535042131858
00.0000000209856747535042131858
00.0000000209856747535042131858
00.0000000209856747535042131858
00.0000000209856747535042131858
00.0000000209856747535042131858
00.0000000209856747535042131858
00.0000000209856747535042131858
00.0000000209856747535042131858
00.0000000209856747535042131858
00.0000000209856747535042131858
00.0000000209856747535042131858
00.0000000209856747535042131858
00.0000000209856747535042131858
00.0000000209856747535042131858
00.0000000209856747535042131858
00.0000000209856747535042131858
00.0000000209856747535042131858
00.0000000209856747535042131858
00.0000000209856747535042131858
00.0000000209856747535042131858
00.0000000209856747535042131858
00.0000000209856747535042131858
00.0000000209856747535042131858
00.0000000209856747535042131858
00.0000000209856747535042131858
00.0000000209856747535042131858
00.0000000209856747535042131858
00.0000000209856747535042131858
00.0000000209856747535042131858
00.0000000209856747535042131858
00.0000000209856747535042131858
00.0000000209856747535042131858
00.0000000209856747535042131858
00.0000000209856747535042131858
00.0000000209856747535042131858
00.0000000209856747535042131858
00.0000000209856747535042131858
00.0000000209856747535042131858
00.0000000209856747535042131858
00.0000000209856747535042131858
00.0000000209856747535042131858
00.0000000209856747535042131858
00.0000000209856747535042131858
00.0000000209856747535042131858
00.0000000209856747535042131858
00.0000000209856747535042131858
00.0000000209856747535042131858
00.0000000209856747535042131858
00.0000000209856747535042131858
00.0000000209856747535042131858
00.0000000209856747535042131858
00.0000000209856747535042131858
00.0000000209856747535042131858
00.0000000209856747535042131858
00.0000000209856747535042131858
00.0000000209856747535042131858
00.0000000209856747535042131858
00.0000000209856747535042131858
00.0000000209856747535042131858
00.0000000209856747535042131858
00.0000000209856747535042131858
00.0000000209856747535042131858
00.0000000209856747535042131858
00.0000000209856747535042131858
00.0000000209856747535042131858
00.0000000209856747535042131858
00.0000000209856747535042131858
00.0000000209856747535042131858
00.0000000209856747535042131858
00.0000000209856747535042131858
00.0000000209856747535042131858
00.0000000209856747535042131858
00.0000000209856747535042131858
00.0000000209856747535042131858
00.0000000209856747535042131858
00.0000000209856747535042131858
00.0000000209856747535042131858
00.0000000209856747535042131858
00.0000000209856747535042131858
00.0000000209856747535042131858
00.0000000209856747535042131858
00.0000000209856747535042131858
00.0000000209856747535042131858
00.0000000209856747535042131858
00.0000000209856747535042131858
00.0000000209856747535042131858
00.0000000209856747535042131858
00.0000000209856747535042131858
00.0000000209856747535042131858
00.0000000209856747535042131858
00.0000000209856747535042131858
00.0000000209856747535042131858
00.0000000209856747535042131858
00.0000000209856747535042131858
00.0000000209856747535042131858
00.0000000209856747535042131858
00.0000000209856747535042131858
00.0000000209856747535042131858
00.0000000209856747535042131858
00.0000000209856747535042131858
00.0000000209856747535042131858
00.0000000209856747535042131858
00.0000000209856747535042131858
00.0000000209856747535042131858
00.0000000209856747535042131858
00.0000000209856747535042131858
00.0000000209856747535042131858
00.0000000209856747535042131858
00.0000000209856747535042131858
00.0000000209856747535042131858
00.0000000209856747535042131858
00.0000000209856747535042131858
00.0000000209856747535042131858
00.0000000209856747535042131858
00.0000000209856747535042131858
00.0000000209856747535042131858
00.0000000209856747535042131858
00.0000000209856747535042131858
00.0000000209856747535042131858
00.0000000209856747535042131858
00.0000000209856747535042131858
00.0000000209856747535042131858
00.0000000209856747535042131858
00.0000000209856747535042131858
00.0000000209856747535042131858
00.0000000209856747535042131858
00.0000000209856747535042131858
00.0000000209856747535042131858
00.0000000209856747535042131858
00.0000000209856747535042131858
00.0000000209856747535042131858
00.0000000209856747535042131858
00.0000000209856747535042131858
00.0000000209856747535042131858
00.0000000209856747535042131858
00.0000000209856747535042131858
00.0000000209856747535042131858
00.0000000209856747535042131858
00.0000000209856747535042131858
00.0000000209856747535042131858
00.0000000209856747535042131858
00.0000000209856747535042131858
00.0000000209856747535042131858
00.0000000209856747535042131858
00.0000000209856747535042131858
00.0000000209856747535042131858
00.0000000209856747535042131858
00.0000000209856747535042131858
00.0000000209856747535042131858
00.0000000209856747535042131858
00.0000000209856747535042131858
00.0000000209856747535042131858
00.0000000209856747535042131858
00.0000000209856747535042131858
00.0000000209856747535042131858
00.0000000209856747535042131858
00.0000000209856747535042131858
00.0000000209856747535042131858
00.0000000209856747535042131858
00.0000000209856747535042131858
00.0000000209856747535042131858
00.0000000209856747535042131858
00.0000000209856747535042131858
00.0000000209856747535042131858
00.0000000209856747535042131858
00.0000000209856747535042131858
00.0000000209856747535042131858
00.0000000209856747535042131858
00.0000000209856747535042131858
00.0000000209856747535042131858
00.0000000209856747535042131858
00.0000000209856747535042131858
00.0000000209856747535042131858
00.0000000209856747535042131858
00.0000000209856747535042131858
00.0000000209856747535042131858
00.0000000209856747535042131858
00.0000000209856747535042131858
00.0000000209856747535042131858
00.0000000209856747535042131858
00.0000000209856747535042131858
00.0000000209856747535042131858
00.0000000209856747535042131858
00.0000000209856747535042131858
00.0000000209856747535042131858
00.0000000209856747535042131858
00.0000000209856747535042131858
00.0000000209856747535042131858
00.0000000209856747535042131858
00.0000000209856747535042131858
00.0000000209856747535042131858
00.0000000209856747535042131858
00.0000000209856747535042131858
00.0000000209856747535042131858
00.0000000209856747535042131858
00.0000000209856747535042131858
00.0000000209856747535042131858
00.0000000209856747535042131858
00.0000000209856747535042131858
00.0000000209856747535042131858
00.0000000209856747535042131858
00.0000000209856747535042131858
00.0000000209856747535042131858
00.0000000209856747535042131858
00.0000000209856747535042131858
00.0000000209856747535042131858
00.0000000209856747535042131858
00.0000000209856747535042131858
00.0000000209856747535042131858
00.0000000209856747535042131858
00.0000000209856747535042131858
00.0000000209856747535042131858
00.0000000209856747535042131858
00.0000000209856747535042131858
00.0000000209856747535042131858
00.0000000209856747535042131858
00.0000000209856747535042131858
00.0000000209856747535042131858
00.0000000209856747535042131858
00.0000000209856747535042131858
00.0000000209856747535042131858
00.0000000209856747535042131858
00.0000000209856747535042131858
00.0000000209856747535042131858
00.0000000209856747535042131858
00.0000000209856747535042131858
00.0000000209856747535042131858
00.0000000209856747535042131858
00.0000000209856747535042131858
00.0000000209856747535042131858
00.0000000209856747535042131858
00.0000000209856747535042131858
00.0000000209856747535042131858
00.0000000209856747535042131858
00.0000000209856747535042131858
00.0000000209856747535042131858
00.0000000209856747535042131858
00.0000000209856747535042131858
00.0000000209856747535042131858
00.0000000209856747535042131858
00.0000000209856747535042131858
00.0000000209856747535042131858
00.0000000209856747535042131858
00.0000000209856747535042131858
00.0000000209856747535042131858
00.0000000209856747535042131858
00.0000000209856747535042131858
00.0000000209856747535042131858
00.0000000209856747535042131858
00.0000000209856747535042131858
00.0000000209856747535042131858
00.0000000209856747535042131858
00.0000000209856747535042131858
00.0000000209856747535042131858
00.0000000209856747535042131858
00.0000000209856747535042131858
00.0000000209856747535042131858
00.0000000209856747535042131858
00.0000000209856747535042131858
00.0000000209856747535042131858
00.0000000209856747535042131858
00.0000000209856747535042131858
00.0000000209856747535042131858
00.0000000209856747535042131858
00.0000000209856747535042131858
00.0000000209856747535042131858
00.0000000209856747535042131858
00.0000000209856747535042131858
00.0000000209856747535042131858
00.0000000209856747535042131858
00.0000000209856747535042131858
00.0000000209856747535042131858
00.0000000209856747535042131858
00.0000000209856747535042131858
00.0000000209856747535042131858
00.0000000209856747535042131858
00.0000000209856747535042131858
00.0000000209856747535042131858
00.0000000209856747535042131858
00.0000000209856747535042131858
00.0000000209856747535042131858
00.0000000209856747535042131858
00.0000000209856747535042131858
00.0000000209856747535042131858
00.0000000209856747535042131858
00.0000000209856747535042131858
00.0000000209856747535042131858
00.0000000209856747535042131858
00.0000000209856747535042131858
00.0000000209856747535042131858
00.0000000209856747535042131858
00.0000000209856747535042131858
00.0000000209856747535042131858
00.0000000209856747535042131858
00.0000000209856747535042131858
00.0000000209856747535042131858
00.0000000209856747535042131858
00.0000000209856747535042131858
00.0000000209856747535042131858
00.0000000209856747535042131858
00.0000000209856747535042131858
00.0000000209856747535042131858
00.0000000209856747535042131858
00.0000000209856747535042131858
00.0000000209856747535042131858
00.0000000209856747535042131858
00.0000000209856747535042131858
00.0000000209856747535042131858
00.0000000209856747535042131858
00.0000000209856747535042131858
00.0000000209856747535042131858
00.0000000209856747535042131858
00.0000000209856747535042131858
00.0000000209856747535042131858
00.0000000209856747535042131858
00.0000000209856747535042131858
00.0000000209856747535042131858
00.0000000209856747535042131858
00.0000000209856747535042131858
00.0000000209856747535042131858
00.0000000209856747535042131858
00.0000000209856747535042131858
00.0000000209856747535042131858
00.0000000209856747535042131858
00.0000000209856747535042131858
00.0000000209856747535042131858
00.0000000209856747535042131858
00.0000000209856747535042131858
00.0000000209856747535042131858
00.0000000209856747535042131858
00.0000000209856747535042131858
00.0000000209856747535042131858
00.0000000209856747535042131858
00.0000000209856747535042131858
00.0000000209856747535042131858
00.0000000209856747535042131858
00.0000000209856747535042131858
00.0000000209856747535042131858
00.0000000209856747535042131858
00.0000000209856747535042131858
00.0000000209856747535042131858
00.0000000209856747535042131858
00.0000000209856747535042131858
00.0000000209856747535042131858
00.0000000209856747535042131858
00.0000000209856747535042131858
00.0000000209856747535042131858
00.0000000209856747535042131858
00.0000000209856747535042131858
00.0000000209856747535042131858
00.0000000209856747535042131858
00.0000000209856747535042131858
00.0000000209856747535042131858
00.0000000209856747535042131858
00.0000000209856747535042131858
00.0000000209856747535042131858
00.0000000209856747535042131858
00.0000000209856747535042131858
00.0000000209856747535042131858
00.0000000209856747535042131858
00.0000000209856747535042131858
00.0000000209856747535042131858
00.0000000209856747535042131858
00.0000000209856747535042131858
00.0000000209856747535042131858
00.0000000209856747535042131858
00.0000000209856747535042131858
00.0000000209856747535042131858
00.0000000209856747535042131858
00.0000000209856747535042131858
00.0000000209856747535042131858
00.0000000209856747535042131858
00.0000000209856747535042131858
00.0000000209856747535042131858
00.0000000209856747535042131858
00.0000000209856747535042131858
00.0000000209856747535042131858
00.0000000209856747535042131858
00.0000000209856747535042131858
00.0000000209856747535042131858
00.0000000209856747535042131858
00.0000000209856747535042131858
00.0000000209856747535042131858
00.0000000209856747535042131858
00.0000000209856747535042131858
00.0000000209856747535042131858
00.0000000209856747535042131858
00.0000000209856747535042131858
00.0000000209856747535042131858
00.0000000209856747535042131858
00.0000000209856747535042131858
00.0000000209856747535042131858
00.0000000209856747535042131858
00.0000000209856747535042131858
00.0000000209856747535042131858
00.0000000209856747535042131858
00.0000000209856747535042131858
00.0000000209856747535042131858
00.0000000209856747535042131858
00.0000000209856747535042131858
00.0000000209856747535042131858
00.0000000209856747535042131858
00.0000000209856747535042131858
00.0000000209856747535042131858
00.0000000209856747535042131858
00.0000000209856747535042131858
00.0000000209856747535042131858
00.0000000209856747535042131858
00.0000000209856747535042131858
00.0000000209856747535042131858
00.0000000209856747535042131858
00.0000000209856747535042131858
00.0000000209856747535042131858
00.0000000209856747535042131858
00.0000000209856747535042131858
00.0000000209856747535042131858
00.0000000209856747535042131858
00.0000000209856747535042131858
00.0000000209856747535042131858
00.0000000209856747535042131858
00.0000000209856747535042131858
00.0000000209856747535042131858
00.0000000209856747535042131858
00.0000000209856747535042131858
00.0000000209856747535042131858
00.0000000209856747535042131858
00.0000000209856747535042131858
00.0000000209856747535042131858
00.0000000209856747535042131858
00.0000000209856747535042131858
00.0000000209856747535042131858
00.0000000209856747535042131858
00.0000000209856747535042131858
00.0000000209856747535042131858
00.0000000209856747535042131858
00.0000000209856747535042131858
00.0000000209856747535042131858
00.0000000209856747535042131858
00.0000000209856747535042131858
00.0000000209856747535042131858
00.0000000209856747535042131858
00.0000000209856747535042131858
00.0000000209856747535042131858
00.0000000209856747535042131858
00.0000000209856747535042131858
00.0000000209856747535042131858
00.0000000209856747535042131858
00.0000000209856747535042131858
00.0000000209856747535042131858
00.0000000209856747535042131858
00.0000000209856747535042131858
00.0000000209856747535042131858
00.0000000209856747535042131858
00.0000000209856747535042131858
00.0000000209856747535042131858
00.0000000209856747535042131858
00.0000000209856747535042131858
00.0000000209856747535042131858
00.0000000209856747535042131858
00.0000000209856747535042131858
00.0000000209856747535042131858
00.0000000209856747535042131858
00.0000000209856747535042131858
00.0000000209856747535042131858
00.0000000209856747535042131858
00.0000000209856747535042131858
00.0000000209856747535042131858
00.0000000209856747535042131858
00.0000000209856747535042131858
00.0000000209856747535042131858
00.0000000209856747535042131858
00.0000000209856747535042131858
00.0000000209856747535042131858
00.0000000209856747535042131858
00.0000000209856747535042131858
00.0000000209856747535042131858
00.0000000209856747535042131858
00.0000000209856747535042131858
00.0000000209856747535042131858
00.0000000209856747535042131858
00.0000000209856747535042131858
00.0000000209856747535042131858
00.0000000209856747535042131858
00.0000000209856747535042131858
00.0000000209856747535042131858
00.0000000209856747535042131858
00.0000000209856747535042131858
00.0000000209856747535042131858
00.0000000209856747535042131858
00.0000000209856747535042131858
00.0000000209856747535042131858
00.0000000209856747535042131858
00.0000000209856747535042131858
00.0000000209856747535042131858
00.0000000209856747535042131858
00.0000000209856747535042131858
00.0000000209856747535042131858
00.0000000209856747535042131858
00.0000000209856747535042131858
00.0000000209856747535042131858
00.0000000209856747535042131858
00.0000000209856747535042131858
00.0000000209856747535042131858
00.0000000209856747535042131858
00.0000000209856747535042131858
00.0000000209856747535042131858
00.0000000209856747535042131858
00.0000000209856747535042131858
00.0000000209856747535042131858
00.0000000209856747535042131858
00.0000000209856747535042131858
00.0000000209856747535042131858
00.0000000209856747535042131858
00.0000000209856747535042131858
00.0000000209856747535042131858
00.0000000209856747535042131858
00.0000000209856747535042131858
00.0000000209856747535042131858
00.0000000209856747535042131858
00.0000000209856747535042131858
00.0000000209856747535042131858
00.0000000209856747535042131858
00.0000000209856747535042131858
00.0000000209856747535042131858
00.0000000209856747535042131858
00.0000000209856747535042131858
00.0000000209856747535042131858
00.0000000209856747535042131858
00.0000000209856747535042131858
00.0000000209856747535042131858
00.0000000209856747535042131858
00.0000000209856747535042131858
00.0000000209856747535042131858
00.0000000209856747535042131858
00.0000000209856747535042131858
00.0000000209856747535042131858
00.0000000209856747535042131858
00.0000000209856747535042131858
00.0000000209856747535042131858
00.0000000209856747535042131858
00.0000000209856747535042131858
00.0000000209856747535042131858
00.0000000209856747535042131858
00.0000000209856747535042131858
00.0000000209856747535042131858
00.0000000209856747535042131858
00.0000000209856747535042131858
00.0000000209856747535042131858
00.0000000209856747535042131858
00.0000000209856747535042131858
00.0000000209856747535042131858
00.0000000209856747535042131858
00.0000000209856747535042131858
00.0000000209856747535042131858
00.0000000209856747535042131858
00.0000000209856747535042131858
00.0000000209856747535042131858
00.0000000209856747535042131858
00.0000000209856747535042131858
00.0000000209856747535042131858
00.0000000209856747535042131858
00.0000000209856747535042131858
00.0000000209856747535042131858
00.0000000209856747535042131858
00.0000000209856747535042131858
00.0000000209856747535042131858
00.0000000209856747535042131858
00.0000000209856747535042131858
00.0000000209856747535042131858
00.0000000209856747535042131858
00.0000000209856747535042131858
00.0000000209856747535042131858
00.0000000209856747535042131858
00.0000000209856747535042131858
00.0000000209856747535042131858
00.0000000209856747535042131858
00.0000000209856747535042131858
00.0000000209856747535042131858
00.0000000209856747535042131858
00.0000000209856747535042131858
00.0000000209856747535042131858
00.0000000209856747535042131858
00.0000000209856747535042131858
00.0000000209856747535042131858
00.0000000209856747535042131858
00.0000000209856747535042131858
00.0000000209856747535042131858
00.0000000209856747535042131858
00.0000000209856747535042131858
00.0000000209856747535042131858
00.0000000209856747535042131858
00.0000000209856747535042131858
00.0000000209856747535042131858
00.0000000209856747535042131858
00.0000000209856747535042131858
00.0000000209856747535042131858
00.0000000209856747535042131858
00.0000000209856747535042131858
00.0000000209856747535042131858
00.0000000209856747535042131858
00.0000000209856747535042131858
00.0000000209856747535042131858
00.0000000209856747535042131858
00.0000000209856747535042131858
00.0000000209856747535042131858
00.0000000209856747535042131858
00.0000000209856747535042131858
00.0000000209856747535042131858
00.0000000209856747535042131858
00.0000000209856747535042131858
00.0000000209856747535042131858
00.0000000209856747535042131858
00.0000000209856747535042131858
00.0000000209856747535042131858
00.0000000209856747535042131858
00.0000000209856747535042131858
00.0000000209856747535042131858
00.0000000209856747535042131858
00.0000000209856747535042131858
00.0000000209856747535042131858
00.0000000209856747535042131858
00.0000000209856747535042131858
00.0000000209856747535042131858
00.0000000209856747535042131858
00.0000000209856747535042131858
00.0000000209856747535042131858
00.0000000209856747535042131858
00.0000000209856747535042131858
00.0000000209856747535042131858
00.0000000209856747535042131858
00.0000000209856747535042131858
00.0000000209856747535042131858
00.0000000209856747535042131858
00.0000000209856747535042131858
00.0000000209856747535042131858
00.0000000209856747535042131858
00.0000000209856747535042131858
00.0000000209856747535042131858
00.0000000209856747535042131858
00.0000000209856747535042131858
00.0000000209856747535042131858
00.0000000209856747535042131858
00.0000000209856747535042131858
00.0000000209856747535042131858
00.0000000209856747535042131858
00.0000000209856747535042131858
00.0000000209856747535042131858
00.0000000209856747535042131858
00.0000000209856747535042131858
00.0000000209856747535042131858
00.0000000209856747535042131858
00.0000000209856747535042131858
00.0000000209856747535042131858
00.0000000209856747535042131858
00.0000000209856747535042131858
00.0000000209856747535042131858
00.0000000209856747535042131858
00.0000000209856747535042131858
00.0000000209856747535042131858
00.0000000209856747535042131858
00.0000000209856747535042131858
00.0000000209856747535042131858
00.0000000209856747535042131858
00.0000000209856747535042131858
00.0000000209856747535042131858
00.0000000209856747535042131858
00.0000000209856747535042131858
00.0000000209856747535042131858
00.0000000209856747535042131858
00.0000000209856747535042131858
00.0000000209856747535042131858
00.0000000209856747535042131858
00.0000000209856747535042131858
00.0000000209856747535042131858
00.0000000209856747535042131858
00.0000000209856747535042131858
00.0000000209856747535042131858
00.0000000209856747535042131858
00.0000000209856747535042131858
00.0000000209856747535042131858
00.0000000209856747535042131858
00.0000000209856747535042131858
00.0000000209856747535042131858
00.0000000209856747535042131858
00.0000000209856747535042131858
00.0000000209856747535042131858
00.0000000209856747535042131858
00.0000000209856747535042131858
00.0000000209856747535042131858
00.0000000209856747535042131858
00.0000000209856747535042131858
00.0000000209856747535042131858
00.0000000209856747535042131858
00.0000000209856747535042131858
00.0000000209856747535042131858
00.0000000209856747535042131858
00.0000000209856747535042131858
00.0000000209856747535042131858
00.0000000209856747535042131858
00.0000000209856747535042131858
00.0000000209856747535042131858
00.0000000209856747535042131858
00.0000000209856747535042131858
00.0000000209856747535042131858
00.0000000209856747535042131858
00.0000000209856747535042131858
00.0000000209856747535042131858
00.0000000209856747535042131858
00.0000000209856747535042131858
00.0000000209856747535042131858
00.0000000209856747535042131858
00.0000000209856747535042131858
00.0000000209856747535042131858
00.0000000209856747535042131858
00.0000000209856747535042131858
00.0000000209856747535042131858
00.0000000209856747535042131858
00.0000000209856747535042131858
00.0000000209856747535042131858
00.0000000209856747535042131858
00.0000000209856747535042131858
00.0000000209856747535042131858
00.0000000209856747535042131858
00.0000000209856747535042131858
00.0000000209856747535042131858
00.0000000209856747535042131858
00.0000000209856747535042131858
00.0000000209856747535042131858
00.0000000209856747535042131858
00.0000000209856747535042131858
00.0000000209856747535042131858
00.0000000209856747535042131858
00.0000000209856747535042131858
00.0000000209856747535042131858
00.0000000209856747535042131858
00.0000000209856747535042131858
00.0000000209856747535042131858
00.0000000209856747535042131858
00.0000000209856747535042131858
00.0000000209856747535042131858
00.0000000209856747535042131858
00.0000000209856747535042131858
00.0000000209856747535042131858
00.0000000209856747535042131858
00.0000000209856747535042131858
00.0000000209856747535042131858
00.0000000209856747535042131858
00.0000000209856747535042131858
00.0000000209856747535042131858
00.0000000209856747535042131858
00.0000000209856747535042131858
00.0000000209856747535042131858
00.0000000209856747535042131858
00.0000000209856747535042131858
00.0000000209856747535042131858
00.0000000209856747535042131858
00.0000000209856747535042131858
00.0000000209856747535042131858
00.0000000209856747535042131858
00.0000000209856747535042131858
00.0000000209856747535042131858
00.0000000209856747535042131858
00.0000000209856747535042131858
00.0000000209856747535042131858
00.0000000209856747535042131858
00.0000000209856747535042131858
00.0000000209856747535042131858
00.0000000209856747535042131858
00.0000000209856747535042131858
00.0000000209856747535042131858
00.0000000209856747535042131858
00.0000000209856747535042131858
00.0000000209856747535042131858
00.0000000209856747535042131858
00.0000000209856747535042131858
00.0000000209856747535042131858
00.0000000209856747535042131858
00.0000000209856747535042131858
00.0000000209856747535042131858
00.0000000209856747535042131858
00.0000000209856747535042131858
00.0000000209856747535042131858
00.0000000209856747535042131858
00.0000000209856747535042131858
00.0000000209856747535042131858
00.0000000209856747535042131858
00.0000000209856747535042131858
00.0000000209856747535042131858
00.0000000209856747535042131858
00.0000000209856747535042131858
00.0000000209856747535042131858
00.0000000209856747535042131858
00.0000000209856747535042131858
00.0000000209856747535042131858
00.0000000209856747535042131858
00.0000000209856747535042131858
00.0000000209856747535042131858
00.0000000209856747535042131858
00.0000000209856747535042131858
00.0000000209856747535042131858
00.0000000209856747535042131858
00.0000000209856747535042131858
00.0000000209856747535042131858
00.0000000209856747535042131858
00.0000000209856747535042131858
00.0000000209856747535042131858
00.0000000209856747535042131858
00.0000000209856747535042131858
00.0000000209856747535042131858
00.0000000209856747535042131858
00.0000000209856747535042131858
00.0000000209856747535042131858
00.0000000209856747535042131858
00.0000000209856747535042131858
00.0000000209856747535042131858
00.0000000209856747535042131858
00.0000000209856747535042131858
00.0000000209856747535042131858
00.0000000209856747535042131858
00.0000000209856747535042131858
00.0000000209856747535042131858
00.0000000209856747535042131858
00.0000000209856747535042131858
00.0000000209856747535042131858
00.0000000209856747535042131858
00.0000000209856747535042131858
00.0000000209856747535042131858
00.0000000209856747535042131858
00.0000000209856747535042131858
00.0000000209856747535042131858
00.0000000209856747535042131858
00.0000000209856747535042131858
00.0000000209856747535042131858
00.0000000209856747535042131858
00.0000000209856747535042131858
00.0000000209856747535042131858
00.0000000209856747535042131858
00.0000000209856747535042131858
00.0000000209856747535042131858
00.0000000209856747535042131858
00.0000000209856747535042131858
00.0000000209856747535042131858
00.0000000209856747535042131858
00.0000000209856747535042131858
00.0000000209856747535042131858
00.0000000209856747535042131858
00.0000000209856747535042131858
00.0000000209856747535042131858
00.0000000209856747535042131858
00.0000000209856747535042131858
00.0000000209856747535042131858
00.0000000209856747535042131858
00.0000000209856747535042131858
00.0000000209856747535042131858
00.0000000209856747535042131858
00.0000000209856747535042131858
00.0000000209856747535042131858
00.0000000209856747535042131858
00.0000000209856747535042131858
00.0000000209856747535042131858
00.0000000209856747535042131858
00.0000000209856747535042131858
00.0000000209856747535042131858
00.0000000209856747535042131858
00.0000000209856747535042131858
00.0000000209856747535042131858
00.0000000209856747535042131858
00.0000000209856747535042131858
00.0000000209856747535042131858
00.0000000209856747535042131858
00.0000000209856747535042131858
00.0000000209856747535042131858
00.0000000209856747535042131858
00.0000000209856747535042131858
00.0000000209856747535042131858
00.0000000209856747535042131858
00.0000000209856747535042131858
00.0000000209856747535042131858
00.0000000209856747535042131858
00.0000000209856747535042131858
00.0000000209856747535042131858
00.0000000209856747535042131858
00.0000000209856747535042131858
00.0000000209856747535042131858
00.0000000209856747535042131858
00.0000000209856747535042131858
00.0000000209856747535042131858
00.0000000209856747535042131858
00.0000000209856747535042131858
00.0000000209856747535042131858
00.0000000209856747535042131858
00.0000000209856747535042131858
00.0000000209856747535042131858
00.0000000209856747535042131858
00.0000000209856747535042131858
00.0000000209856747535042131858
00.0000000209856747535042131858
00.0000000209856747535042131858
00.0000000209856747535042131858
00.0000000209856747535042131858
00.0000000209856747535042131858
00.0000000209856747535042131858
00.0000000209856747535042131858
00.0000000209856747535042131858
00.0000000209856747535042131858
00.0000000209856747535042131858
00.0000000209856747535042131858
00.0000000209856747535042131858
00.0000000209856747535042131858
00.0000000209856747535042131858
00.0000000209856747535042131858
00.0000000209856747535042131858
00.0000000209856747535042131858
00.0000000209856747535042131858
00.0000000209856747535042131858
00.0000000209856747535042131858
00.0000000209856747535042131858
00.0000000209856747535042131858
00.0000000209856747535042131858
00.0000000209856747535042131858
00.0000000209856747535042131858
00.0000000209856747535042131858
00.0000000209856747535042131858
00.0000000209856747535042131858
00.0000000209856747535042131858
00.0000000209856747535042131858
00.0000000209856747535042131858
00.0000000209856747535042131858
00.0000000209856747535042131858
00.0000000209856747535042131858
00.0000000209856747535042131858
00.0000000209856747535042131858
00.0000000209856747535042131858
00.0000000209856747535042131858
00.0000000209856747535042131858
00.0000000209856747535042131858
00.0000000209856747535042131858
00.0000000209856747535042131858
00.0000000209856747535042131858
00.0000000209856747535042131858
00.0000000209856747535042131858
00.0000000209856747535042131858
00.0000000209856747535042131858
00.0000000209856747535042131858
00.0000000209856747535042131858
00.0000000209856747535042131858
00.0000000209856747535042131858
00.0000000209856747535042131858
00.0000000182713033591852536119
00.0000000182713033591852536119
00.0000000182713033591852536119
00.0000000182713033591852536119
00.0000000182713033591852536119
00.0000000182713033591852536119
00.0000000182713033591852536119
00.0000000182713033591852536119
00.0000000182713033591852536119
00.0000000182713033591852536119
00.0000000182713033591852536119
00.0000000182713033591852536119
00.0000000182713033591852536119
00.0000000182713033591852536119
00.0000000182713033591852536119
00.0000000182713033591852536119
00.0000000182713033591852536119
00.0000000182713033591852536119
00.0000000182713033591852536119
00.0000000182713033591852536119
00.0000000182713033591852536119
00.0000000182713033591852536119
00.0000000182713033591852536119
00.0000000182713033591852536119
00.0000000182713033591852536119
00.0000000182713033591852536119
00.0000000182713033591852536119
00.0000000182713033591852536119
00.0000000182713033591852536119
00.0000000182713033591852536119
00.0000000182713033591852536119
00.0000000182713033591852536119
00.0000000182713033591852536119
00.0000000182713033591852536119
00.0000000182713033591852536119
00.0000000182713033591852536119
00.0000000182713033591852536119
00.0000000182713033591852536119
00.0000000182713033591852536119
00.0000000182713033591852536119
00.0000000182713033591852536119
00.0000000182713033591852536119
00.0000000182713033591852536119
00.0000000182713033591852536119
00.0000000182713033591852536119
00.0000000182713033591852536119
00.0000000182713033591852536119
00.0000000182713033591852536119
00.0000000182713033591852536119
00.0000000182713033591852536119
00.0000000182713033591852536119
00.0000000182713033591852536119
00.0000000182713033591852536119
00.0000000182713033591852536119
00.0000000182713033591852536119
00.0000000182713033591852536119
00.0000000182713033591852536119
00.0000000182713033591852536119
00.0000000182713033591852536119
00.0000000182713033591852536119
00.0000000182713033591852536119
00.0000000182713033591852536119
00.0000000182713033591852536119
00.0000000182713033591852536119
00.0000000182713033591852536119
00.0000000182713033591852536119
00.0000000182713033591852536119
00.0000000182713033591852536119
00.0000000182713033591852536119
00.0000000182713033591852536119
00.0000000182713033591852536119
00.0000000182713033591852536119
00.0000000182713033591852536119
00.0000000182713033591852536119
00.0000000182713033591852536119
00.0000000182713033591852536119
00.0000000182713033591852536119
00.0000000182713033591852536119
00.0000000182713033591852536119
00.0000000182713033591852536119
00.0000000182713033591852536119
00.0000000182713033591852536119
00.0000000182713033591852536119
00.0000000182713033591852536119
00.0000000182713033591852536119
00.0000000182713033591852536119
00.0000000182713033591852536119
00.0000000182713033591852536119
00.0000000182713033591852536119
00.0000000182713033591852536119
00.0000000182713033591852536119
00.0000000182713033591852536119
00.0000000182713033591852536119
00.0000000182713033591852536119
00.0000000182713033591852536119
00.0000000182713033591852536119
00.0000000182713033591852536119
00.0000000182713033591852536119
00.0000000182713033591852536119
00.0000000182713033591852536119
00.0000000182713033591852536119
00.0000000182713033591852536119
00.0000000182713033591852536119
00.0000000182713033591852536119
00.0000000182713033591852536119
00.0000000182713033591852536119
00.0000000182713033591852536119
00.0000000182713033591852536119
00.0000000182713033591852536119
00.0000000182713033591852536119
00.0000000182713033591852536119
00.0000000182713033591852536119
00.0000000182713033591852536119
00.0000000182713033591852536119
00.0000000182713033591852536119
00.0000000182713033591852536119
00.0000000182713033591852536119
00.0000000182713033591852536119
00.0000000182713033591852536119
00.0000000182713033591852536119
00.0000000182713033591852536119
00.0000000182713033591852536119
00.0000000182713033591852536119
00.0000000182713033591852536119
00.0000000182713033591852536119
00.0000000182713033591852536119
00.0000000182713033591852536119
00.0000000182713033591852536119
00.0000000182713033591852536119
00.0000000182713033591852536119
00.0000000182713033591852536119
00.0000000182713033591852536119
00.0000000182713033591852536119
00.0000000182713033591852536119
00.0000000182713033591852536119
00.0000000182713033591852536119
00.0000000182713033591852536119
00.0000000182713033591852536119
00.0000000182713033591852536119
00.0000000182713033591852536119
00.0000000182713033591852536119
00.0000000182713033591852536119
00.0000000182713033591852536119
00.0000000182713033591852536119
00.0000000182713033591852536119
00.0000000182713033591852536119
00.0000000182713033591852536119
00.0000000182713033591852536119
00.0000000182713033591852536119
00.0000000182713033591852536119
00.0000000182713033591852536119
00.0000000182713033591852536119
00.0000000182713033591852536119
00.0000000182713033591852536119
00.0000000182713033591852536119
00.0000000182713033591852536119
00.0000000182713033591852536119
00.0000000182713033591852536119
00.0000000182713033591852536119
00.0000000182713033591852536119
00.0000000182713033591852536119
00.0000000182713033591852536119
00.0000000182713033591852536119
00.0000000182713033591852536119
00.0000000182713033591852536119
00.0000000182713033591852536119
00.0000000182713033591852536119
00.0000000182713033591852536119
00.0000000182713033591852536119
00.0000000182713033591852536119
00.0000000182713033591852536119
00.0000000182713033591852536119
00.0000000182713033591852536119
00.0000000182713033591852536119
00.0000000182713033591852536119
00.0000000182713033591852536119
00.0000000182713033591852536119
00.0000000182713033591852536119
00.0000000182713033591852536119
00.0000000182713033591852536119
00.0000000182713033591852536119
00.0000000182713033591852536119
00.0000000182713033591852536119
00.0000000182713033591852536119
00.0000000182713033591852536119
00.0000000182713033591852536119
00.0000000182713033591852536119
00.0000000182713033591852536119
00.0000000182713033591852536119
00.0000000182713033591852536119
00.0000000182713033591852536119
00.0000000182713033591852536119
00.0000000182713033591852536119
00.0000000182713033591852536119
00.0000000182713033591852536119
00.0000000182713033591852536119
00.0000000182713033591852536119
00.0000000182713033591852536119
00.0000000182713033591852536119
00.0000000182713033591852536119
00.0000000182713033591852536119
00.0000000182713033591852536119
00.0000000182713033591852536119
00.0000000182713033591852536119
00.0000000182713033591852536119
00.0000000182713033591852536119
00.0000000182713033591852536119
00.0000000182713033591852536119
00.0000000182713033591852536119
00.0000000182713033591852536119
00.0000000182713033591852536119
00.0000000182713033591852536119
00.0000000182713033591852536119
00.0000000182713033591852536119
00.0000000182713033591852536119
00.0000000182713033591852536119
00.0000000182713033591852536119
00.0000000182713033591852536119
00.0000000182713033591852536119
00.0000000182713033591852536119
00.0000000182713033591852536119
00.0000000182713033591852536119
00.0000000182713033591852536119
00.0000000182713033591852536119
00.0000000182713033591852536119
00.0000000182713033591852536119
00.0000000182713033591852536119
00.0000000182713033591852536119
00.0000000182713033591852536119
00.0000000182713033591852536119
00.0000000182713033591852536119
00.0000000182713033591852536119
00.0000000182713033591852536119
00.0000000182713033591852536119
00.0000000182713033591852536119
00.0000000182713033591852536119
00.0000000182713033591852536119
00.0000000182713033591852536119
00.0000000182713033591852536119
00.0000000182713033591852536119
00.0000000182713033591852536119
00.0000000182713033591852536119
00.0000000182713033591852536119
00.0000000182713033591852536119
00.0000000182713033591852536119
00.0000000182713033591852536119
00.0000000182713033591852536119
00.0000000182713033591852536119
00.0000000182713033591852536119
00.0000000182713033591852536119
00.0000000182713033591852536119
00.0000000182713033591852536119
00.0000000182713033591852536119
00.0000000182713033591852536119
00.0000000182713033591852536119
00.0000000182713033591852536119
00.0000000182713033591852536119
00.0000000182713033591852536119
00.0000000182713033591852536119
00.0000000182713033591852536119
00.0000000182713033591852536119
00.0000000182713033591852536119
00.0000000182713033591852536119
00.0000000182713033591852536119
00.0000000182713033591852536119
00.0000000182713033591852536119
00.0000000182713033591852536119
00.0000000182713033591852536119
00.0000000182713033591852536119
00.0000000182713033591852536119
00.0000000182713033591852536119
00.0000000182713033591852536119
00.0000000182713033591852536119
00.0000000182713033591852536119
00.0000000182713033591852536119
00.0000000182713033591852536119
00.0000000182713033591852536119
00.0000000182713033591852536119
00.0000000182713033591852536119
00.0000000182713033591852536119
00.0000000182713033591852536119
00.0000000182713033591852536119
00.0000000182713033591852536119
00.0000000182713033591852536119
00.0000000182713033591852536119
00.0000000182713033591852536119
00.0000000182713033591852536119
00.0000000182713033591852536119
00.0000000182713033591852536119
00.0000000182713033591852536119
00.0000000182713033591852536119
00.0000000182713033591852536119
00.0000000182713033591852536119
00.0000000182713033591852536119
00.0000000182713033591852536119
00.0000000182713033591852536119
00.0000000182713033591852536119
00.0000000182713033591852536119
00.0000000182713033591852536119
00.0000000182713033591852536119
00.0000000182713033591852536119
00.0000000182713033591852536119
00.0000000182713033591852536119
00.0000000182713033591852536119
00.0000000182713033591852536119
00.0000000182713033591852536119
00.0000000182713033591852536119
00.0000000182713033591852536119
00.0000000182713033591852536119
00.0000000182713033591852536119
00.0000000182713033591852536119
00.0000000182713033591852536119
00.0000000182713033591852536119
00.0000000182713033591852536119
00.0000000182713033591852536119
00.0000000182713033591852536119
00.0000000182713033591852536119
00.0000000182713033591852536119
00.0000000182713033591852536119
00.0000000182713033591852536119
00.0000000182713033591852536119
00.0000000182713033591852536119
00.0000000182713033591852536119
00.0000000182713033591852536119
00.0000000182713033591852536119
00.0000000182713033591852536119
00.0000000182713033591852536119
00.0000000182713033591852536119
00.0000000182713033591852536119
00.0000000182713033591852536119
00.0000000182713033591852536119
00.0000000182713033591852536119
00.0000000182713033591852536119
00.0000000182713033591852536119
00.0000000182713033591852536119
00.0000000182713033591852536119
00.0000000182713033591852536119
00.0000000182713033591852536119
00.0000000182713033591852536119
00.0000000182713033591852536119
00.0000000182713033591852536119
00.0000000182713033591852536119
00.0000000182713033591852536119
00.0000000182713033591852536119
00.0000000182713033591852536119
00.0000000182713033591852536119
00.0000000182713033591852536119
00.0000000182713033591852536119
00.0000000182713033591852536119
00.0000000182713033591852536119
00.0000000182713033591852536119
00.0000000182713033591852536119
00.0000000182713033591852536119
00.0000000182713033591852536119
00.0000000182713033591852536119
00.0000000182713033591852536119
00.0000000182713033591852536119
00.0000000182713033591852536119
00.0000000182713033591852536119
00.0000000182713033591852536119
00.0000000182713033591852536119
00.0000000182713033591852536119
00.0000000182713033591852536119
00.0000000182713033591852536119
00.0000000182713033591852536119
00.0000000182713033591852536119
00.0000000182713033591852536119
00.0000000182713033591852536119
00.0000000182713033591852536119
00.0000000182713033591852536119
00.0000000182713033591852536119
00.0000000182713033591852536119
00.0000000182713033591852536119
00.0000000182713033591852536119
00.0000000182713033591852536119
00.0000000182713033591852536119
00.0000000182713033591852536119
00.0000000182713033591852536119
00.0000000182713033591852536119
00.0000000182713033591852536119
00.0000000182713033591852536119
00.0000000182713033591852536119
00.0000000182713033591852536119
00.0000000182713033591852536119
00.0000000182713033591852536119
00.0000000182713033591852536119
00.0000000182713033591852536119
00.0000000182713033591852536119
00.0000000182713033591852536119
00.0000000182713033591852536119
00.0000000182713033591852536119
00.0000000182713033591852536119
00.0000000182713033591852536119
00.0000000182713033591852536119
00.0000000182713033591852536119
00.0000000182713033591852536119
00.0000000182713033591852536119
00.0000000182713033591852536119
00.0000000182713033591852536119
00.0000000182713033591852536119
00.0000000182713033591852536119
00.0000000182713033591852536119
00.0000000182713033591852536119
00.0000000182713033591852536119
00.0000000182713033591852536119
00.0000000182713033591852536119
00.0000000182713033591852536119
00.0000000182713033591852536119
00.0000000182713033591852536119
00.0000000182713033591852536119
00.0000000182713033591852536119
00.0000000182713033591852536119
00.0000000182713033591852536119
00.0000000182713033591852536119
00.0000000182713033591852536119
00.0000000182713033591852536119
00.0000000182713033591852536119
00.0000000182713033591852536119
00.0000000182713033591852536119
00.0000000182713033591852536119
00.0000000182713033591852536119
00.0000000182713033591852536119
00.0000000182713033591852536119
00.0000000182713033591852536119
00.0000000182713033591852536119
00.0000000182713033591852536119
00.0000000182713033591852536119
00.0000000182713033591852536119
00.0000000182713033591852536119
00.0000000182713033591852536119
00.0000000182713033591852536119
00.0000000182713033591852536119
00.0000000182713033591852536119
00.0000000182713033591852536119
00.0000000182713033591852536119
00.0000000182713033591852536119
00.0000000182713033591852536119
00.0000000182713033591852536119
00.0000000182713033591852536119
00.0000000182713033591852536119
00.0000000182713033591852536119
00.0000000182713033591852536119
00.0000000182713033591852536119
00.0000000182713033591852536119
00.0000000182713033591852536119
00.0000000182713033591852536119
00.0000000182713033591852536119
00.0000000182713033591852536119
00.0000000182713033591852536119
00.0000000182713033591852536119
00.0000000182713033591852536119
00.0000000182713033591852536119
00.0000000182713033591852536119
00.0000000182713033591852536119
00.0000000182713033591852536119
00.0000000182713033591852536119
00.0000000182713033591852536119
00.0000000182713033591852536119
00.0000000182713033591852536119
00.0000000182713033591852536119
00.0000000182713033591852536119
00.0000000182713033591852536119
00.0000000182713033591852536119
00.0000000182713033591852536119
00.0000000182713033591852536119
00.0000000182713033591852536119
00.0000000182713033591852536119
00.0000000182713033591852536119
00.0000000182713033591852536119
00.0000000182713033591852536119
00.0000000182713033591852536119
00.0000000182713033591852536119
00.0000000182713033591852536119
00.0000000182713033591852536119
00.0000000182713033591852536119
00.0000000182713033591852536119
00.0000000182713033591852536119
00.0000000182713033591852536119
00.0000000182713033591852536119
00.0000000182713033591852536119
00.0000000182713033591852536119
00.0000000182713033591852536119
00.0000000182713033591852536119
00.0000000182713033591852536119
00.0000000182713033591852536119
00.0000000182713033591852536119
00.0000000182713033591852536119
00.0000000182713033591852536119
00.0000000182713033591852536119
00.0000000182713033591852536119
00.0000000182713033591852536119
00.0000000182713033591852536119
00.0000000182713033591852536119
00.0000000182713033591852536119
00.0000000182713033591852536119
00.0000000182713033591852536119
00.0000000182713033591852536119
00.0000000182713033591852536119
00.0000000182713033591852536119
00.0000000182713033591852536119
00.0000000182713033591852536119
00.0000000182713033591852536119
00.0000000182713033591852536119
00.0000000182713033591852536119
00.0000000182713033591852536119
00.0000000182713033591852536119
00.0000000182713033591852536119
00.0000000182713033591852536119
00.0000000182713033591852536119
00.0000000182713033591852536119
00.0000000182713033591852536119
00.0000000182713033591852536119
00.0000000182713033591852536119
00.0000000182713033591852536119
00.0000000182713033591852536119
00.0000000182713033591852536119
00.0000000182713033591852536119
00.0000000182713033591852536119
00.0000000182713033591852536119
00.0000000182713033591852536119
00.0000000182713033591852536119
00.0000000182713033591852536119
00.0000000182713033591852536119
00.0000000182713033591852536119
00.0000000182713033591852536119
00.0000000182713033591852536119
00.0000000182713033591852536119
00.0000000182713033591852536119
00.0000000182713033591852536119
00.0000000182713033591852536119
00.0000000182713033591852536119
00.0000000182713033591852536119
00.0000000182713033591852536119
00.0000000182713033591852536119
00.0000000182713033591852536119
00.0000000182713033591852536119
00.0000000182713033591852536119
00.0000000182713033591852536119
00.0000000182713033591852536119
00.0000000182713033591852536119
00.0000000182713033591852536119
00.0000000182713033591852536119
00.0000000182713033591852536119
00.0000000182713033591852536119
00.0000000182713033591852536119
00.0000000182713033591852536119
00.0000000182713033591852536119
00.0000000182713033591852536119
00.0000000182713033591852536119
00.0000000182713033591852536119
00.0000000182713033591852536119
00.0000000182713033591852536119
00.0000000182713033591852536119
00.0000000182713033591852536119
00.0000000182713033591852536119
00.0000000182713033591852536119
00.0000000182713033591852536119
00.0000000182713033591852536119
00.0000000182713033591852536119
00.0000000182713033591852536119
00.0000000182713033591852536119
00.0000000182713033591852536119
00.0000000182713033591852536119
00.0000000182713033591852536119
00.0000000182713033591852536119
00.0000000182713033591852536119
00.0000000182713033591852536119
00.0000000182713033591852536119
00.0000000182713033591852536119
00.0000000182713033591852536119
00.0000000182713033591852536119
00.0000000182713033591852536119
00.0000000182713033591852536119
00.0000000182713033591852536119
00.0000000182713033591852536119
00.0000000182713033591852536119
00.0000000182713033591852536119
00.0000000182713033591852536119
00.0000000182713033591852536119
00.0000000182713033591852536119
00.0000000182713033591852536119
00.0000000182713033591852536119
00.0000000182713033591852536119
00.0000000182713033591852536119
00.0000000182713033591852536119
00.0000000182713033591852536119
00.0000000182713033591852536119
00.0000000182713033591852536119
00.0000000182713033591852536119
00.0000000182713033591852536119
00.0000000182713033591852536119
00.0000000182713033591852536119
00.0000000182713033591852536119
00.0000000182713033591852536119
00.0000000182713033591852536119
00.0000000182713033591852536119
00.0000000182713033591852536119
00.0000000182713033591852536119
00.0000000182713033591852536119
00.0000000182713033591852536119
00.0000000182713033591852536119
00.0000000182713033591852536119
00.0000000182713033591852536119
00.0000000182713033591852536119
00.0000000182713033591852536119
00.0000000182713033591852536119
00.0000000182713033591852536119
00.0000000182713033591852536119
00.0000000182713033591852536119
00.0000000182713033591852536119
00.0000000182713033591852536119
00.0000000182713033591852536119
00.0000000182713033591852536119
00.0000000182713033591852536119
00.0000000182713033591852536119
00.0000000182713033591852536119
00.0000000182713033591852536119
00.0000000182713033591852536119
00.0000000182713033591852536119
00.0000000182713033591852536119
00.0000000182713033591852536119
00.0000000182713033591852536119
00.0000000182713033591852536119
00.0000000182713033591852536119
00.0000000182713033591852536119
00.0000000182713033591852536119
00.0000000182713033591852536119
00.0000000182713033591852536119
00.0000000182713033591852536119
00.0000000182713033591852536119
00.0000000182713033591852536119
00.0000000182713033591852536119
00.0000000182713033591852536119
00.0000000182713033591852536119
00.0000000182713033591852536119
00.0000000182713033591852536119
00.0000000182713033591852536119
00.0000000182713033591852536119
00.0000000182713033591852536119
00.0000000182713033591852536119
00.0000000182713033591852536119
00.0000000182713033591852536119
00.0000000182713033591852536119
00.0000000182713033591852536119
00.0000000182713033591852536119
00.0000000182713033591852536119
00.0000000182713033591852536119
00.0000000182713033591852536119
00.0000000182713033591852536119
00.0000000182713033591852536119
00.0000000182713033591852536119
00.0000000182713033591852536119
00.0000000182713033591852536119
00.0000000182713033591852536119
00.0000000182713033591852536119
00.0000000182713033591852536119
00.0000000182713033591852536119
00.0000000182713033591852536119
00.0000000182713033591852536119
00.0000000182713033591852536119
00.0000000182713033591852536119
00.0000000182713033591852536119
00.0000000182713033591852536119
00.0000000182713033591852536119
00.0000000182713033591852536119
00.0000000182713033591852536119
00.0000000182713033591852536119
00.0000000182713033591852536119
00.0000000182713033591852536119
00.0000000182713033591852536119
00.0000000182713033591852536119
00.0000000182713033591852536119
00.0000000182713033591852536119
00.0000000182713033591852536119
00.0000000182713033591852536119
00.0000000182713033591852536119
00.0000000182713033591852536119
00.0000000182713033591852536119
00.0000000182713033591852536119
00.0000000182713033591852536119
00.0000000182713033591852536119
00.0000000182713033591852536119
00.0000000182713033591852536119
00.0000000182713033591852536119
00.0000000182713033591852536119
00.0000000182713033591852536119
00.0000000182713033591852536119
00.0000000182713033591852536119
00.0000000182713033591852536119
00.0000000182713033591852536119
00.0000000182713033591852536119
00.0000000182713033591852536119
00.0000000182713033591852536119
00.0000000182713033591852536119
00.0000000182713033591852536119
00.0000000182713033591852536119
00.0000000182713033591852536119
00.0000000182713033591852536119
00.0000000182713033591852536119
00.0000000182713033591852536119
00.0000000182713033591852536119
00.0000000182713033591852536119
00.0000000182713033591852536119
00.0000000182713033591852536119
00.0000000182713033591852536119
00.0000000182713033591852536119
00.0000000182713033591852536119
00.0000000182713033591852536119
00.0000000182713033591852536119
00.0000000182713033591852536119
00.0000000182713033591852536119
00.0000000182713033591852536119
00.0000000182713033591852536119
00.0000000182713033591852536119
00.0000000182713033591852536119
00.0000000182713033591852536119
00.0000000182713033591852536119
00.0000000182713033591852536119
00.0000000182713033591852536119
00.0000000182713033591852536119
00.0000000182713033591852536119
00.0000000182713033591852536119
00.0000000182713033591852536119
00.0000000182713033591852536119
00.0000000182713033591852536119
00.0000000182713033591852536119
00.0000000182713033591852536119
00.0000000182713033591852536119
00.0000000182713033591852536119
00.0000000182713033591852536119
00.0000000182713033591852536119
00.0000000182713033591852536119
00.0000000182713033591852536119
00.0000000182713033591852536119
00.0000000182713033591852536119
00.0000000182713033591852536119
00.0000000182713033591852536119
00.0000000182713033591852536119
00.0000000182713033591852536119
00.0000000182713033591852536119
00.0000000182713033591852536119
00.0000000182713033591852536119
00.0000000182713033591852536119
00.0000000182713033591852536119
00.0000000182713033591852536119
00.0000000182713033591852536119
00.0000000182713033591852536119
00.0000000182713033591852536119
00.0000000182713033591852536119
00.0000000182713033591852536119
00.0000000182713033591852536119
00.0000000182713033591852536119
00.0000000182713033591852536119
00.0000000182713033591852536119
00.0000000182713033591852536119
00.0000000182713033591852536119
00.0000000182713033591852536119
00.0000000182713033591852536119
00.0000000182713033591852536119
00.0000000182713033591852536119
00.0000000182713033591852536119
00.0000000182713033591852536119
00.0000000182713033591852536119
00.0000000182713033591852536119
00.0000000182713033591852536119
00.0000000182713033591852536119
00.0000000182713033591852536119
00.0000000182713033591852536119
00.0000000182713033591852536119
00.0000000182713033591852536119
00.0000000182713033591852536119
00.0000000182713033591852536119
00.0000000182713033591852536119
00.0000000182713033591852536119
00.0000000182713033591852536119
00.0000000182713033591852536119
00.0000000182713033591852536119
00.0000000182713033591852536119
00.0000000182713033591852536119
00.0000000182713033591852536119
00.0000000182713033591852536119
00.0000000182713033591852536119
00.0000000182713033591852536119
00.0000000182713033591852536119
00.0000000182713033591852536119
00.0000000182713033591852536119
00.0000000182713033591852536119
00.0000000182713033591852536119
00.0000000182713033591852536119
00.0000000182713033591852536119
00.0000000182713033591852536119
00.0000000182713033591852536119
00.0000000182713033591852536119
00.0000000182713033591852536119
00.0000000182713033591852536119
00.0000000182713033591852536119
00.0000000182713033591852536119
00.0000000182713033591852536119
00.0000000182713033591852536119
00.0000000182713033591852536119
00.0000000182713033591852536119
00.0000000182713033591852536119
00.0000000182713033591852536119
00.0000000182713033591852536119
00.0000000182713033591852536119
00.0000000182713033591852536119
00.0000000182713033591852536119
00.0000000182713033591852536119
00.0000000182713033591852536119
00.0000000182713033591852536119
00.0000000182713033591852536119
00.0000000182713033591852536119
00.0000000182713033591852536119
00.0000000182713033591852536119
00.0000000182713033591852536119
00.0000000182713033591852536119
00.0000000182713033591852536119
00.0000000182713033591852536119
00.0000000182713033591852536119
00.0000000182713033591852536119
00.0000000182713033591852536119
00.0000000182713033591852536119
00.0000000182713033591852536119
00.0000000182713033591852536119
00.0000000182713033591852536119
00.0000000182713033591852536119
00.0000000182713033591852536119
00.0000000182713033591852536119
00.0000000182713033591852536119
00.0000000182713033591852536119
00.0000000182713033591852536119
00.0000000182713033591852536119
00.0000000182713033591852536119
00.0000000182713033591852536119
00.0000000182713033591852536119
00.0000000182713033591852536119
00.0000000182713033591852536119
00.0000000182713033591852536119
00.0000000182713033591852536119
00.0000000182713033591852536119
00.0000000182713033591852536119
00.0000000182713033591852536119
00.0000000182713033591852536119
00.0000000182713033591852536119
00.0000000182713033591852536119
00.0000000182713033591852536119
00.0000000182713033591852536119
00.0000000182713033591852536119
00.0000000182713033591852536119
00.0000000182713033591852536119
00.0000000182713033591852536119
00.0000000182713033591852536119
00.0000000182713033591852536119
00.0000000182713033591852536119
00.0000000182713033591852536119
00.0000000182713033591852536119
00.0000000182713033591852536119
00.0000000182713033591852536119
00.0000000182713033591852536119
00.0000000182713033591852536119
00.0000000182713033591852536119
00.0000000182713033591852536119
00.0000000182713033591852536119
00.0000000182713033591852536119
00.0000000182713033591852536119
00.0000000182713033591852536119
00.0000000182713033591852536119
00.0000000182713033591852536119
00.0000000182713033591852536119
00.0000000182713033591852536119
00.0000000182713033591852536119
00.0000000182713033591852536119
00.0000000182713033591852536119
00.0000000182713033591852536119
00.0000000182713033591852536119
00.0000000182713033591852536119
00.0000000182713033591852536119
00.0000000182713033591852536119
00.0000000182713033591852536119
00.0000000182713033591852536119
00.0000000182713033591852536119
00.0000000182713033591852536119
00.0000000182713033591852536119
00.0000000182713033591852536119
00.0000000182713033591852536119
00.0000000182713033591852536119
00.0000000182713033591852536119
00.0000000182713033591852536119
00.0000000182713033591852536119
00.0000000182713033591852536119
00.0000000182713033591852536119
00.0000000182713033591852536119
00.0000000182713033591852536119
00.0000000182713033591852536119
00.0000000182713033591852536119
00.0000000182713033591852536119
00.0000000182713033591852536119
00.0000000182713033591852536119
00.0000000182713033591852536119
00.0000000182713033591852536119
00.0000000182713033591852536119
00.0000000182713033591852536119
00.0000000182713033591852536119
00.0000000182713033591852536119
00.0000000182713033591852536119
00.0000000182713033591852536119
00.0000000182713033591852536119
00.0000000182713033591852536119
00.0000000182713033591852536119
00.0000000182713033591852536119
00.0000000182713033591852536119
00.0000000182713033591852536119
00.0000000182713033591852536119
00.0000000182713033591852536119
00.0000000182713033591852536119
00.0000000182713033591852536119
00.0000000182713033591852536119
00.0000000182713033591852536119
00.0000000182713033591852536119
00.0000000182713033591852536119
00.0000000182713033591852536119
00.0000000182713033591852536119
00.0000000182713033591852536119
00.0000000182713033591852536119
00.0000000182713033591852536119
00.0000000182713033591852536119
00.0000000182713033591852536119
00.0000000182713033591852536119
00.0000000182713033591852536119
00.0000000182713033591852536119
00.0000000182713033591852536119
00.0000000182713033591852536119
00.0000000182713033591852536119
00.0000000182713033591852536119
00.0000000182713033591852536119
00.0000000182713033591852536119
00.0000000182713033591852536119
00.0000000182713033591852536119
00.0000000182713033591852536119
00.0000000182713033591852536119
00.0000000182713033591852536119
00.0000000182713033591852536119
00.0000000182713033591852536119
00.0000000182713033591852536119
00.0000000182713033591852536119
00.0000000182713033591852536119
00.0000000182713033591852536119
00.0000000182713033591852536119
00.0000000182713033591852536119
00.0000000182713033591852536119
00.0000000182713033591852536119
00.0000000182713033591852536119
00.0000000182713033591852536119
00.0000000182713033591852536119
00.0000000182713033591852536119
00.0000000182713033591852536119
00.0000000182713033591852536119
00.0000000182713033591852536119
00.0000000182713033591852536119
00.0000000182713033591852536119
00.0000000182713033591852536119
00.0000000182713033591852536119
00.0000000182713033591852536119
00.0000000182713033591852536119
00.0000000182713033591852536119
00.0000000182713033591852536119
00.0000000182713033591852536119
00.0000000182713033591852536119
00.0000000182713033591852536119
00.0000000182713033591852536119
00.0000000182713033591852536119
00.0000000182713033591852536119
00.0000000182713033591852536119
00.0000000182713033591852536119
00.0000000182713033591852536119
00.0000000182713033591852536119
00.0000000182713033591852536119
00.0000000182713033591852536119
00.0000000182713033591852536119
00.0000000182713033591852536119
00.0000000182713033591852536119
00.0000000182713033591852536119
00.0000000182713033591852536119
00.0000000182713033591852536119
00.0000000182713033591852536119
00.0000000182713033591852536119
00.0000000182713033591852536119
00.0000000182713033591852536119
00.0000000182713033591852536119
00.0000000182713033591852536119
00.0000000182713033591852536119
00.0000000182713033591852536119
00.0000000182713033591852536119
00.0000000182713033591852536119
00.0000000182713033591852536119
00.0000000182713033591852536119
00.0000000182713033591852536119
00.0000000182713033591852536119
00.0000000182713033591852536119
00.0000000182713033591852536119
00.0000000198555714092663038173
00.0000000198555714092663038173
00.0000000198555714092663038173
00.0000000198555714092663038173
00.0000000198555714092663038173
00.0000000198555714092663038173
00.0000000198555714092663038173
00.0000000198555714092663038173
00.0000000198555714092663038173
00.0000000198555714092663038173
00.0000000198555714092663038173
00.0000000198555714092663038173
00.0000000198555714092663038173
00.0000000198555714092663038173
00.0000000198555714092663038173
00.0000000198555714092663038173
00.0000000198555714092663038173
00.0000000198555714092663038173
00.0000000198555714092663038173
00.0000000198555714092663038173
00.0000000198555714092663038173
00.0000000198555714092663038173
00.0000000198555714092663038173
00.0000000198555714092663038173
00.0000000198555714092663038173
00.0000000198555714092663038173
00.0000000198555714092663038173
00.0000000198555714092663038173
00.0000000198555714092663038173
00.0000000198555714092663038173
00.0000000198555714092663038173
00.0000000198555714092663038173
00.0000000198555714092663038173
00.0000000198555714092663038173
00.0000000198555714092663038173
00.0000000198555714092663038173
00.0000000198555714092663038173
00.0000000198555714092663038173
00.0000000198555714092663038173
00.0000000198555714092663038173
00.0000000198555714092663038173
00.0000000198555714092663038173
00.0000000198555714092663038173
00.0000000198555714092663038173
00.0000000198555714092663038173
00.0000000198555714092663038173
00.0000000198555714092663038173
00.0000000198555714092663038173
00.0000000198555714092663038173
00.0000000198555714092663038173
00.0000000198555714092663038173
00.0000000198555714092663038173
00.0000000198555714092663038173
00.0000000198555714092663038173
00.0000000198555714092663038173
00.0000000198555714092663038173
00.0000000198555714092663038173
00.0000000198555714092663038173
00.0000000198555714092663038173
00.0000000198555714092663038173
00.0000000198555714092663038173
00.0000000198555714092663038173
00.0000000198555714092663038173
00.0000000198555714092663038173
00.0000000198555714092663038173
00.0000000198555714092663038173
00.0000000198555714092663038173
00.0000000198555714092663038173
00.0000000198555714092663038173
00.0000000198555714092663038173
00.0000000198555714092663038173
00.0000000198555714092663038173
00.0000000198555714092663038173
00.0000000198555714092663038173
00.0000000198555714092663038173
00.0000000198555714092663038173
00.0000000198555714092663038173
00.0000000198555714092663038173
00.0000000198555714092663038173
00.0000000198555714092663038173
00.0000000198555714092663038173
00.0000000198555714092663038173
00.0000000198555714092663038173
00.0000000198555714092663038173
00.0000000198555714092663038173
00.0000000198555714092663038173
00.0000000198555714092663038173
00.0000000198555714092663038173
00.0000000198555714092663038173
00.0000000198555714092663038173
00.0000000198555714092663038173
00.0000000198555714092663038173
00.0000000198555714092663038173
00.0000000198555714092663038173
00.0000000198555714092663038173
00.0000000198555714092663038173
00.0000000198555714092663038173
00.0000000198555714092663038173
00.0000000198555714092663038173
00.0000000198555714092663038173
00.0000000198555714092663038173
00.0000000198555714092663038173
00.0000000198555714092663038173
00.0000000198555714092663038173
00.0000000198555714092663038173
00.0000000198555714092663038173
00.0000000198555714092663038173
00.0000000198555714092663038173
00.0000000198555714092663038173
00.0000000198555714092663038173
00.0000000198555714092663038173
00.0000000198555714092663038173
00.0000000198555714092663038173
00.0000000198555714092663038173
00.0000000198555714092663038173
00.0000000198555714092663038173
00.0000000198555714092663038173
00.0000000198555714092663038173
00.0000000198555714092663038173
00.0000000198555714092663038173
00.0000000198555714092663038173
00.0000000198555714092663038173
00.0000000198555714092663038173
00.0000000198555714092663038173
00.0000000198555714092663038173
00.0000000198555714092663038173
00.0000000198555714092663038173
00.0000000198555714092663038173
00.0000000198555714092663038173
00.0000000198555714092663038173
00.0000000198555714092663038173
00.0000000198555714092663038173
00.0000000198555714092663038173
00.0000000198555714092663038173
00.0000000198555714092663038173
00.0000000198555714092663038173
00.0000000198555714092663038173
00.0000000198555714092663038173
00.0000000198555714092663038173
00.0000000198555714092663038173
00.0000000198555714092663038173
00.0000000198555714092663038173
00.0000000198555714092663038173
00.0000000198555714092663038173
00.0000000198555714092663038173
00.0000000198555714092663038173
00.0000000198555714092663038173
00.0000000198555714092663038173
00.0000000198555714092663038173
00.0000000198555714092663038173
00.0000000198555714092663038173
00.0000000198555714092663038173
00.0000000198555714092663038173
00.0000000198555714092663038173
00.0000000198555714092663038173
00.0000000198555714092663038173
00.0000000198555714092663038173
00.0000000198555714092663038173
00.0000000198555714092663038173
00.0000000198555714092663038173
00.0000000198555714092663038173
00.0000000198555714092663038173
00.0000000198555714092663038173
00.0000000198555714092663038173
00.0000000198555714092663038173
00.0000000198555714092663038173
00.0000000198555714092663038173
00.0000000198555714092663038173
00.0000000198555714092663038173
00.0000000198555714092663038173
00.0000000198555714092663038173
00.0000000198555714092663038173
00.0000000198555714092663038173
00.0000000198555714092663038173
00.0000000198555714092663038173
00.0000000198555714092663038173
00.0000000198555714092663038173
00.0000000198555714092663038173
00.0000000198555714092663038173
00.0000000198555714092663038173
00.0000000198555714092663038173
00.0000000198555714092663038173
00.0000000198555714092663038173
00.0000000198555714092663038173
00.0000000198555714092663038173
00.0000000198555714092663038173
00.0000000198555714092663038173
00.0000000198555714092663038173
00.0000000198555714092663038173
00.0000000198555714092663038173
00.0000000198555714092663038173
00.0000000198555714092663038173
00.0000000198555714092663038173
00.0000000198555714092663038173
00.0000000198555714092663038173
00.0000000198555714092663038173
00.0000000198555714092663038173
00.0000000198555714092663038173
00.0000000198555714092663038173
00.0000000198555714092663038173
00.0000000198555714092663038173
00.0000000198555714092663038173
00.0000000198555714092663038173
00.0000000198555714092663038173
00.0000000198555714092663038173
00.0000000198555714092663038173
00.0000000198555714092663038173
00.0000000198555714092663038173
00.0000000198555714092663038173
00.0000000198555714092663038173
00.0000000198555714092663038173
00.0000000198555714092663038173
00.0000000198555714092663038173
00.0000000198555714092663038173
00.0000000198555714092663038173
00.0000000198555714092663038173
00.0000000198555714092663038173
00.0000000198555714092663038173
00.0000000198555714092663038173
00.0000000198555714092663038173
00.0000000198555714092663038173
00.0000000198555714092663038173
00.0000000198555714092663038173
00.0000000198555714092663038173
00.0000000198555714092663038173
00.0000000198555714092663038173
00.0000000198555714092663038173
00.0000000198555714092663038173
00.0000000198555714092663038173
00.0000000198555714092663038173
00.0000000198555714092663038173
00.0000000198555714092663038173
00.0000000198555714092663038173
00.0000000198555714092663038173
00.0000000198555714092663038173
00.0000000198555714092663038173
00.0000000198555714092663038173
00.0000000198555714092663038173
00.0000000198555714092663038173
00.0000000198555714092663038173
00.0000000198555714092663038173
00.0000000198555714092663038173
00.0000000198555714092663038173
00.0000000198555714092663038173
00.0000000198555714092663038173
00.0000000198555714092663038173
00.0000000198555714092663038173
00.0000000198555714092663038173
00.0000000198555714092663038173
00.0000000198555714092663038173
00.0000000198555714092663038173
00.0000000198555714092663038173
00.0000000198555714092663038173
00.0000000198555714092663038173
00.0000000198555714092663038173
00.0000000198555714092663038173
00.0000000198555714092663038173
00.0000000198555714092663038173
00.0000000198555714092663038173
00.0000000198555714092663038173
00.0000000198555714092663038173
00.0000000198555714092663038173
00.0000000198555714092663038173
00.0000000198555714092663038173
00.0000000198555714092663038173
00.0000000198555714092663038173
00.0000000198555714092663038173
00.0000000198555714092663038173
00.0000000198555714092663038173
00.0000000198555714092663038173
00.0000000198555714092663038173
00.0000000198555714092663038173
00.0000000198555714092663038173
00.0000000198555714092663038173
00.0000000198555714092663038173
00.0000000198555714092663038173
00.0000000198555714092663038173
00.0000000198555714092663038173
00.0000000198555714092663038173
00.0000000198555714092663038173
00.0000000198555714092663038173
00.0000000198555714092663038173
00.0000000198555714092663038173
00.0000000198555714092663038173
00.0000000198555714092663038173
00.0000000198555714092663038173
00.0000000198555714092663038173
00.0000000198555714092663038173
00.0000000198555714092663038173
00.0000000198555714092663038173
00.0000000198555714092663038173
00.0000000198555714092663038173
00.0000000198555714092663038173
00.0000000198555714092663038173
00.0000000198555714092663038173
00.0000000198555714092663038173
00.0000000198555714092663038173
00.0000000198555714092663038173
00.0000000198555714092663038173
00.0000000198555714092663038173
00.0000000198555714092663038173
00.0000000198555714092663038173
00.0000000198555714092663038173
00.0000000198555714092663038173
00.0000000198555714092663038173
00.0000000198555714092663038173
00.0000000198555714092663038173
00.0000000198555714092663038173
00.0000000198555714092663038173
00.0000000198555714092663038173
00.0000000198555714092663038173
00.0000000198555714092663038173
00.0000000198555714092663038173
00.0000000198555714092663038173
00.0000000198555714092663038173
00.0000000198555714092663038173
00.0000000198555714092663038173
00.0000000198555714092663038173
00.0000000198555714092663038173
00.0000000198555714092663038173
00.0000000198555714092663038173
00.0000000198555714092663038173
00.0000000198555714092663038173
00.0000000198555714092663038173
00.0000000198555714092663038173
00.0000000198555714092663038173
00.0000000198555714092663038173
00.0000000198555714092663038173
00.0000000198555714092663038173
00.0000000198555714092663038173
00.0000000198555714092663038173
00.0000000198555714092663038173
00.0000000198555714092663038173
00.0000000198555714092663038173
00.0000000198555714092663038173
00.0000000198555714092663038173
00.0000000198555714092663038173
00.0000000198555714092663038173
00.0000000198555714092663038173
00.0000000198555714092663038173
00.0000000198555714092663038173
00.0000000198555714092663038173
00.0000000198555714092663038173
00.0000000198555714092663038173
00.0000000198555714092663038173
00.0000000198555714092663038173
00.0000000198555714092663038173
00.0000000198555714092663038173
00.0000000198555714092663038173
00.0000000198555714092663038173
00.0000000198555714092663038173
00.0000000198555714092663038173
00.0000000198555714092663038173
00.0000000198555714092663038173
00.0000000198555714092663038173
00.0000000198555714092663038173
00.0000000198555714092663038173
00.0000000198555714092663038173
00.0000000198555714092663038173
00.0000000198555714092663038173
00.0000000198555714092663038173
00.0000000198555714092663038173
00.0000000198555714092663038173
00.0000000198555714092663038173
00.0000000198555714092663038173
00.0000000198555714092663038173
00.0000000198555714092663038173
00.0000000198555714092663038173
00.0000000198555714092663038173
00.0000000198555714092663038173
00.0000000198555714092663038173
00.0000000198555714092663038173
00.0000000198555714092663038173
00.0000000198555714092663038173
00.0000000198555714092663038173
00.0000000198555714092663038173
00.0000000198555714092663038173
00.0000000198555714092663038173
00.0000000198555714092663038173
00.0000000198555714092663038173
00.0000000198555714092663038173
00.0000000198555714092663038173
00.0000000198555714092663038173
00.0000000198555714092663038173
00.0000000198555714092663038173
00.0000000198555714092663038173
00.0000000198555714092663038173
00.0000000198555714092663038173
00.0000000198555714092663038173
00.0000000198555714092663038173
00.0000000198555714092663038173
00.0000000198555714092663038173
00.0000000198555714092663038173
00.0000000198555714092663038173
00.0000000198555714092663038173
00.0000000198555714092663038173
00.0000000198555714092663038173
00.0000000198555714092663038173
00.0000000198555714092663038173
00.0000000198555714092663038173
00.0000000198555714092663038173
00.0000000198555714092663038173
00.0000000198555714092663038173
00.0000000198555714092663038173
00.0000000198555714092663038173
00.0000000198555714092663038173
00.0000000198555714092663038173
00.0000000198555714092663038173
00.0000000198555714092663038173
00.0000000198555714092663038173
00.0000000198555714092663038173
00.0000000198555714092663038173
00.0000000198555714092663038173
00.0000000198555714092663038173
00.0000000198555714092663038173
00.0000000198555714092663038173
00.0000000198555714092663038173
00.0000000198555714092663038173
00.0000000198555714092663038173
00.0000000198555714092663038173
00.0000000198555714092663038173
00.0000000198555714092663038173
00.0000000198555714092663038173
00.0000000198555714092663038173
00.0000000198555714092663038173
00.0000000198555714092663038173
00.0000000198555714092663038173
00.0000000198555714092663038173
00.0000000198555714092663038173
00.0000000198555714092663038173
00.0000000198555714092663038173
00.0000000198555714092663038173
00.0000000198555714092663038173
00.0000000198555714092663038173
00.0000000198555714092663038173
00.0000000198555714092663038173
00.0000000198555714092663038173
00.0000000198555714092663038173
00.0000000198555714092663038173
00.0000000198555714092663038173
00.0000000198555714092663038173
00.0000000198555714092663038173
00.0000000198555714092663038173
00.0000000198555714092663038173
00.0000000198555714092663038173
00.0000000198555714092663038173
00.0000000198555714092663038173
00.0000000198555714092663038173
00.0000000198555714092663038173
00.0000000198555714092663038173
00.0000000198555714092663038173
00.0000000198555714092663038173
00.0000000198555714092663038173
00.0000000198555714092663038173
00.0000000198555714092663038173
00.0000000198555714092663038173
00.0000000198555714092663038173
00.0000000198555714092663038173
00.0000000198555714092663038173
00.0000000198555714092663038173
00.0000000198555714092663038173
00.0000000198555714092663038173
00.0000000198555714092663038173
00.0000000198555714092663038173
00.0000000198555714092663038173
00.0000000198555714092663038173
00.0000000198555714092663038173
00.0000000198555714092663038173
00.0000000198555714092663038173
00.0000000198555714092663038173
00.0000000198555714092663038173
00.0000000198555714092663038173
00.0000000198555714092663038173
00.0000000198555714092663038173
00.0000000198555714092663038173
00.0000000198555714092663038173
00.0000000198555714092663038173
00.0000000198555714092663038173
00.0000000198555714092663038173
00.0000000198555714092663038173
00.0000000198555714092663038173
00.0000000198555714092663038173
00.0000000198555714092663038173
00.0000000198555714092663038173
00.0000000198555714092663038173
00.0000000198555714092663038173
00.0000000198555714092663038173
00.0000000198555714092663038173
00.0000000198555714092663038173
00.0000000198555714092663038173
00.0000000198555714092663038173
00.0000000198555714092663038173
00.0000000198555714092663038173
00.0000000198555714092663038173
00.0000000198555714092663038173
00.0000000198555714092663038173
00.0000000198555714092663038173
00.0000000198555714092663038173
00.0000000198555714092663038173
00.0000000198555714092663038173
00.0000000198555714092663038173
00.0000000198555714092663038173
00.0000000198555714092663038173
00.0000000198555714092663038173
00.0000000198555714092663038173
00.0000000198555714092663038173
00.0000000198555714092663038173
00.0000000198555714092663038173
00.0000000198555714092663038173
00.0000000198555714092663038173
00.0000000198555714092663038173
00.0000000198555714092663038173
00.0000000198555714092663038173
00.0000000198555714092663038173
00.0000000198555714092663038173
00.0000000198555714092663038173
00.0000000198555714092663038173
00.0000000198555714092663038173
00.0000000198555714092663038173
00.0000000198555714092663038173
00.0000000198555714092663038173
00.0000000198555714092663038173
00.0000000198555714092663038173
00.0000000198555714092663038173
00.0000000198555714092663038173
00.0000000198555714092663038173
00.0000000198555714092663038173
00.0000000198555714092663038173
00.0000000198555714092663038173
00.0000000198555714092663038173
00.0000000198555714092663038173
00.0000000198555714092663038173
00.0000000198555714092663038173
00.0000000198555714092663038173
00.0000000198555714092663038173
00.0000000198555714092663038173
00.0000000198555714092663038173
00.0000000198555714092663038173
00.0000000198555714092663038173
00.0000000198555714092663038173
00.0000000198555714092663038173
00.0000000198555714092663038173
00.0000000198555714092663038173
00.0000000198555714092663038173
00.0000000198555714092663038173
00.0000000198555714092663038173
00.0000000198555714092663038173
00.0000000198555714092663038173
00.0000000198555714092663038173
00.0000000198555714092663038173
00.0000000198555714092663038173
00.0000000198555714092663038173
00.0000000198555714092663038173
00.0000000198555714092663038173
00.0000000198555714092663038173
00.0000000198555714092663038173
00.0000000198555714092663038173
00.0000000198555714092663038173
00.0000000198555714092663038173
00.0000000198555714092663038173
00.0000000198555714092663038173
00.0000000198555714092663038173
00.0000000198555714092663038173
00.0000000198555714092663038173
00.0000000198555714092663038173
00.0000000198555714092663038173
00.0000000198555714092663038173
00.0000000198555714092663038173
00.0000000198555714092663038173
00.0000000198555714092663038173
00.0000000198555714092663038173
00.0000000198555714092663038173
00.0000000198555714092663038173
00.0000000198555714092663038173
00.0000000198555714092663038173
00.0000000198555714092663038173
00.0000000198555714092663038173
00.0000000198555714092663038173
00.0000000198555714092663038173
00.0000000198555714092663038173
00.0000000198555714092663038173
00.0000000198555714092663038173
00.0000000198555714092663038173
00.0000000198555714092663038173
00.0000000198555714092663038173
00.0000000198555714092663038173
00.0000000198555714092663038173
00.0000000198555714092663038173
00.0000000198555714092663038173
00.0000000198555714092663038173
00.0000000198555714092663038173
00.0000000198555714092663038173
00.0000000198555714092663038173
00.0000000198555714092663038173
00.0000000198555714092663038173
00.0000000198555714092663038173
00.0000000198555714092663038173
00.0000000198555714092663038173
00.0000000198555714092663038173
00.0000000198555714092663038173
00.0000000198555714092663038173
00.0000000198555714092663038173
00.0000000198555714092663038173
00.0000000198555714092663038173
00.0000000198555714092663038173
00.0000000198555714092663038173
00.0000000198555714092663038173
00.0000000198555714092663038173
00.0000000198555714092663038173
00.0000000198555714092663038173
00.0000000198555714092663038173
00.0000000198555714092663038173
00.0000000198555714092663038173
00.0000000198555714092663038173
00.0000000198555714092663038173
00.0000000198555714092663038173
00.0000000198555714092663038173
00.0000000198555714092663038173
00.0000000198555714092663038173
00.0000000198555714092663038173
00.0000000198555714092663038173
00.0000000198555714092663038173
00.0000000198555714092663038173
00.0000000198555714092663038173
00.0000000198555714092663038173
00.0000000198555714092663038173
00.0000000198555714092663038173
00.0000000198555714092663038173
00.0000000198555714092663038173
00.0000000198555714092663038173
00.0000000198555714092663038173
00.0000000198555714092663038173
00.0000000198555714092663038173
00.0000000198555714092663038173
00.0000000198555714092663038173
00.0000000198555714092663038173
00.0000000198555714092663038173
00.0000000198555714092663038173
00.0000000198555714092663038173
00.0000000198555714092663038173
00.0000000198555714092663038173
00.0000000198555714092663038173
00.0000000198555714092663038173
00.0000000198555714092663038173
00.0000000198555714092663038173
00.0000000198555714092663038173
00.0000000198555714092663038173
00.0000000198555714092663038173
00.0000000198555714092663038173
00.0000000198555714092663038173
00.0000000198555714092663038173
00.0000000198555714092663038173
00.0000000198555714092663038173
00.0000000198555714092663038173
00.0000000198555714092663038173
00.0000000198555714092663038173
00.0000000198555714092663038173
00.0000000198555714092663038173
00.0000000198555714092663038173
00.0000000198555714092663038173
00.0000000198555714092663038173
00.0000000198555714092663038173
00.0000000198555714092663038173
00.0000000198555714092663038173
00.0000000198555714092663038173
00.0000000198555714092663038173
00.0000000198555714092663038173
00.0000000198555714092663038173
00.0000000198555714092663038173
00.0000000198555714092663038173
00.0000000198555714092663038173
00.0000000198555714092663038173
00.0000000198555714092663038173
00.0000000198555714092663038173
00.0000000198555714092663038173
00.0000000198555714092663038173
00.0000000198555714092663038173
00.0000000198555714092663038173
00.0000000198555714092663038173
00.0000000198555714092663038173
00.0000000198555714092663038173
00.0000000198555714092663038173
00.0000000198555714092663038173
00.0000000198555714092663038173
00.0000000198555714092663038173
00.0000000198555714092663038173
00.0000000198555714092663038173
00.0000000198555714092663038173
00.0000000198555714092663038173
00.0000000198555714092663038173
00.0000000198555714092663038173
00.0000000198555714092663038173
00.0000000198555714092663038173
00.0000000198555714092663038173
00.0000000198555714092663038173
00.0000000198555714092663038173
00.0000000198555714092663038173
00.0000000198555714092663038173
00.0000000198555714092663038173
00.0000000198555714092663038173
00.0000000198555714092663038173
00.0000000198555714092663038173
00.0000000198555714092663038173
00.0000000198555714092663038173
00.0000000198555714092663038173
00.0000000198555714092663038173
00.0000000198555714092663038173
00.0000000198555714092663038173
00.0000000198555714092663038173
00.0000000198555714092663038173
00.0000000198555714092663038173
00.0000000198555714092663038173
00.0000000198555714092663038173
00.0000000198555714092663038173
00.0000000198555714092663038173
00.0000000198555714092663038173
00.0000000198555714092663038173
00.0000000198555714092663038173
00.0000000198555714092663038173
00.0000000198555714092663038173
00.0000000198555714092663038173
00.0000000198555714092663038173
00.0000000198555714092663038173
00.0000000198555714092663038173
00.0000000198555714092663038173
00.0000000198555714092663038173
00.0000000198555714092663038173
00.0000000198555714092663038173
00.0000000198555714092663038173
00.0000000198555714092663038173
00.0000000198555714092663038173
00.0000000198555714092663038173
00.0000000198555714092663038173
00.0000000198555714092663038173
00.0000000198555714092663038173
00.0000000198555714092663038173
00.0000000198555714092663038173
00.0000000198555714092663038173
00.0000000198555714092663038173
00.0000000198555714092663038173
00.0000000198555714092663038173
00.0000000198555714092663038173
00.0000000198555714092663038173
00.0000000198555714092663038173
00.0000000198555714092663038173
00.0000000198555714092663038173
00.0000000198555714092663038173
00.0000000198555714092663038173
00.0000000198555714092663038173
00.0000000198555714092663038173
00.0000000198555714092663038173
00.0000000198555714092663038173
00.0000000198555714092663038173
00.0000000198555714092663038173
00.0000000198555714092663038173
00.0000000198555714092663038173
00.0000000198555714092663038173
00.0000000198555714092663038173
00.0000000198555714092663038173
00.0000000198555714092663038173
00.0000000198555714092663038173
00.0000000198555714092663038173
00.0000000198555714092663038173
00.0000000198555714092663038173
00.0000000198555714092663038173
00.0000000198555714092663038173
00.0000000198555714092663038173
00.0000000198555714092663038173
00.0000000198555714092663038173
00.0000000198555714092663038173
00.0000000198555714092663038173
00.0000000198555714092663038173
00.0000000198555714092663038173
00.0000000198555714092663038173
00.0000000198555714092663038173
00.0000000198555714092663038173
00.0000000198555714092663038173
00.0000000198555714092663038173
00.0000000198555714092663038173
00.0000000198555714092663038173
00.0000000198555714092663038173
00.0000000198555714092663038173
00.0000000198555714092663038173
00.0000000198555714092663038173
00.0000000198555714092663038173
00.0000000198555714092663038173
00.0000000198555714092663038173
00.0000000198555714092663038173
00.0000000198555714092663038173
00.0000000198555714092663038173
00.0000000198555714092663038173
00.0000000198555714092663038173
00.0000000198555714092663038173
00.0000000198555714092663038173
00.0000000198555714092663038173
00.0000000198555714092663038173
00.0000000198555714092663038173
00.0000000198555714092663038173
00.0000000198555714092663038173
00.0000000198555714092663038173
00.0000000198555714092663038173
00.0000000198555714092663038173
00.0000000198555714092663038173
00.0000000198555714092663038173
00.0000000198555714092663038173
00.0000000198555714092663038173
00.0000000198555714092663038173
00.0000000198555714092663038173
00.0000000198555714092663038173
00.0000000198555714092663038173
00.0000000198555714092663038173
00.0000000198555714092663038173
00.0000000198555714092663038173
00.0000000198555714092663038173
00.0000000198555714092663038173
00.0000000198555714092663038173
00.0000000198555714092663038173
00.0000000198555714092663038173
00.0000000198555714092663038173
00.0000000198555714092663038173
00.0000000198555714092663038173
00.0000000198555714092663038173
00.0000000198555714092663038173
00.0000000198555714092663038173
00.0000000198555714092663038173
00.0000000198555714092663038173
00.0000000198555714092663038173
00.0000000198555714092663038173
00.0000000198555714092663038173
00.0000000198555714092663038173
00.0000000198555714092663038173
00.0000000198555714092663038173
00.0000000198555714092663038173
00.0000000198555714092663038173
00.0000000198555714092663038173
00.0000000198555714092663038173
00.0000000198555714092663038173
00.0000000198555714092663038173
00.0000000198555714092663038173
00.0000000198555714092663038173
00.0000000198555714092663038173
00.0000000198555714092663038173
00.0000000198555714092663038173
00.0000000198555714092663038173
00.0000000198555714092663038173
00.0000000198555714092663038173
00.0000000198555714092663038173
00.0000000198555714092663038173
00.0000000198555714092663038173
00.0000000198555714092663038173
00.0000000198555714092663038173
00.0000000198555714092663038173
00.0000000198555714092663038173
00.0000000198555714092663038173
00.0000000198555714092663038173
00.0000000198555714092663038173
00.0000000198555714092663038173
00.0000000198555714092663038173
00.0000000198555714092663038173
00.0000000198555714092663038173
00.0000000198555714092663038173
00.0000000198555714092663038173
00.0000000198555714092663038173
00.0000000198555714092663038173
00.0000000198555714092663038173
00.0000000198555714092663038173
00.0000000198555714092663038173
00.0000000198555714092663038173
00.0000000198555714092663038173
00.0000000198555714092663038173
00.0000000198555714092663038173
00.0000000198555714092663038173
00.0000000198555714092663038173
00.0000000198555714092663038173
00.0000000198555714092663038173
00.0000000198555714092663038173
00.0000000198555714092663038173
00.0000000198555714092663038173
00.0000000198555714092663038173
00.0000000198555714092663038173
00.0000000198555714092663038173
00.0000000198555714092663038173
00.0000000198555714092663038173
00.0000000198555714092663038173
00.0000000198555714092663038173
00.0000000198555714092663038173
00.0000000198555714092663038173
00.0000000198555714092663038173
00.0000000198555714092663038173
00.0000000198555714092663038173
00.0000000198555714092663038173
00.0000000198555714092663038173
00.0000000198555714092663038173
00.0000000198555714092663038173
00.0000000198555714092663038173
00.0000000198555714092663038173
00.0000000198555714092663038173
00.0000000198555714092663038173
00.0000000198555714092663038173
00.0000000198555714092663038173
00.0000000198555714092663038173
00.0000000198555714092663038173
00.0000000198555714092663038173
00.0000000198555714092663038173
00.0000000198555714092663038173
00.0000000198555714092663038173
00.0000000198555714092663038173
00.0000000198555714092663038173
00.0000000198555714092663038173
00.0000000198555714092663038173
00.0000000198555714092663038173
00.0000000198555714092663038173
00.0000000198555714092663038173
00.0000000198555714092663038173
00.0000000198555714092663038173
00.0000000198555714092663038173
00.0000000198555714092663038173
00.0000000198555714092663038173
00.0000000198555714092663038173
00.0000000198555714092663038173
00.0000000198555714092663038173
00.0000000198555714092663038173
00.0000000198555714092663038173
00.0000000198555714092663038173
00.0000000198555714092663038173
00.0000000198555714092663038173
00.0000000198555714092663038173
00.0000000198555714092663038173
00.0000000198555714092663038173
00.0000000198555714092663038173
00.0000000198555714092663038173
00.0000000198555714092663038173
00.0000000198555714092663038173
00.0000000198555714092663038173
00.0000000198555714092663038173
00.0000000198555714092663038173
00.0000000198555714092663038173
00.0000000198555714092663038173
00.0000000198555714092663038173
00.0000000198555714092663038173
00.0000000198555714092663038173
00.0000000198555714092663038173
00.0000000198555714092663038173
00.0000000198555714092663038173
00.0000000198555714092663038173
00.0000000198555714092663038173
00.0000000198555714092663038173
00.0000000198555714092663038173
00.0000000198555714092663038173
00.0000000198555714092663038173
00.0000000198555714092663038173
00.0000000198555714092663038173
00.0000000198555714092663038173
00.0000000198555714092663038173
00.0000000198555714092663038173
00.0000000198555714092663038173
00.0000000198555714092663038173
00.0000000198555714092663038173
00.0000000198555714092663038173
00.0000000198555714092663038173
00.0000000198555714092663038173
00.0000000198555714092663038173
00.0000000198555714092663038173
00.0000000198555714092663038173
00.0000000198555714092663038173
00.0000000198555714092663038173
00.0000000198555714092663038173
00.0000000198555714092663038173
00.0000000198555714092663038173
00.0000000198555714092663038173
00.0000000198555714092663038173
00.0000000198555714092663038173
00.0000000198555714092663038173
00.0000000198555714092663038173
00.0000000198555714092663038173
00.0000000198555714092663038173
00.0000000198555714092663038173
00.0000000198555714092663038173
00.0000000198555714092663038173
00.0000000198555714092663038173
00.0000000198555714092663038173
00.0000000198555714092663038173
00.0000000198555714092663038173
00.0000000198555714092663038173
00.0000000198555714092663038173
00.0000000198555714092663038173
00.0000000198555714092663038173
00.0000000198555714092663038173
00.0000000198555714092663038173
00.0000000198555714092663038173
00.0000000198555714092663038173
00.0000000198555714092663038173
00.0000000198555714092663038173
00.0000000198555714092663038173
00.0000000198555714092663038173
00.0000000198555714092663038173
00.0000000198555714092663038173
00.0000000198555714092663038173
00.0000000198555714092663038173
00.0000000198555714092663038173
00.0000000193130773595839855261
00.0000000193130773595839855261
00.0000000193130773595839855261
00.0000000193130773595839855261
00.0000000193130773595839855261
00.0000000193130773595839855261
00.0000000193130773595839855261
00.0000000193130773595839855261
00.0000000193130773595839855261
00.0000000193130773595839855261
00.0000000193130773595839855261
00.0000000193130773595839855261
00.0000000193130773595839855261
00.0000000193130773595839855261
00.0000000193130773595839855261
00.0000000193130773595839855261
00.0000000193130773595839855261
00.0000000193130773595839855261
00.0000000193130773595839855261
00.0000000193130773595839855261
00.0000000193130773595839855261
00.0000000193130773595839855261
00.0000000193130773595839855261
00.0000000193130773595839855261
00.0000000193130773595839855261
00.0000000193130773595839855261
00.0000000193130773595839855261
00.0000000193130773595839855261
00.0000000193130773595839855261
00.0000000193130773595839855261
00.0000000193130773595839855261
00.0000000193130773595839855261
00.0000000193130773595839855261
00.0000000193130773595839855261
00.0000000193130773595839855261
00.0000000193130773595839855261
00.0000000193130773595839855261
00.0000000193130773595839855261
00.0000000193130773595839855261
00.0000000193130773595839855261
00.0000000193130773595839855261
00.0000000193130773595839855261
00.0000000193130773595839855261
00.0000000193130773595839855261
00.0000000193130773595839855261
00.0000000193130773595839855261
00.0000000193130773595839855261
00.0000000193130773595839855261
00.0000000193130773595839855261
00.0000000193130773595839855261
00.0000000193130773595839855261
00.0000000193130773595839855261
00.0000000193130773595839855261
00.0000000193130773595839855261
00.0000000193130773595839855261
00.0000000193130773595839855261
00.0000000193130773595839855261
00.0000000193130773595839855261
00.0000000193130773595839855261
00.0000000193130773595839855261
00.0000000193130773595839855261
00.0000000193130773595839855261
00.0000000193130773595839855261
00.0000000193130773595839855261
00.0000000193130773595839855261
00.0000000193130773595839855261
00.0000000193130773595839855261
00.0000000193130773595839855261
00.0000000193130773595839855261
00.0000000193130773595839855261
00.0000000193130773595839855261
00.0000000193130773595839855261
00.0000000193130773595839855261
00.0000000193130773595839855261
00.0000000193130773595839855261
00.0000000193130773595839855261
00.0000000193130773595839855261
00.0000000193130773595839855261
00.0000000193130773595839855261
00.0000000193130773595839855261
00.0000000193130773595839855261
00.0000000193130773595839855261
00.0000000193130773595839855261
00.0000000193130773595839855261
00.0000000193130773595839855261
00.0000000193130773595839855261
00.0000000193130773595839855261
00.0000000193130773595839855261
00.0000000193130773595839855261
00.0000000193130773595839855261
00.0000000193130773595839855261
00.0000000193130773595839855261
00.0000000193130773595839855261
00.0000000193130773595839855261
00.0000000193130773595839855261
00.0000000193130773595839855261
00.0000000193130773595839855261
00.0000000193130773595839855261
00.0000000193130773595839855261
00.0000000193130773595839855261
00.0000000193130773595839855261
00.0000000193130773595839855261
00.0000000193130773595839855261
00.0000000193130773595839855261
00.0000000193130773595839855261
00.0000000193130773595839855261
00.0000000193130773595839855261
00.0000000193130773595839855261
00.0000000193130773595839855261
00.0000000193130773595839855261
00.0000000193130773595839855261
00.0000000193130773595839855261
00.0000000193130773595839855261
00.0000000193130773595839855261
00.0000000193130773595839855261
00.0000000193130773595839855261
00.0000000193130773595839855261
00.0000000193130773595839855261
00.0000000193130773595839855261
00.0000000193130773595839855261
00.0000000193130773595839855261
00.0000000193130773595839855261
00.0000000193130773595839855261
00.0000000193130773595839855261
00.0000000193130773595839855261
00.0000000193130773595839855261
00.0000000193130773595839855261
00.0000000193130773595839855261
00.0000000193130773595839855261
00.0000000193130773595839855261
00.0000000193130773595839855261
00.0000000193130773595839855261
00.0000000193130773595839855261
00.0000000193130773595839855261
00.0000000193130773595839855261
00.0000000193130773595839855261
00.0000000193130773595839855261
00.0000000193130773595839855261
00.0000000193130773595839855261
00.0000000193130773595839855261
00.0000000193130773595839855261
00.0000000193130773595839855261
00.0000000193130773595839855261
00.0000000193130773595839855261
00.0000000193130773595839855261
00.0000000193130773595839855261
00.0000000193130773595839855261
00.0000000193130773595839855261
00.0000000193130773595839855261
00.0000000193130773595839855261
00.0000000193130773595839855261
00.0000000193130773595839855261
00.0000000193130773595839855261
00.0000000193130773595839855261
00.0000000193130773595839855261
00.0000000193130773595839855261
00.0000000193130773595839855261
00.0000000193130773595839855261
00.0000000193130773595839855261
00.0000000193130773595839855261
00.0000000193130773595839855261
00.0000000193130773595839855261
00.0000000193130773595839855261
00.0000000193130773595839855261
00.0000000193130773595839855261
00.0000000193130773595839855261
00.0000000193130773595839855261
00.0000000193130773595839855261
00.0000000193130773595839855261
00.0000000193130773595839855261
00.0000000193130773595839855261
00.0000000193130773595839855261
00.0000000193130773595839855261
00.0000000193130773595839855261
00.0000000193130773595839855261
00.0000000193130773595839855261
00.0000000193130773595839855261
00.0000000193130773595839855261
00.0000000193130773595839855261
00.0000000193130773595839855261
00.0000000193130773595839855261
00.0000000193130773595839855261
00.0000000193130773595839855261
00.0000000193130773595839855261
00.0000000193130773595839855261
00.0000000193130773595839855261
00.0000000193130773595839855261
00.0000000193130773595839855261
00.0000000193130773595839855261
00.0000000193130773595839855261
00.0000000193130773595839855261
00.0000000193130773595839855261
00.0000000193130773595839855261
00.0000000193130773595839855261
00.0000000193130773595839855261
00.0000000193130773595839855261
00.0000000193130773595839855261
00.0000000193130773595839855261
00.0000000193130773595839855261
00.0000000193130773595839855261
00.0000000193130773595839855261
00.0000000193130773595839855261
00.0000000193130773595839855261
00.0000000193130773595839855261
00.0000000193130773595839855261
00.0000000193130773595839855261
00.0000000193130773595839855261
00.0000000193130773595839855261
00.0000000193130773595839855261
00.0000000193130773595839855261
00.0000000193130773595839855261
00.0000000193130773595839855261
00.0000000193130773595839855261
00.0000000193130773595839855261
00.0000000193130773595839855261
00.0000000193130773595839855261
00.0000000193130773595839855261
00.0000000193130773595839855261
00.0000000193130773595839855261
00.0000000193130773595839855261
00.0000000193130773595839855261
00.0000000193130773595839855261
00.0000000193130773595839855261
00.0000000193130773595839855261
00.0000000193130773595839855261
00.0000000193130773595839855261
00.0000000193130773595839855261
00.0000000193130773595839855261
00.0000000193130773595839855261
00.0000000193130773595839855261
00.0000000193130773595839855261
00.0000000193130773595839855261
00.0000000193130773595839855261
00.0000000193130773595839855261
00.0000000193130773595839855261
00.0000000193130773595839855261
00.0000000193130773595839855261
00.0000000193130773595839855261
00.0000000193130773595839855261
00.0000000193130773595839855261
00.0000000193130773595839855261
00.0000000193130773595839855261
00.0000000193130773595839855261
00.0000000193130773595839855261
00.0000000193130773595839855261
00.0000000193130773595839855261
00.0000000193130773595839855261
00.0000000193130773595839855261
00.0000000193130773595839855261
00.0000000193130773595839855261
00.0000000193130773595839855261
00.0000000193130773595839855261
00.0000000193130773595839855261
00.0000000193130773595839855261
00.0000000193130773595839855261
00.0000000193130773595839855261
00.0000000193130773595839855261
00.0000000193130773595839855261
00.0000000193130773595839855261
00.0000000193130773595839855261
00.0000000193130773595839855261
00.0000000193130773595839855261
00.0000000193130773595839855261
00.0000000193130773595839855261
00.0000000193130773595839855261
00.0000000193130773595839855261
00.0000000193130773595839855261
00.0000000193130773595839855261
00.0000000193130773595839855261
00.0000000193130773595839855261
00.0000000193130773595839855261
00.0000000193130773595839855261
00.0000000193130773595839855261
00.0000000193130773595839855261
00.0000000193130773595839855261
00.0000000193130773595839855261
00.0000000193130773595839855261
00.0000000193130773595839855261
00.0000000193130773595839855261
00.0000000193130773595839855261
00.0000000193130773595839855261
00.0000000193130773595839855261
00.0000000193130773595839855261
00.0000000193130773595839855261
00.0000000193130773595839855261
00.0000000193130773595839855261
00.0000000193130773595839855261
00.0000000193130773595839855261
00.0000000193130773595839855261
00.0000000193130773595839855261
00.0000000193130773595839855261
00.0000000193130773595839855261
00.0000000193130773595839855261
00.0000000193130773595839855261
00.0000000193130773595839855261
00.0000000193130773595839855261
00.0000000193130773595839855261
00.0000000193130773595839855261
00.0000000193130773595839855261
00.0000000193130773595839855261
00.0000000193130773595839855261
00.0000000193130773595839855261
00.0000000193130773595839855261
00.0000000193130773595839855261
00.0000000193130773595839855261
00.0000000193130773595839855261
00.0000000193130773595839855261
00.0000000193130773595839855261
00.0000000193130773595839855261
00.0000000193130773595839855261
00.0000000193130773595839855261
00.0000000193130773595839855261
00.0000000193130773595839855261
00.0000000193130773595839855261
00.0000000193130773595839855261
00.0000000193130773595839855261
00.0000000193130773595839855261
00.0000000193130773595839855261
00.0000000193130773595839855261
00.0000000193130773595839855261
00.0000000193130773595839855261
00.0000000193130773595839855261
00.0000000193130773595839855261
00.0000000193130773595839855261
00.0000000193130773595839855261
00.0000000193130773595839855261
00.0000000193130773595839855261
00.0000000193130773595839855261
00.0000000193130773595839855261
00.0000000193130773595839855261
00.0000000193130773595839855261
00.0000000193130773595839855261
00.0000000193130773595839855261
00.0000000193130773595839855261
00.0000000193130773595839855261
00.0000000193130773595839855261
00.0000000193130773595839855261
00.0000000193130773595839855261
00.0000000193130773595839855261
00.0000000193130773595839855261
00.0000000193130773595839855261
00.0000000193130773595839855261
00.0000000193130773595839855261
00.0000000193130773595839855261
00.0000000193130773595839855261
00.0000000193130773595839855261
00.0000000193130773595839855261
00.0000000193130773595839855261
00.0000000193130773595839855261
00.0000000193130773595839855261
00.0000000193130773595839855261
00.0000000193130773595839855261
00.0000000193130773595839855261
00.0000000193130773595839855261
00.0000000193130773595839855261
00.0000000193130773595839855261
00.0000000193130773595839855261
00.0000000193130773595839855261
00.0000000193130773595839855261
00.0000000193130773595839855261
00.0000000193130773595839855261
00.0000000193130773595839855261
00.0000000193130773595839855261
00.0000000193130773595839855261
00.0000000193130773595839855261
00.0000000193130773595839855261
00.0000000193130773595839855261
00.0000000193130773595839855261
00.0000000193130773595839855261
00.0000000193130773595839855261
00.0000000193130773595839855261
00.0000000193130773595839855261
00.0000000193130773595839855261
00.0000000193130773595839855261
00.0000000193130773595839855261
00.0000000193130773595839855261
00.0000000193130773595839855261
00.0000000193130773595839855261
00.0000000193130773595839855261
00.0000000193130773595839855261
00.0000000193130773595839855261
00.0000000193130773595839855261
00.0000000193130773595839855261
00.0000000193130773595839855261
00.0000000193130773595839855261
00.0000000193130773595839855261
00.0000000193130773595839855261
00.0000000193130773595839855261
00.0000000193130773595839855261
00.0000000193130773595839855261
00.0000000193130773595839855261
00.0000000193130773595839855261
00.0000000193130773595839855261
00.0000000193130773595839855261
00.0000000193130773595839855261
00.0000000193130773595839855261
00.0000000193130773595839855261
00.0000000193130773595839855261
00.0000000193130773595839855261
00.0000000193130773595839855261
00.0000000193130773595839855261
00.0000000193130773595839855261
00.0000000193130773595839855261
00.0000000193130773595839855261
00.0000000193130773595839855261
00.0000000193130773595839855261
00.0000000193130773595839855261
00.0000000193130773595839855261
00.0000000193130773595839855261
00.0000000193130773595839855261
00.0000000193130773595839855261
00.0000000193130773595839855261
00.0000000193130773595839855261
00.0000000193130773595839855261
00.0000000193130773595839855261
00.0000000193130773595839855261
00.0000000193130773595839855261
00.0000000193130773595839855261
00.0000000193130773595839855261
00.0000000193130773595839855261
00.0000000193130773595839855261
00.0000000193130773595839855261
00.0000000193130773595839855261
00.0000000193130773595839855261
00.0000000193130773595839855261
00.0000000193130773595839855261
00.0000000193130773595839855261
00.0000000193130773595839855261
00.0000000193130773595839855261
00.0000000193130773595839855261
00.0000000193130773595839855261
00.0000000193130773595839855261
00.0000000193130773595839855261
00.0000000193130773595839855261
00.0000000193130773595839855261
00.0000000193130773595839855261
00.0000000193130773595839855261
00.0000000193130773595839855261
00.0000000193130773595839855261
00.0000000193130773595839855261
00.0000000193130773595839855261
00.0000000193130773595839855261
00.0000000193130773595839855261
00.0000000193130773595839855261
00.0000000193130773595839855261
00.0000000193130773595839855261
00.0000000193130773595839855261
00.0000000193130773595839855261
00.0000000193130773595839855261
00.0000000193130773595839855261
00.0000000193130773595839855261
00.0000000193130773595839855261
00.0000000193130773595839855261
00.0000000193130773595839855261
00.0000000193130773595839855261
00.0000000193130773595839855261
00.0000000193130773595839855261
00.0000000193130773595839855261
00.0000000193130773595839855261
00.0000000193130773595839855261
00.0000000193130773595839855261
00.0000000193130773595839855261
00.0000000193130773595839855261
00.0000000193130773595839855261
00.0000000193130773595839855261
00.0000000193130773595839855261
00.0000000193130773595839855261
00.0000000193130773595839855261
00.0000000193130773595839855261
00.0000000193130773595839855261
00.0000000193130773595839855261
00.0000000193130773595839855261
00.0000000193130773595839855261
00.0000000193130773595839855261
00.0000000193130773595839855261
00.0000000193130773595839855261
00.0000000193130773595839855261
00.0000000193130773595839855261
00.0000000193130773595839855261
00.0000000193130773595839855261
00.0000000193130773595839855261
00.0000000193130773595839855261
00.0000000193130773595839855261
00.0000000193130773595839855261
00.0000000193130773595839855261
00.0000000193130773595839855261
00.0000000193130773595839855261
00.0000000193130773595839855261
00.0000000193130773595839855261
00.0000000193130773595839855261
00.0000000193130773595839855261
00.0000000193130773595839855261
00.0000000193130773595839855261
00.0000000193130773595839855261
00.0000000193130773595839855261
00.0000000193130773595839855261
00.0000000193130773595839855261
00.0000000193130773595839855261
00.0000000193130773595839855261
00.0000000193130773595839855261
00.0000000193130773595839855261
00.0000000193130773595839855261
00.0000000193130773595839855261
00.0000000193130773595839855261
00.0000000193130773595839855261
00.0000000193130773595839855261
00.0000000193130773595839855261
00.0000000193130773595839855261
00.0000000193130773595839855261
00.0000000193130773595839855261
00.0000000193130773595839855261
00.0000000193130773595839855261
00.0000000193130773595839855261
00.0000000193130773595839855261
00.0000000193130773595839855261
00.0000000193130773595839855261
00.0000000193130773595839855261
00.0000000193130773595839855261
00.0000000193130773595839855261
00.0000000193130773595839855261
00.0000000193130773595839855261
00.0000000193130773595839855261
00.0000000193130773595839855261
00.0000000193130773595839855261
00.0000000193130773595839855261
00.0000000193130773595839855261
00.0000000193130773595839855261
00.0000000193130773595839855261
00.0000000193130773595839855261
00.0000000193130773595839855261
00.0000000193130773595839855261
00.0000000193130773595839855261
00.0000000193130773595839855261
00.0000000193130773595839855261
00.0000000193130773595839855261
00.0000000193130773595839855261
00.0000000193130773595839855261
00.0000000193130773595839855261
00.0000000193130773595839855261
00.0000000193130773595839855261
00.0000000193130773595839855261
00.0000000193130773595839855261
00.0000000193130773595839855261
00.0000000193130773595839855261
00.0000000193130773595839855261
00.0000000193130773595839855261
00.0000000193130773595839855261
00.0000000193130773595839855261
00.0000000193130773595839855261
00.0000000193130773595839855261
00.0000000193130773595839855261
00.0000000193130773595839855261
00.0000000193130773595839855261
00.0000000193130773595839855261
00.0000000193130773595839855261
00.0000000193130773595839855261
00.0000000193130773595839855261
00.0000000193130773595839855261
00.0000000193130773595839855261
00.0000000193130773595839855261
00.0000000193130773595839855261
00.0000000193130773595839855261
00.0000000193130773595839855261
00.0000000193130773595839855261
00.0000000193130773595839855261
00.0000000193130773595839855261
00.0000000193130773595839855261
00.0000000193130773595839855261
00.0000000193130773595839855261
00.0000000193130773595839855261
00.0000000193130773595839855261
00.0000000193130773595839855261
00.0000000193130773595839855261
00.0000000193130773595839855261
00.0000000193130773595839855261
00.0000000193130773595839855261
00.0000000193130773595839855261
00.0000000193130773595839855261
00.0000000193130773595839855261
00.0000000193130773595839855261
00.0000000193130773595839855261
00.0000000193130773595839855261
00.0000000193130773595839855261
00.0000000193130773595839855261
00.0000000193130773595839855261
00.0000000193130773595839855261
00.0000000193130773595839855261
00.0000000193130773595839855261
00.0000000193130773595839855261
00.0000000193130773595839855261
00.0000000193130773595839855261
00.0000000193130773595839855261
00.0000000193130773595839855261
00.0000000193130773595839855261
00.0000000193130773595839855261
00.0000000193130773595839855261
00.0000000193130773595839855261
00.0000000193130773595839855261
00.0000000193130773595839855261
00.0000000193130773595839855261
00.0000000193130773595839855261
00.0000000193130773595839855261
00.0000000193130773595839855261
00.0000000193130773595839855261
00.0000000193130773595839855261
00.0000000193130773595839855261
00.0000000193130773595839855261
00.0000000193130773595839855261
00.0000000193130773595839855261
00.0000000193130773595839855261
00.0000000193130773595839855261
00.0000000193130773595839855261
00.0000000193130773595839855261
00.0000000193130773595839855261
00.0000000193130773595839855261
00.0000000193130773595839855261
00.0000000193130773595839855261
00.0000000193130773595839855261
00.0000000193130773595839855261
00.0000000193130773595839855261
00.0000000193130773595839855261
00.0000000193130773595839855261
00.0000000193130773595839855261
00.0000000193130773595839855261
00.0000000193130773595839855261
00.0000000193130773595839855261
00.0000000193130773595839855261
00.0000000193130773595839855261
00.0000000193130773595839855261
00.0000000193130773595839855261
00.0000000193130773595839855261
00.0000000193130773595839855261
00.0000000193130773595839855261
00.0000000193130773595839855261
00.0000000193130773595839855261
00.0000000193130773595839855261
00.0000000193130773595839855261
00.0000000193130773595839855261
00.0000000193130773595839855261
00.0000000193130773595839855261
00.0000000193130773595839855261
00.0000000193130773595839855261
00.0000000193130773595839855261
00.0000000193130773595839855261
00.0000000193130773595839855261
00.0000000193130773595839855261
00.0000000193130773595839855261
00.0000000193130773595839855261
00.0000000193130773595839855261
00.0000000193130773595839855261
00.0000000193130773595839855261
00.0000000193130773595839855261
00.0000000193130773595839855261
00.0000000193130773595839855261
00.0000000193130773595839855261
00.0000000193130773595839855261
00.0000000193130773595839855261
00.0000000193130773595839855261
00.0000000193130773595839855261
00.0000000193130773595839855261
00.0000000193130773595839855261
00.0000000193130773595839855261
00.0000000193130773595839855261
00.0000000193130773595839855261
00.0000000193130773595839855261
00.0000000193130773595839855261
00.0000000193130773595839855261
00.0000000193130773595839855261
00.0000000193130773595839855261
00.0000000193130773595839855261
00.0000000193130773595839855261
00.0000000193130773595839855261
00.0000000193130773595839855261
00.0000000193130773595839855261
00.0000000193130773595839855261
00.0000000193130773595839855261
00.0000000193130773595839855261
00.0000000193130773595839855261
00.0000000193130773595839855261
00.0000000193130773595839855261
00.0000000193130773595839855261
00.0000000193130773595839855261
00.0000000193130773595839855261
00.0000000193130773595839855261
00.0000000193130773595839855261
00.0000000193130773595839855261
00.0000000193130773595839855261
00.0000000193130773595839855261
00.0000000193130773595839855261
00.0000000193130773595839855261
00.0000000193130773595839855261
00.0000000193130773595839855261
00.0000000193130773595839855261
00.0000000193130773595839855261
00.0000000193130773595839855261
00.0000000193130773595839855261
00.0000000193130773595839855261
00.0000000193130773595839855261
00.0000000193130773595839855261
00.0000000193130773595839855261
00.0000000193130773595839855261
00.0000000193130773595839855261
00.0000000193130773595839855261
00.0000000193130773595839855261
00.0000000193130773595839855261
00.0000000193130773595839855261
00.0000000193130773595839855261
00.0000000193130773595839855261
00.0000000193130773595839855261
00.0000000193130773595839855261
00.0000000193130773595839855261
00.0000000193130773595839855261
00.0000000193130773595839855261
00.0000000193130773595839855261
00.0000000193130773595839855261
00.0000000193130773595839855261
00.0000000193130773595839855261
00.0000000193130773595839855261
00.0000000193130773595839855261
00.0000000193130773595839855261
00.0000000193130773595839855261
00.0000000193130773595839855261
00.0000000193130773595839855261
00.0000000193130773595839855261
00.0000000193130773595839855261
00.0000000193130773595839855261
00.0000000193130773595839855261
00.0000000193130773595839855261
00.0000000193130773595839855261
00.0000000193130773595839855261
00.0000000193130773595839855261
00.0000000193130773595839855261
00.0000000193130773595839855261
00.0000000193130773595839855261
00.0000000193130773595839855261
00.0000000193130773595839855261
00.0000000193130773595839855261
00.0000000193130773595839855261
00.0000000193130773595839855261
00.0000000193130773595839855261
00.0000000193130773595839855261
00.0000000193130773595839855261
00.0000000193130773595839855261
00.0000000193130773595839855261
00.0000000193130773595839855261
00.0000000193130773595839855261
00.0000000193130773595839855261
00.0000000193130773595839855261
00.0000000193130773595839855261
00.0000000193130773595839855261
00.0000000193130773595839855261
00.0000000193130773595839855261
00.0000000193130773595839855261
00.0000000193130773595839855261
00.0000000193130773595839855261
00.0000000193130773595839855261
00.0000000193130773595839855261
00.0000000193130773595839855261
00.0000000193130773595839855261
00.0000000193130773595839855261
00.0000000193130773595839855261
00.0000000193130773595839855261
00.0000000193130773595839855261
00.0000000193130773595839855261
00.0000000193130773595839855261
00.0000000193130773595839855261
00.0000000193130773595839855261
00.0000000193130773595839855261
00.0000000193130773595839855261
00.0000000193130773595839855261
00.0000000193130773595839855261
00.0000000193130773595839855261
00.0000000193130773595839855261
00.0000000193130773595839855261
00.0000000193130773595839855261
00.0000000193130773595839855261
00.0000000193130773595839855261
00.0000000193130773595839855261
00.0000000193130773595839855261
00.0000000193130773595839855261
00.0000000193130773595839855261
00.0000000193130773595839855261
00.0000000193130773595839855261
00.0000000193130773595839855261
00.0000000193130773595839855261
00.0000000193130773595839855261
00.0000000193130773595839855261
00.0000000193130773595839855261
00.0000000193130773595839855261
00.0000000193130773595839855261
00.0000000193130773595839855261
00.0000000193130773595839855261
00.0000000193130773595839855261
00.0000000193130773595839855261
00.0000000193130773595839855261
00.0000000193130773595839855261
00.0000000193130773595839855261
00.0000000193130773595839855261
00.0000000193130773595839855261
00.0000000193130773595839855261
00.0000000193130773595839855261
00.0000000193130773595839855261
00.0000000193130773595839855261
00.0000000193130773595839855261
00.0000000193130773595839855261
00.0000000193130773595839855261
00.0000000193130773595839855261
00.0000000193130773595839855261
00.0000000193130773595839855261
00.0000000193130773595839855261
00.0000000193130773595839855261
00.0000000193130773595839855261
00.0000000193130773595839855261
00.0000000193130773595839855261
00.0000000193130773595839855261
00.0000000193130773595839855261
00.0000000193130773595839855261
00.0000000193130773595839855261
00.0000000193130773595839855261
00.0000000193130773595839855261
00.0000000193130773595839855261
00.0000000193130773595839855261
00.0000000193130773595839855261
00.0000000193130773595839855261
00.0000000193130773595839855261
00.0000000193130773595839855261
00.0000000193130773595839855261
00.0000000193130773595839855261
00.0000000193130773595839855261
00.0000000193130773595839855261
00.0000000193130773595839855261
00.0000000193130773595839855261
00.0000000193130773595839855261
00.0000000193130773595839855261
00.0000000193130773595839855261
00.0000000193130773595839855261
00.0000000193130773595839855261
00.0000000193130773595839855261
00.0000000193130773595839855261
00.0000000193130773595839855261
00.0000000193130773595839855261
00.0000000193130773595839855261
00.0000000193130773595839855261
00.0000000193130773595839855261
00.0000000193130773595839855261
00.0000000193130773595839855261
00.0000000193130773595839855261
00.0000000193130773595839855261
00.0000000193130773595839855261
00.0000000193130773595839855261
00.0000000193130773595839855261
00.0000000193130773595839855261
00.0000000193130773595839855261
00.0000000193130773595839855261
00.0000000193130773595839855261
00.0000000193130773595839855261
00.0000000193130773595839855261
00.0000000193130773595839855261
00.0000000193130773595839855261
00.0000000193130773595839855261
00.0000000193130773595839855261
00.0000000193130773595839855261
00.0000000193130773595839855261
00.0000000193130773595839855261
00.0000000193130773595839855261
00.0000000193130773595839855261
00.0000000193130773595839855261
00.0000000193130773595839855261
00.0000000193130773595839855261
00.0000000193130773595839855261
00.0000000193130773595839855261
00.0000000193130773595839855261
00.0000000193130773595839855261
00.0000000193130773595839855261
00.0000000193130773595839855261
00.0000000193130773595839855261
00.0000000193130773595839855261
00.0000000193130773595839855261
00.0000000193130773595839855261
00.0000000193130773595839855261
00.0000000193130773595839855261
00.0000000193130773595839855261
00.0000000193130773595839855261
00.0000000193130773595839855261
00.0000000193130773595839855261
00.0000000193130773595839855261
00.0000000193130773595839855261
00.0000000193130773595839855261
00.0000000193130773595839855261
00.0000000193130773595839855261
00.0000000193130773595839855261
00.0000000193130773595839855261
00.0000000193130773595839855261
00.0000000193130773595839855261
00.0000000193130773595839855261
00.0000000193130773595839855261
00.0000000193130773595839855261
00.0000000193130773595839855261
00.0000000193130773595839855261
00.0000000193130773595839855261
00.0000000193130773595839855261
00.0000000193130773595839855261
00.0000000193130773595839855261
00.0000000193130773595839855261
00.0000000193130773595839855261
00.0000000193130773595839855261
00.0000000193130773595839855261
00.0000000193130773595839855261
00.0000000193130773595839855261
00.0000000193130773595839855261
00.0000000193130773595839855261
00.0000000193130773595839855261
00.0000000193130773595839855261
00.0000000193130773595839855261
00.0000000193130773595839855261
00.0000000193130773595839855261
00.0000000193130773595839855261
00.0000000193130773595839855261
00.0000000193130773595839855261
00.0000000193130773595839855261
00.0000000193130773595839855261
00.0000000193130773595839855261
00.0000000193130773595839855261
00.0000000193130773595839855261
00.0000000193130773595839855261
00.0000000193130773595839855261
00.0000000193130773595839855261
00.0000000193130773595839855261
00.0000000193130773595839855261
00.0000000193130773595839855261
00.0000000193130773595839855261
00.0000000193130773595839855261
00.0000000193130773595839855261
00.0000000193130773595839855261
00.0000000193130773595839855261
00.0000000193130773595839855261
00.0000000193130773595839855261
00.0000000193130773595839855261
00.0000000193130773595839855261
00.0000000193130773595839855261
00.0000000193130773595839855261
00.0000000193130773595839855261
00.0000000193130773595839855261
00.0000000193130773595839855261
00.0000000193130773595839855261
00.0000000193130773595839855261
00.0000000193130773595839855261
00.0000000193130773595839855261
00.0000000193130773595839855261
00.0000000193130773595839855261
00.0000000193130773595839855261
00.0000000193130773595839855261
00.0000000193130773595839855261
00.0000000193130773595839855261
00.0000000193130773595839855261
00.0000000193130773595839855261
00.0000000193130773595839855261
00.0000000193130773595839855261
00.0000000193130773595839855261
00.0000000193130773595839855261
00.0000000193130773595839855261
00.0000000193130773595839855261
00.0000000193130773595839855261
00.0000000193130773595839855261
00.0000000193130773595839855261
00.0000000193130773595839855261
00.0000000193130773595839855261
00.0000000193130773595839855261
00.0000000193130773595839855261
00.0000000193130773595839855261
00.0000000193130773595839855261
00.0000000193130773595839855261
00.0000000193130773595839855261
00.0000000193130773595839855261
00.0000000193130773595839855261
00.0000000193130773595839855261
00.0000000193130773595839855261
00.0000000193130773595839855261
00.0000000193130773595839855261
00.0000000193130773595839855261
00.0000000193130773595839855261
00.0000000193130773595839855261
00.0000000193130773595839855261
00.0000000193130773595839855261
00.0000000193130773595839855261
00.0000000193130773595839855261
00.0000000193130773595839855261
00.0000000193130773595839855261
00.0000000193130773595839855261
00.0000000193130773595839855261
00.0000000193130773595839855261
00.0000000193130773595839855261
00.0000000193130773595839855261
00.0000000193130773595839855261
00.0000000193130773595839855261
00.0000000193130773595839855261
00.0000000193130773595839855261
00.0000000193130773595839855261
00.0000000193130773595839855261
00.0000000193130773595839855261
00.0000000198555714092663038173
00.0000000198555714092663038173
00.0000000198555714092663038173
00.0000000198555714092663038173
00.0000000198555714092663038173
00.0000000198555714092663038173
00.0000000198555714092663038173
00.0000000198555714092663038173
00.0000000198555714092663038173
00.0000000198555714092663038173
00.0000000198555714092663038173
00.0000000198555714092663038173
00.0000000198555714092663038173
00.0000000198555714092663038173
00.0000000198555714092663038173
00.0000000198555714092663038173
00.0000000198555714092663038173
00.0000000198555714092663038173
00.0000000198555714092663038173
00.0000000198555714092663038173
00.0000000198555714092663038173
00.0000000198555714092663038173
00.0000000198555714092663038173
00.0000000198555714092663038173
00.0000000198555714092663038173
00.0000000198555714092663038173
00.0000000198555714092663038173
00.0000000198555714092663038173
00.0000000198555714092663038173
00.0000000198555714092663038173
00.0000000198555714092663038173
00.0000000198555714092663038173
00.0000000198555714092663038173
00.0000000198555714092663038173
00.0000000198555714092663038173
00.0000000198555714092663038173
00.0000000198555714092663038173
00.0000000198555714092663038173
00.0000000198555714092663038173
00.0000000198555714092663038173
00.0000000198555714092663038173
00.0000000198555714092663038173
00.0000000198555714092663038173
00.0000000198555714092663038173
00.0000000198555714092663038173
00.0000000198555714092663038173
00.0000000198555714092663038173
00.0000000198555714092663038173
00.0000000198555714092663038173
00.0000000198555714092663038173
00.0000000198555714092663038173
00.0000000198555714092663038173
00.0000000198555714092663038173
00.0000000198555714092663038173
00.0000000198555714092663038173
00.0000000198555714092663038173
00.0000000198555714092663038173
00.0000000198555714092663038173
00.0000000198555714092663038173
00.0000000198555714092663038173
00.0000000198555714092663038173
00.0000000198555714092663038173
00.0000000198555714092663038173
00.0000000198555714092663038173
00.0000000198555714092663038173
00.0000000198555714092663038173
00.0000000198555714092663038173
00.0000000198555714092663038173
00.0000000198555714092663038173
00.0000000198555714092663038173
00.0000000198555714092663038173
00.0000000198555714092663038173
00.0000000198555714092663038173
00.0000000198555714092663038173
00.0000000198555714092663038173
00.0000000198555714092663038173
00.0000000198555714092663038173
00.0000000198555714092663038173
00.0000000198555714092663038173
00.0000000198555714092663038173
00.0000000198555714092663038173
00.0000000198555714092663038173
00.0000000198555714092663038173
00.0000000198555714092663038173
00.0000000198555714092663038173
00.0000000198555714092663038173
00.0000000198555714092663038173
00.0000000198555714092663038173
00.0000000198555714092663038173
00.0000000198555714092663038173
00.0000000198555714092663038173
00.0000000198555714092663038173
00.0000000198555714092663038173
00.0000000198555714092663038173
00.0000000198555714092663038173
00.0000000198555714092663038173
00.0000000198555714092663038173
00.0000000198555714092663038173
00.0000000198555714092663038173
00.0000000198555714092663038173
00.0000000198555714092663038173
00.0000000198555714092663038173
00.0000000198555714092663038173
00.0000000198555714092663038173
00.0000000198555714092663038173
00.0000000198555714092663038173
00.0000000198555714092663038173
00.0000000198555714092663038173
00.0000000198555714092663038173
00.0000000198555714092663038173
00.0000000198555714092663038173
00.0000000198555714092663038173
00.0000000198555714092663038173
00.0000000198555714092663038173
00.0000000198555714092663038173
00.0000000198555714092663038173
00.0000000198555714092663038173
00.0000000198555714092663038173
00.0000000198555714092663038173
00.0000000198555714092663038173
00.0000000198555714092663038173
00.0000000198555714092663038173
00.0000000198555714092663038173
00.0000000198555714092663038173
00.0000000198555714092663038173
00.0000000198555714092663038173
00.0000000198555714092663038173
00.0000000198555714092663038173
00.0000000198555714092663038173
00.0000000198555714092663038173
00.0000000198555714092663038173
00.0000000198555714092663038173
00.0000000198555714092663038173
00.0000000198555714092663038173
00.0000000198555714092663038173
00.0000000198555714092663038173
00.0000000198555714092663038173
00.0000000198555714092663038173
00.0000000198555714092663038173
00.0000000198555714092663038173
00.0000000198555714092663038173
00.0000000198555714092663038173
00.0000000198555714092663038173
00.0000000198555714092663038173
00.0000000198555714092663038173
00.0000000198555714092663038173
00.0000000198555714092663038173
00.0000000198555714092663038173
00.0000000198555714092663038173
00.0000000198555714092663038173
00.0000000198555714092663038173
00.0000000198555714092663038173
00.0000000198555714092663038173
00.0000000198555714092663038173
00.0000000198555714092663038173
00.0000000198555714092663038173
00.0000000198555714092663038173
00.0000000198555714092663038173
00.0000000198555714092663038173
00.0000000198555714092663038173
00.0000000198555714092663038173
00.0000000198555714092663038173
00.0000000198555714092663038173
00.0000000198555714092663038173
00.0000000198555714092663038173
00.0000000198555714092663038173
00.0000000198555714092663038173
00.0000000198555714092663038173
00.0000000198555714092663038173
00.0000000198555714092663038173
00.0000000198555714092663038173
00.0000000198555714092663038173
00.0000000198555714092663038173
00.0000000198555714092663038173
00.0000000198555714092663038173
00.0000000198555714092663038173
00.0000000198555714092663038173
00.0000000198555714092663038173
00.0000000198555714092663038173
00.0000000198555714092663038173
00.0000000198555714092663038173
00.0000000198555714092663038173
00.0000000198555714092663038173
00.0000000198555714092663038173
00.0000000198555714092663038173
00.0000000198555714092663038173
00.0000000198555714092663038173
00.0000000198555714092663038173
00.0000000198555714092663038173
00.0000000198555714092663038173
00.0000000198555714092663038173
00.0000000198555714092663038173
00.0000000198555714092663038173
00.0000000198555714092663038173
00.0000000198555714092663038173
00.0000000198555714092663038173
00.0000000198555714092663038173
00.0000000198555714092663038173
00.0000000198555714092663038173
00.0000000198555714092663038173
00.0000000198555714092663038173
00.0000000198555714092663038173
00.0000000198555714092663038173
00.0000000198555714092663038173
00.0000000198555714092663038173
00.0000000198555714092663038173
00.0000000198555714092663038173
00.0000000198555714092663038173
00.0000000198555714092663038173
00.0000000198555714092663038173
00.0000000198555714092663038173
00.0000000198555714092663038173
00.0000000198555714092663038173
00.0000000198555714092663038173
00.0000000198555714092663038173
00.0000000198555714092663038173
00.0000000198555714092663038173
00.0000000198555714092663038173
00.0000000198555714092663038173
00.0000000198555714092663038173
00.0000000198555714092663038173
00.0000000198555714092663038173
00.0000000198555714092663038173
00.0000000198555714092663038173
00.0000000198555714092663038173
00.0000000198555714092663038173
00.0000000198555714092663038173
00.0000000198555714092663038173
00.0000000198555714092663038173
00.0000000198555714092663038173
00.0000000198555714092663038173
00.0000000198555714092663038173
00.0000000198555714092663038173
00.0000000198555714092663038173
00.0000000198555714092663038173
00.0000000198555714092663038173
00.0000000198555714092663038173
00.0000000198555714092663038173
00.0000000198555714092663038173
00.0000000198555714092663038173
00.0000000198555714092663038173
00.0000000198555714092663038173
00.0000000198555714092663038173
00.0000000198555714092663038173
00.0000000198555714092663038173
00.0000000198555714092663038173
00.0000000198555714092663038173
00.0000000198555714092663038173
00.0000000198555714092663038173
00.0000000198555714092663038173
00.0000000198555714092663038173
00.0000000198555714092663038173
00.0000000198555714092663038173
00.0000000198555714092663038173
00.0000000198555714092663038173
00.0000000198555714092663038173
00.0000000198555714092663038173
00.0000000198555714092663038173
00.0000000198555714092663038173
00.0000000198555714092663038173
00.0000000198555714092663038173
00.0000000198555714092663038173
00.0000000198555714092663038173
00.0000000198555714092663038173
00.0000000198555714092663038173
00.0000000198555714092663038173
00.0000000198555714092663038173
00.0000000198555714092663038173
00.0000000198555714092663038173
00.0000000198555714092663038173
00.0000000198555714092663038173
00.0000000198555714092663038173
00.0000000198555714092663038173
00.0000000198555714092663038173
00.0000000198555714092663038173
00.0000000198555714092663038173
00.0000000198555714092663038173
00.0000000198555714092663038173
00.0000000198555714092663038173
00.0000000198555714092663038173
00.0000000198555714092663038173
00.0000000198555714092663038173
00.0000000198555714092663038173
00.0000000198555714092663038173
00.0000000198555714092663038173
00.0000000198555714092663038173
00.0000000198555714092663038173
00.0000000198555714092663038173
00.0000000198555714092663038173
00.0000000198555714092663038173
00.0000000198555714092663038173
00.0000000198555714092663038173
00.0000000198555714092663038173
00.0000000198555714092663038173
00.0000000198555714092663038173
00.0000000198555714092663038173
00.0000000198555714092663038173
00.0000000198555714092663038173
00.0000000198555714092663038173
00.0000000198555714092663038173
00.0000000198555714092663038173
00.0000000198555714092663038173
00.0000000198555714092663038173
00.0000000198555714092663038173
00.0000000198555714092663038173
00.0000000198555714092663038173
00.0000000198555714092663038173
00.0000000198555714092663038173
00.0000000198555714092663038173
00.0000000198555714092663038173
00.0000000198555714092663038173
00.0000000198555714092663038173
00.0000000198555714092663038173
00.0000000198555714092663038173
00.0000000198555714092663038173
00.0000000198555714092663038173
00.0000000198555714092663038173
00.0000000198555714092663038173
00.0000000198555714092663038173
00.0000000198555714092663038173
00.0000000198555714092663038173
00.0000000198555714092663038173
00.0000000198555714092663038173
00.0000000198555714092663038173
00.0000000198555714092663038173
00.0000000198555714092663038173
00.0000000198555714092663038173
00.0000000198555714092663038173
00.0000000198555714092663038173
00.0000000198555714092663038173
00.0000000198555714092663038173
00.0000000198555714092663038173
00.0000000198555714092663038173
00.0000000198555714092663038173
00.0000000198555714092663038173
00.0000000198555714092663038173
00.0000000198555714092663038173
00.0000000198555714092663038173
00.0000000198555714092663038173
00.0000000198555714092663038173
00.0000000198555714092663038173
00.0000000198555714092663038173
00.0000000198555714092663038173
00.0000000198555714092663038173
00.0000000198555714092663038173
00.0000000198555714092663038173
00.0000000198555714092663038173
00.0000000198555714092663038173
00.0000000198555714092663038173
00.0000000198555714092663038173
00.0000000198555714092663038173
00.0000000198555714092663038173
00.0000000198555714092663038173
00.0000000198555714092663038173
00.0000000198555714092663038173
00.0000000198555714092663038173
00.0000000198555714092663038173
00.0000000198555714092663038173
00.0000000198555714092663038173
00.0000000198555714092663038173
00.0000000198555714092663038173
00.0000000198555714092663038173
00.0000000198555714092663038173
00.0000000198555714092663038173
00.0000000198555714092663038173
00.0000000198555714092663038173
00.0000000198555714092663038173
00.0000000198555714092663038173
00.0000000198555714092663038173
00.0000000198555714092663038173
00.0000000198555714092663038173
00.0000000198555714092663038173
00.0000000198555714092663038173
00.0000000198555714092663038173
00.0000000198555714092663038173
00.0000000198555714092663038173
00.0000000198555714092663038173
00.0000000198555714092663038173
00.0000000198555714092663038173
00.0000000198555714092663038173
00.0000000198555714092663038173
00.0000000198555714092663038173
00.0000000198555714092663038173
00.0000000198555714092663038173
00.0000000198555714092663038173
00.0000000198555714092663038173
00.0000000198555714092663038173
00.0000000198555714092663038173
00.0000000198555714092663038173
00.0000000198555714092663038173
00.0000000198555714092663038173
00.0000000198555714092663038173
00.0000000198555714092663038173
00.0000000198555714092663038173
00.0000000198555714092663038173
00.0000000198555714092663038173
00.0000000198555714092663038173
00.0000000198555714092663038173
00.0000000198555714092663038173
00.0000000198555714092663038173
00.0000000198555714092663038173
00.0000000198555714092663038173
00.0000000198555714092663038173
00.0000000198555714092663038173
00.0000000198555714092663038173
00.0000000198555714092663038173
00.0000000198555714092663038173
00.0000000198555714092663038173
00.0000000198555714092663038173
00.0000000198555714092663038173
00.0000000198555714092663038173
00.0000000198555714092663038173
00.0000000198555714092663038173
00.0000000198555714092663038173
00.0000000198555714092663038173
00.0000000198555714092663038173
00.0000000198555714092663038173
00.0000000198555714092663038173
00.0000000198555714092663038173
00.0000000198555714092663038173
00.0000000198555714092663038173
00.0000000198555714092663038173
00.0000000198555714092663038173
00.0000000198555714092663038173
00.0000000198555714092663038173
00.0000000198555714092663038173
00.0000000198555714092663038173
00.0000000198555714092663038173
00.0000000198555714092663038173
00.0000000198555714092663038173
00.0000000198555714092663038173
00.0000000198555714092663038173
00.0000000198555714092663038173
00.0000000198555714092663038173
00.0000000198555714092663038173
00.0000000198555714092663038173
00.0000000198555714092663038173
00.0000000198555714092663038173
00.0000000198555714092663038173
00.0000000198555714092663038173
00.0000000198555714092663038173
00.0000000198555714092663038173
00.0000000198555714092663038173
00.0000000198555714092663038173
00.0000000198555714092663038173
00.0000000198555714092663038173
00.0000000198555714092663038173
00.0000000198555714092663038173
00.0000000198555714092663038173
00.0000000198555714092663038173
00.0000000198555714092663038173
00.0000000198555714092663038173
00.0000000198555714092663038173
00.0000000198555714092663038173
00.0000000198555714092663038173
00.0000000198555714092663038173
00.0000000198555714092663038173
00.0000000198555714092663038173
00.0000000198555714092663038173
00.0000000198555714092663038173
00.0000000198555714092663038173
00.0000000198555714092663038173
00.0000000198555714092663038173
00.0000000198555714092663038173
00.0000000198555714092663038173
00.0000000198555714092663038173
00.0000000198555714092663038173
00.0000000198555714092663038173
00.0000000198555714092663038173
00.0000000198555714092663038173
00.0000000198555714092663038173
00.0000000198555714092663038173
00.0000000198555714092663038173
00.0000000198555714092663038173
00.0000000198555714092663038173
00.0000000198555714092663038173
00.0000000198555714092663038173
00.0000000198555714092663038173
00.0000000198555714092663038173
00.0000000198555714092663038173
00.0000000198555714092663038173
00.0000000198555714092663038173
00.0000000198555714092663038173
00.0000000198555714092663038173
00.0000000198555714092663038173
00.0000000198555714092663038173
00.0000000198555714092663038173
00.0000000198555714092663038173
00.0000000198555714092663038173
00.0000000198555714092663038173
00.0000000198555714092663038173
00.0000000198555714092663038173
00.0000000198555714092663038173
00.0000000198555714092663038173
00.0000000198555714092663038173
00.0000000198555714092663038173
00.0000000198555714092663038173
00.0000000198555714092663038173
00.0000000198555714092663038173
00.0000000198555714092663038173
00.0000000198555714092663038173
00.0000000198555714092663038173
00.0000000198555714092663038173
00.0000000198555714092663038173
00.0000000198555714092663038173
00.0000000198555714092663038173
00.0000000198555714092663038173
00.0000000198555714092663038173
00.0000000198555714092663038173
00.0000000198555714092663038173
00.0000000198555714092663038173
00.0000000198555714092663038173
00.0000000198555714092663038173
00.0000000198555714092663038173
00.0000000198555714092663038173
00.0000000198555714092663038173
00.0000000198555714092663038173
00.0000000198555714092663038173
00.0000000198555714092663038173
00.0000000198555714092663038173
00.0000000198555714092663038173
00.0000000198555714092663038173
00.0000000198555714092663038173
00.0000000198555714092663038173
00.0000000198555714092663038173
00.0000000198555714092663038173
00.0000000198555714092663038173
00.0000000198555714092663038173
00.0000000198555714092663038173
00.0000000198555714092663038173
00.0000000198555714092663038173
00.0000000198555714092663038173
00.0000000198555714092663038173
00.0000000198555714092663038173
00.0000000198555714092663038173
00.0000000198555714092663038173
00.0000000198555714092663038173
00.0000000198555714092663038173
00.0000000198555714092663038173
00.0000000198555714092663038173
00.0000000198555714092663038173
00.0000000198555714092663038173
00.0000000198555714092663038173
00.0000000198555714092663038173
00.0000000198555714092663038173
00.0000000198555714092663038173
00.0000000198555714092663038173
00.0000000198555714092663038173
00.0000000198555714092663038173
00.0000000198555714092663038173
00.0000000198555714092663038173
00.0000000198555714092663038173
00.0000000198555714092663038173
00.0000000198555714092663038173
00.0000000198555714092663038173
00.0000000198555714092663038173
00.0000000198555714092663038173
00.0000000198555714092663038173
00.0000000198555714092663038173
00.0000000198555714092663038173
00.0000000198555714092663038173
00.0000000198555714092663038173
00.0000000198555714092663038173
00.0000000198555714092663038173
00.0000000198555714092663038173
00.0000000198555714092663038173
00.0000000198555714092663038173
00.0000000198555714092663038173
00.0000000198555714092663038173
00.0000000198555714092663038173
00.0000000198555714092663038173
00.0000000198555714092663038173
00.0000000198555714092663038173
00.0000000198555714092663038173
00.0000000198555714092663038173
00.0000000198555714092663038173
00.0000000198555714092663038173
00.0000000198555714092663038173
00.0000000198555714092663038173
00.0000000198555714092663038173
00.0000000198555714092663038173
00.0000000198555714092663038173
00.0000000198555714092663038173
00.0000000198555714092663038173
00.0000000198555714092663038173
00.0000000198555714092663038173
00.0000000198555714092663038173
00.0000000198555714092663038173
00.0000000198555714092663038173
00.0000000198555714092663038173
00.0000000198555714092663038173
00.0000000198555714092663038173
00.0000000198555714092663038173
00.0000000198555714092663038173
00.0000000198555714092663038173
00.0000000198555714092663038173
00.0000000198555714092663038173
00.0000000198555714092663038173
00.0000000198555714092663038173
00.0000000198555714092663038173
00.0000000198555714092663038173
00.0000000198555714092663038173
00.0000000198555714092663038173
00.0000000198555714092663038173
00.0000000198555714092663038173
00.0000000198555714092663038173
00.0000000198555714092663038173
00.0000000198555714092663038173
00.0000000198555714092663038173
00.0000000198555714092663038173
00.0000000198555714092663038173
00.0000000198555714092663038173
00.0000000198555714092663038173
00.0000000198555714092663038173
00.0000000198555714092663038173
00.0000000198555714092663038173
00.0000000198555714092663038173
00.0000000198555714092663038173
00.0000000198555714092663038173
00.0000000198555714092663038173
00.0000000198555714092663038173
00.0000000198555714092663038173
00.0000000198555714092663038173
00.0000000198555714092663038173
00.0000000198555714092663038173
00.0000000198555714092663038173
00.0000000198555714092663038173
00.0000000198555714092663038173
00.0000000198555714092663038173
00.0000000198555714092663038173
00.0000000198555714092663038173
00.0000000198555714092663038173
00.0000000198555714092663038173
00.0000000198555714092663038173
00.0000000198555714092663038173
00.0000000198555714092663038173
00.0000000198555714092663038173
00.0000000198555714092663038173
00.0000000198555714092663038173
00.0000000198555714092663038173
00.0000000198555714092663038173
00.0000000198555714092663038173
00.0000000198555714092663038173
00.0000000198555714092663038173
00.0000000198555714092663038173
00.0000000198555714092663038173
00.0000000198555714092663038173
00.0000000198555714092663038173
00.0000000198555714092663038173
00.0000000198555714092663038173
00.0000000198555714092663038173
00.0000000198555714092663038173
00.0000000198555714092663038173
00.0000000198555714092663038173
00.0000000198555714092663038173
00.0000000198555714092663038173
00.0000000198555714092663038173
00.0000000198555714092663038173
00.0000000198555714092663038173
00.0000000198555714092663038173
00.0000000198555714092663038173
00.0000000198555714092663038173
00.0000000198555714092663038173
00.0000000198555714092663038173
00.0000000198555714092663038173
00.0000000198555714092663038173
00.0000000198555714092663038173
00.0000000198555714092663038173
00.0000000198555714092663038173
00.0000000198555714092663038173
00.0000000198555714092663038173
00.0000000198555714092663038173
00.0000000198555714092663038173
00.0000000198555714092663038173
00.0000000198555714092663038173
00.0000000198555714092663038173
00.0000000198555714092663038173
00.0000000198555714092663038173
00.0000000198555714092663038173
00.0000000198555714092663038173
00.0000000198555714092663038173
00.0000000198555714092663038173
00.0000000198555714092663038173
00.0000000198555714092663038173
00.0000000198555714092663038173
00.0000000198555714092663038173
00.0000000198555714092663038173
00.0000000198555714092663038173
00.0000000198555714092663038173
00.0000000198555714092663038173
00.0000000198555714092663038173
00.0000000198555714092663038173
00.0000000198555714092663038173
00.0000000198555714092663038173
00.0000000198555714092663038173
00.0000000198555714092663038173
00.0000000198555714092663038173
00.0000000198555714092663038173
00.0000000198555714092663038173
00.0000000198555714092663038173
00.0000000198555714092663038173
00.0000000198555714092663038173
00.0000000198555714092663038173
00.0000000198555714092663038173
00.0000000198555714092663038173
00.0000000198555714092663038173
00.0000000198555714092663038173
00.0000000198555714092663038173
00.0000000198555714092663038173
00.0000000198555714092663038173
00.0000000198555714092663038173
00.0000000198555714092663038173
00.0000000198555714092663038173
00.0000000198555714092663038173
00.0000000198555714092663038173
00.0000000198555714092663038173
00.0000000198555714092663038173
00.0000000198555714092663038173
00.0000000198555714092663038173
00.0000000198555714092663038173
00.0000000198555714092663038173
00.0000000198555714092663038173
00.0000000198555714092663038173
00.0000000198555714092663038173
00.0000000198555714092663038173
00.0000000198555714092663038173
00.0000000198555714092663038173
00.0000000198555714092663038173
00.0000000198555714092663038173
00.0000000198555714092663038173
00.0000000198555714092663038173
00.0000000198555714092663038173
00.0000000198555714092663038173
00.0000000198555714092663038173
00.0000000198555714092663038173
00.0000000198555714092663038173
00.0000000198555714092663038173
00.0000000198555714092663038173
00.0000000198555714092663038173
00.0000000198555714092663038173
00.0000000198555714092663038173
00.0000000198555714092663038173
00.0000000198555714092663038173
00.0000000198555714092663038173
00.0000000198555714092663038173
00.0000000198555714092663038173
00.0000000198555714092663038173
00.0000000198555714092663038173
00.0000000198555714092663038173
00.0000000198555714092663038173
00.0000000198555714092663038173
00.0000000198555714092663038173
00.0000000198555714092663038173
00.0000000198555714092663038173
00.0000000198555714092663038173
00.0000000198555714092663038173
00.0000000198555714092663038173
00.0000000198555714092663038173
00.0000000198555714092663038173
00.0000000198555714092663038173
00.0000000198555714092663038173
00.0000000198555714092663038173
00.0000000198555714092663038173
00.0000000198555714092663038173
00.0000000198555714092663038173
00.0000000198555714092663038173
00.0000000198555714092663038173
00.0000000198555714092663038173
00.0000000198555714092663038173
00.0000000198555714092663038173
00.0000000198555714092663038173
00.0000000198555714092663038173
00.0000000198555714092663038173
00.0000000198555714092663038173
00.0000000198555714092663038173
00.0000000198555714092663038173
00.0000000198555714092663038173
00.0000000198555714092663038173
00.0000000198555714092663038173
00.0000000198555714092663038173
00.0000000198555714092663038173
00.0000000198555714092663038173
00.0000000198555714092663038173
00.0000000198555714092663038173
00.0000000198555714092663038173
00.0000000198555714092663038173
00.0000000198555714092663038173
00.0000000198555714092663038173
00.0000000198555714092663038173
00.0000000198555714092663038173
00.0000000198555714092663038173
00.0000000198555714092663038173
00.0000000198555714092663038173
00.0000000198555714092663038173
00.0000000198555714092663038173
00.0000000198555714092663038173
00.0000000198555714092663038173
00.0000000198555714092663038173
00.0000000198555714092663038173
00.0000000198555714092663038173
00.0000000198555714092663038173
00.0000000198555714092663038173
00.0000000198555714092663038173
00.0000000198555714092663038173
00.0000000198555714092663038173
00.0000000198555714092663038173
00.0000000198555714092663038173
00.0000000198555714092663038173
00.0000000198555714092663038173
00.0000000198555714092663038173
00.0000000198555714092663038173
00.0000000198555714092663038173
00.0000000198555714092663038173
00.0000000198555714092663038173
00.0000000198555714092663038173
00.0000000198555714092663038173
00.0000000198555714092663038173
00.0000000198555714092663038173
00.0000000198555714092663038173
00.0000000198555714092663038173
00.0000000198555714092663038173
00.0000000198555714092663038173
00.0000000198555714092663038173
00.0000000198555714092663038173
00.0000000198555714092663038173
00.0000000198555714092663038173
00.0000000198555714092663038173
00.0000000198555714092663038173
00.0000000198555714092663038173
00.0000000198555714092663038173
00.0000000198555714092663038173
00.0000000198555714092663038173
00.0000000198555714092663038173
00.0000000198555714092663038173
00.0000000198555714092663038173
00.0000000198555714092663038173
00.0000000198555714092663038173
00.0000000198555714092663038173
00.0000000198555714092663038173
00.0000000198555714092663038173
00.0000000198555714092663038173
00.0000000198555714092663038173
00.0000000198555714092663038173
00.0000000198555714092663038173
00.0000000198555714092663038173
00.0000000198555714092663038173
00.0000000198555714092663038173
00.0000000198555714092663038173
00.0000000198555714092663038173
00.0000000198555714092663038173
00.0000000198555714092663038173
00.0000000198555714092663038173
00.0000000198555714092663038173
00.0000000198555714092663038173
00.0000000198555714092663038173
00.0000000198555714092663038173
00.0000000198555714092663038173
00.0000000198555714092663038173
00.0000000198555714092663038173
00.0000000198555714092663038173
00.0000000198555714092663038173
00.0000000198555714092663038173
00.0000000198555714092663038173
00.0000000198555714092663038173
00.0000000198555714092663038173
00.0000000198555714092663038173
00.0000000198555714092663038173
00.0000000198555714092663038173
00.0000000198555714092663038173
00.0000000198555714092663038173
00.0000000198555714092663038173
00.0000000198555714092663038173
00.0000000198555714092663038173
00.0000000198555714092663038173
00.0000000198555714092663038173
00.0000000198555714092663038173
00.0000000198555714092663038173
00.0000000198555714092663038173
00.0000000198555714092663038173
00.0000000198555714092663038173
00.0000000198555714092663038173
00.0000000198555714092663038173
00.0000000198555714092663038173
00.0000000198555714092663038173
00.0000000198555714092663038173
00.0000000198555714092663038173
00.0000000198555714092663038173
00.0000000198555714092663038173
00.0000000198555714092663038173
00.0000000198555714092663038173
00.0000000198555714092663038173
00.0000000198555714092663038173
00.0000000198555714092663038173
00.0000000198555714092663038173
00.0000000198555714092663038173
00.0000000198555714092663038173
00.0000000198555714092663038173
00.0000000198555714092663038173
00.0000000198555714092663038173
00.0000000198555714092663038173
00.0000000198555714092663038173
00.0000000198555714092663038173
00.0000000198555714092663038173
00.0000000198555714092663038173
00.0000000198555714092663038173
00.0000000198555714092663038173
00.0000000198555714092663038173
00.0000000198555714092663038173
00.0000000198555714092663038173
00.0000000198555714092663038173
00.0000000198555714092663038173
00.0000000198555714092663038173
00.0000000198555714092663038173
00.0000000198555714092663038173
00.0000000198555714092663038173
00.0000000198555714092663038173
00.0000000198555714092663038173
00.0000000198555714092663038173
00.0000000198555714092663038173
00.0000000198555714092663038173
00.0000000198555714092663038173
00.0000000198555714092663038173
00.0000000198555714092663038173
00.0000000198555714092663038173
00.0000000198555714092663038173
00.0000000198555714092663038173
00.0000000198555714092663038173
00.0000000198555714092663038173
00.0000000198555714092663038173
00.0000000198555714092663038173
00.0000000198555714092663038173
00.0000000198555714092663038173
00.0000000198555714092663038173
00.0000000198555714092663038173
00.0000000198555714092663038173
00.0000000198555714092663038173
00.0000000198555714092663038173
00.0000000198555714092663038173
00.0000000198555714092663038173
00.0000000198555714092663038173
00.0000000198555714092663038173
00.0000000198555714092663038173
00.0000000198555714092663038173
00.0000000198555714092663038173
00.0000000198555714092663038173
00.0000000198555714092663038173
00.0000000198555714092663038173
00.0000000198555714092663038173
00.0000000198555714092663038173
00.0000000198555714092663038173
00.0000000198555714092663038173
00.0000000198555714092663038173
00.0000000198555714092663038173
00.0000000198555714092663038173
00.0000000198555714092663038173
00.0000000198555714092663038173
00.0000000198555714092663038173
00.0000000198555714092663038173
00.0000000198555714092663038173
00.0000000198555714092663038173
00.0000000198555714092663038173
00.0000000198555714092663038173
00.0000000198555714092663038173
00.0000000198555714092663038173
00.0000000198555714092663038173
00.0000000198555714092663038173
00.0000000198555714092663038173
00.0000000198555714092663038173
00.0000000198555714092663038173
00.0000000198555714092663038173
00.0000000198555714092663038173
00.0000000198555714092663038173
00.0000000198555714092663038173
00.0000000198555714092663038173
00.0000000198555714092663038173
00.0000000198555714092663038173
00.0000000198555714092663038173
00.0000000198555714092663038173
00.0000000198555714092663038173
00.0000000198555714092663038173
00.0000000198555714092663038173
00.0000000198555714092663038173
00.0000000198555714092663038173
00.0000000198555714092663038173
00.0000000198555714092663038173
00.0000000198555714092663038173
00.0000000198555714092663038173
00.0000000198555714092663038173
00.0000000198555714092663038173
00.0000000198555714092663038173
00.0000000198555714092663038173
00.0000000198555714092663038173
00.0000000198555714092663038173
00.0000000198555714092663038173
00.0000000198555714092663038173
00.0000000198555714092663038173
00.0000000198555714092663038173
00.0000000198555714092663038173
00.0000000198555714092663038173
00.0000000198555714092663038173
00.0000000172854709434844266980
00.0000000172854709434844266980
00.0000000172854709434844266980
00.0000000172854709434844266980
00.0000000172854709434844266980
00.0000000172854709434844266980
00.0000000172854709434844266980
00.0000000172854709434844266980
00.0000000172854709434844266980
00.0000000172854709434844266980
00.0000000172854709434844266980
00.0000000172854709434844266980
00.0000000172854709434844266980
00.0000000172854709434844266980
00.0000000172854709434844266980
00.0000000172854709434844266980
00.0000000172854709434844266980
00.0000000172854709434844266980
00.0000000172854709434844266980
00.0000000172854709434844266980
00.0000000172854709434844266980
00.0000000172854709434844266980
00.0000000172854709434844266980
00.0000000172854709434844266980
00.0000000172854709434844266980
00.0000000172854709434844266980
00.0000000172854709434844266980
00.0000000172854709434844266980
00.0000000172854709434844266980
00.0000000172854709434844266980
00.0000000172854709434844266980
00.0000000172854709434844266980
00.0000000172854709434844266980
00.0000000172854709434844266980
00.0000000172854709434844266980
00.0000000172854709434844266980
00.0000000172854709434844266980
00.0000000172854709434844266980
00.0000000172854709434844266980
00.0000000172854709434844266980
00.0000000172854709434844266980
00.0000000172854709434844266980
00.0000000172854709434844266980
00.0000000172854709434844266980
00.0000000172854709434844266980
00.0000000172854709434844266980
00.0000000172854709434844266980
00.0000000172854709434844266980
00.0000000172854709434844266980
00.0000000172854709434844266980
00.0000000172854709434844266980
00.0000000172854709434844266980
00.0000000172854709434844266980
00.0000000172854709434844266980
00.0000000172854709434844266980
00.0000000172854709434844266980
00.0000000172854709434844266980
00.0000000172854709434844266980
00.0000000172854709434844266980
00.0000000172854709434844266980
00.0000000172854709434844266980
00.0000000172854709434844266980
00.0000000172854709434844266980
00.0000000172854709434844266980
00.0000000172854709434844266980
00.0000000172854709434844266980
00.0000000172854709434844266980
00.0000000172854709434844266980
00.0000000172854709434844266980
00.0000000172854709434844266980
00.0000000172854709434844266980
00.0000000172854709434844266980
00.0000000172854709434844266980
00.0000000172854709434844266980
00.0000000172854709434844266980
00.0000000172854709434844266980
00.0000000172854709434844266980
00.0000000172854709434844266980
00.0000000172854709434844266980
00.0000000172854709434844266980
00.0000000172854709434844266980
00.0000000172854709434844266980
00.0000000172854709434844266980
00.0000000172854709434844266980
00.0000000172854709434844266980
00.0000000172854709434844266980
00.0000000172854709434844266980
00.0000000172854709434844266980
00.0000000172854709434844266980
00.0000000172854709434844266980
00.0000000172854709434844266980
00.0000000172854709434844266980
00.0000000172854709434844266980
00.0000000172854709434844266980
00.0000000172854709434844266980
00.0000000172854709434844266980
00.0000000172854709434844266980
00.0000000172854709434844266980
00.0000000172854709434844266980
00.0000000172854709434844266980
00.0000000172854709434844266980
00.0000000172854709434844266980
00.0000000172854709434844266980
00.0000000172854709434844266980
00.0000000172854709434844266980
00.0000000172854709434844266980
00.0000000172854709434844266980
00.0000000172854709434844266980
00.0000000172854709434844266980
00.0000000172854709434844266980
00.0000000172854709434844266980
00.0000000172854709434844266980
00.0000000172854709434844266980
00.0000000172854709434844266980
00.0000000172854709434844266980
00.0000000172854709434844266980
00.0000000172854709434844266980
00.0000000172854709434844266980
00.0000000172854709434844266980
00.0000000172854709434844266980
00.0000000172854709434844266980
00.0000000172854709434844266980
00.0000000172854709434844266980
00.0000000172854709434844266980
00.0000000172854709434844266980
00.0000000172854709434844266980
00.0000000172854709434844266980
00.0000000172854709434844266980
00.0000000172854709434844266980
00.0000000172854709434844266980
00.0000000172854709434844266980
00.0000000172854709434844266980
00.0000000172854709434844266980
00.0000000172854709434844266980
00.0000000172854709434844266980
00.0000000172854709434844266980
00.0000000172854709434844266980
00.0000000172854709434844266980
00.0000000172854709434844266980
00.0000000172854709434844266980
00.0000000172854709434844266980
00.0000000172854709434844266980
00.0000000172854709434844266980
00.0000000172854709434844266980
00.0000000172854709434844266980
00.0000000172854709434844266980
00.0000000172854709434844266980
00.0000000172854709434844266980
00.0000000172854709434844266980
00.0000000172854709434844266980
00.0000000172854709434844266980
00.0000000172854709434844266980
00.0000000172854709434844266980
00.0000000172854709434844266980
00.0000000172854709434844266980
00.0000000172854709434844266980
00.0000000172854709434844266980
00.0000000172854709434844266980
00.0000000172854709434844266980
00.0000000172854709434844266980
00.0000000172854709434844266980
00.0000000172854709434844266980
00.0000000172854709434844266980
00.0000000172854709434844266980
00.0000000172854709434844266980
00.0000000172854709434844266980
00.0000000172854709434844266980
00.0000000172854709434844266980
00.0000000172854709434844266980
00.0000000172854709434844266980
00.0000000172854709434844266980
00.0000000172854709434844266980
00.0000000172854709434844266980
00.0000000172854709434844266980
00.0000000172854709434844266980
00.0000000172854709434844266980
00.0000000172854709434844266980
00.0000000172854709434844266980
00.0000000172854709434844266980
00.0000000172854709434844266980
00.0000000172854709434844266980
00.0000000172854709434844266980
00.0000000172854709434844266980
00.0000000172854709434844266980
00.0000000172854709434844266980
00.0000000172854709434844266980
00.0000000172854709434844266980
00.0000000172854709434844266980
00.0000000172854709434844266980
00.0000000172854709434844266980
00.0000000172854709434844266980
00.0000000172854709434844266980
00.0000000172854709434844266980
00.0000000172854709434844266980
00.0000000172854709434844266980
00.0000000172854709434844266980
00.0000000172854709434844266980
00.0000000172854709434844266980
00.0000000172854709434844266980
00.0000000172854709434844266980
00.0000000172854709434844266980
00.0000000172854709434844266980
00.0000000172854709434844266980
00.0000000172854709434844266980
00.0000000172854709434844266980
00.0000000172854709434844266980
00.0000000172854709434844266980
00.0000000172854709434844266980
00.0000000172854709434844266980
00.0000000172854709434844266980
00.0000000172854709434844266980
00.0000000172854709434844266980
00.0000000172854709434844266980
00.0000000172854709434844266980
00.0000000172854709434844266980
00.0000000172854709434844266980
00.0000000172854709434844266980
00.0000000172854709434844266980
00.0000000172854709434844266980
00.0000000172854709434844266980
00.0000000172854709434844266980
00.0000000172854709434844266980
00.0000000172854709434844266980
00.0000000172854709434844266980
00.0000000172854709434844266980
00.0000000172854709434844266980
00.0000000172854709434844266980
00.0000000172854709434844266980
00.0000000172854709434844266980
00.0000000172854709434844266980
00.0000000172854709434844266980
00.0000000172854709434844266980
00.0000000172854709434844266980
00.0000000172854709434844266980
00.0000000172854709434844266980
00.0000000172854709434844266980
00.0000000172854709434844266980
00.0000000172854709434844266980
00.0000000172854709434844266980
00.0000000172854709434844266980
00.0000000172854709434844266980
00.0000000172854709434844266980
00.0000000172854709434844266980
00.0000000172854709434844266980
00.0000000172854709434844266980
00.0000000172854709434844266980
00.0000000172854709434844266980
00.0000000172854709434844266980
00.0000000172854709434844266980
00.0000000172854709434844266980
00.0000000172854709434844266980
00.0000000172854709434844266980
00.0000000172854709434844266980
00.0000000172854709434844266980
00.0000000172854709434844266980
00.0000000172854709434844266980
00.0000000172854709434844266980
00.0000000172854709434844266980
00.0000000172854709434844266980
00.0000000172854709434844266980
00.0000000172854709434844266980
00.0000000172854709434844266980
00.0000000172854709434844266980
00.0000000172854709434844266980
00.0000000172854709434844266980
00.0000000172854709434844266980
00.0000000172854709434844266980
00.0000000172854709434844266980
00.0000000172854709434844266980
00.0000000172854709434844266980
00.0000000172854709434844266980
00.0000000172854709434844266980
00.0000000172854709434844266980
00.0000000172854709434844266980
00.0000000172854709434844266980
00.0000000172854709434844266980
00.0000000172854709434844266980
00.0000000172854709434844266980
00.0000000172854709434844266980
00.0000000172854709434844266980
00.0000000172854709434844266980
00.0000000172854709434844266980
00.0000000172854709434844266980
00.0000000172854709434844266980
00.0000000172854709434844266980
00.0000000172854709434844266980
00.0000000172854709434844266980
00.0000000172854709434844266980
00.0000000172854709434844266980
00.0000000172854709434844266980
00.0000000172854709434844266980
00.0000000172854709434844266980
00.0000000172854709434844266980
00.0000000172854709434844266980
00.0000000172854709434844266980
00.0000000172854709434844266980
00.0000000172854709434844266980
00.0000000172854709434844266980
00.0000000172854709434844266980
00.0000000172854709434844266980
00.0000000172854709434844266980
00.0000000172854709434844266980
00.0000000172854709434844266980
00.0000000172854709434844266980
00.0000000172854709434844266980
00.0000000172854709434844266980
00.0000000172854709434844266980
00.0000000172854709434844266980
00.0000000172854709434844266980
00.0000000172854709434844266980
00.0000000172854709434844266980
00.0000000172854709434844266980
00.0000000172854709434844266980
00.0000000172854709434844266980
00.0000000172854709434844266980
00.0000000172854709434844266980
00.0000000172854709434844266980
00.0000000172854709434844266980
00.0000000172854709434844266980
00.0000000172854709434844266980
00.0000000172854709434844266980
00.0000000172854709434844266980
00.0000000172854709434844266980
00.0000000172854709434844266980
00.0000000172854709434844266980
00.0000000172854709434844266980
00.0000000172854709434844266980
00.0000000172854709434844266980
00.0000000172854709434844266980
00.0000000172854709434844266980
00.0000000172854709434844266980
00.0000000172854709434844266980
00.0000000172854709434844266980
00.0000000172854709434844266980
00.0000000172854709434844266980
00.0000000172854709434844266980
00.0000000172854709434844266980
00.0000000172854709434844266980
00.0000000172854709434844266980
00.0000000172854709434844266980
00.0000000172854709434844266980
00.0000000172854709434844266980
00.0000000172854709434844266980
00.0000000172854709434844266980
00.0000000172854709434844266980
00.0000000172854709434844266980
00.0000000172854709434844266980
00.0000000172854709434844266980
00.0000000172854709434844266980
00.0000000172854709434844266980
00.0000000172854709434844266980
00.0000000172854709434844266980
00.0000000172854709434844266980
00.0000000172854709434844266980
00.0000000172854709434844266980
00.0000000172854709434844266980
00.0000000172854709434844266980
00.0000000172854709434844266980
00.0000000172854709434844266980
00.0000000172854709434844266980
00.0000000172854709434844266980
00.0000000172854709434844266980
00.0000000172854709434844266980
00.0000000172854709434844266980
00.0000000172854709434844266980
00.0000000172854709434844266980
00.0000000172854709434844266980
00.0000000172854709434844266980
00.0000000172854709434844266980
00.0000000172854709434844266980
00.0000000172854709434844266980
00.0000000172854709434844266980
00.0000000172854709434844266980
00.0000000172854709434844266980
00.0000000172854709434844266980
00.0000000172854709434844266980
00.0000000172854709434844266980
00.0000000172854709434844266980
00.0000000172854709434844266980
00.0000000172854709434844266980
00.0000000172854709434844266980
00.0000000172854709434844266980
00.0000000172854709434844266980
00.0000000172854709434844266980
00.0000000172854709434844266980
00.0000000172854709434844266980
00.0000000172854709434844266980
00.0000000172854709434844266980
00.0000000172854709434844266980
00.0000000172854709434844266980
00.0000000172854709434844266980
00.0000000172854709434844266980
00.0000000172854709434844266980
00.0000000172854709434844266980
00.0000000172854709434844266980
00.0000000172854709434844266980
00.0000000172854709434844266980
00.0000000172854709434844266980
00.0000000172854709434844266980
00.0000000172854709434844266980
00.0000000172854709434844266980
00.0000000172854709434844266980
00.0000000172854709434844266980
00.0000000172854709434844266980
00.0000000172854709434844266980
00.0000000172854709434844266980
00.0000000172854709434844266980
00.0000000172854709434844266980
00.0000000172854709434844266980
00.0000000172854709434844266980
00.0000000172854709434844266980
00.0000000172854709434844266980
00.0000000172854709434844266980
00.0000000172854709434844266980
00.0000000172854709434844266980
00.0000000172854709434844266980
00.0000000172854709434844266980
00.0000000172854709434844266980
00.0000000172854709434844266980
00.0000000172854709434844266980
00.0000000172854709434844266980
00.0000000172854709434844266980
00.0000000172854709434844266980
00.0000000172854709434844266980
00.0000000172854709434844266980
00.0000000172854709434844266980
00.0000000172854709434844266980
00.0000000172854709434844266980
00.0000000172854709434844266980
00.0000000172854709434844266980
00.0000000172854709434844266980
00.0000000172854709434844266980
00.0000000172854709434844266980
00.0000000172854709434844266980
00.0000000172854709434844266980
00.0000000172854709434844266980
00.0000000172854709434844266980
00.0000000172854709434844266980
00.0000000172854709434844266980
00.0000000172854709434844266980
00.0000000172854709434844266980
00.0000000172854709434844266980
00.0000000172854709434844266980
00.0000000172854709434844266980
00.0000000172854709434844266980
00.0000000172854709434844266980
00.0000000172854709434844266980
00.0000000172854709434844266980
00.0000000172854709434844266980
00.0000000172854709434844266980
00.0000000172854709434844266980
00.0000000172854709434844266980
00.0000000172854709434844266980
00.0000000172854709434844266980
00.0000000172854709434844266980
00.0000000172854709434844266980
00.0000000172854709434844266980
00.0000000172854709434844266980
00.0000000172854709434844266980
00.0000000172854709434844266980
00.0000000172854709434844266980
00.0000000172854709434844266980
00.0000000172854709434844266980
00.0000000172854709434844266980
00.0000000172854709434844266980
00.0000000172854709434844266980
00.0000000172854709434844266980
00.0000000172854709434844266980
00.0000000172854709434844266980
00.0000000172854709434844266980
00.0000000172854709434844266980
00.0000000172854709434844266980
00.0000000172854709434844266980
00.0000000172854709434844266980
00.0000000172854709434844266980
00.0000000172854709434844266980
00.0000000172854709434844266980
00.0000000172854709434844266980
00.0000000172854709434844266980
00.0000000172854709434844266980
00.0000000172854709434844266980
00.0000000172854709434844266980
00.0000000172854709434844266980
00.0000000172854709434844266980
00.0000000172854709434844266980
00.0000000172854709434844266980
00.0000000172854709434844266980
00.0000000172854709434844266980
00.0000000172854709434844266980
00.0000000172854709434844266980
00.0000000172854709434844266980
00.0000000172854709434844266980
00.0000000172854709434844266980
00.0000000172854709434844266980
00.0000000172854709434844266980
00.0000000172854709434844266980
00.0000000172854709434844266980
00.0000000172854709434844266980
00.0000000172854709434844266980
00.0000000172854709434844266980
00.0000000172854709434844266980
00.0000000172854709434844266980
00.0000000172854709434844266980
00.0000000172854709434844266980
00.0000000172854709434844266980
00.0000000172854709434844266980
00.0000000172854709434844266980
00.0000000172854709434844266980
00.0000000172854709434844266980
00.0000000172854709434844266980
00.0000000172854709434844266980
00.0000000172854709434844266980
00.0000000172854709434844266980
00.0000000172854709434844266980
00.0000000172854709434844266980
00.0000000172854709434844266980
00.0000000172854709434844266980
00.0000000172854709434844266980
00.0000000172854709434844266980
00.0000000172854709434844266980
00.0000000172854709434844266980
00.0000000172854709434844266980
00.0000000172854709434844266980
00.0000000172854709434844266980
00.0000000172854709434844266980
00.0000000172854709434844266980
00.0000000172854709434844266980
00.0000000172854709434844266980
00.0000000172854709434844266980
00.0000000172854709434844266980
00.0000000172854709434844266980
00.0000000172854709434844266980
00.0000000172854709434844266980
00.0000000172854709434844266980
00.0000000172854709434844266980
00.0000000172854709434844266980
00.0000000172854709434844266980
00.0000000172854709434844266980
00.0000000172854709434844266980
00.0000000172854709434844266980
00.0000000172854709434844266980
00.0000000172854709434844266980
00.0000000172854709434844266980
00.0000000172854709434844266980
00.0000000172854709434844266980
00.0000000172854709434844266980
00.0000000172854709434844266980
00.0000000172854709434844266980
00.0000000172854709434844266980
00.0000000172854709434844266980
00.0000000172854709434844266980
00.0000000172854709434844266980
00.0000000172854709434844266980
00.0000000172854709434844266980
00.0000000172854709434844266980
00.0000000172854709434844266980
00.0000000172854709434844266980
00.0000000172854709434844266980
00.0000000172854709434844266980
00.0000000172854709434844266980
00.0000000172854709434844266980
00.0000000172854709434844266980
00.0000000172854709434844266980
00.0000000172854709434844266980
00.0000000172854709434844266980
00.0000000172854709434844266980
00.0000000172854709434844266980
00.0000000172854709434844266980
00.0000000172854709434844266980
00.0000000172854709434844266980
00.0000000172854709434844266980
00.0000000172854709434844266980
00.0000000172854709434844266980
00.0000000172854709434844266980
00.0000000172854709434844266980
00.0000000172854709434844266980
00.0000000172854709434844266980
00.0000000172854709434844266980
00.0000000172854709434844266980
00.0000000172854709434844266980
00.0000000172854709434844266980
00.0000000172854709434844266980
00.0000000172854709434844266980
00.0000000172854709434844266980
00.0000000172854709434844266980
00.0000000172854709434844266980
00.0000000172854709434844266980
00.0000000172854709434844266980
00.0000000172854709434844266980
00.0000000172854709434844266980
00.0000000172854709434844266980
00.0000000172854709434844266980
00.0000000172854709434844266980
00.0000000172854709434844266980
00.0000000172854709434844266980
00.0000000172854709434844266980
00.0000000172854709434844266980
00.0000000172854709434844266980
00.0000000172854709434844266980
00.0000000172854709434844266980
00.0000000172854709434844266980
00.0000000172854709434844266980
00.0000000172854709434844266980
00.0000000172854709434844266980
00.0000000172854709434844266980
00.0000000172854709434844266980
00.0000000172854709434844266980
00.0000000172854709434844266980
00.0000000172854709434844266980
00.0000000172854709434844266980
00.0000000172854709434844266980
00.0000000172854709434844266980
00.0000000172854709434844266980
00.0000000172854709434844266980
00.0000000172854709434844266980
00.0000000172854709434844266980
00.0000000172854709434844266980
00.0000000172854709434844266980
00.0000000172854709434844266980
00.0000000172854709434844266980
00.0000000172854709434844266980
00.0000000172854709434844266980
00.0000000172854709434844266980
00.0000000172854709434844266980
00.0000000172854709434844266980
00.0000000172854709434844266980
00.0000000172854709434844266980
00.0000000172854709434844266980
00.0000000172854709434844266980
00.0000000172854709434844266980
00.0000000172854709434844266980
00.0000000172854709434844266980
00.0000000172854709434844266980
00.0000000172854709434844266980
00.0000000172854709434844266980
00.0000000172854709434844266980
00.0000000172854709434844266980
00.0000000172854709434844266980
00.0000000172854709434844266980
00.0000000172854709434844266980
00.0000000172854709434844266980
00.0000000172854709434844266980
00.0000000172854709434844266980
00.0000000172854709434844266980
00.0000000172854709434844266980
00.0000000172854709434844266980
00.0000000172854709434844266980
00.0000000172854709434844266980
00.0000000172854709434844266980
00.0000000172854709434844266980
00.0000000172854709434844266980
00.0000000172854709434844266980
00.0000000172854709434844266980
00.0000000172854709434844266980
00.0000000172854709434844266980
00.0000000172854709434844266980
00.0000000172854709434844266980
00.0000000172854709434844266980
00.0000000172854709434844266980
00.0000000172854709434844266980
00.0000000172854709434844266980
00.0000000172854709434844266980
00.0000000172854709434844266980
00.0000000172854709434844266980
00.0000000172854709434844266980
00.0000000172854709434844266980
00.0000000172854709434844266980
00.0000000172854709434844266980
00.0000000172854709434844266980
00.0000000172854709434844266980
00.0000000172854709434844266980
00.0000000172854709434844266980
00.0000000172854709434844266980
00.0000000172854709434844266980
00.0000000172854709434844266980
00.0000000172854709434844266980
00.0000000172854709434844266980
00.0000000172854709434844266980
00.0000000172854709434844266980
00.0000000172854709434844266980
00.0000000172854709434844266980
00.0000000172854709434844266980
00.0000000172854709434844266980
00.0000000172854709434844266980
00.0000000172854709434844266980
00.0000000172854709434844266980
00.0000000172854709434844266980
00.0000000172854709434844266980
00.0000000172854709434844266980
00.0000000172854709434844266980
00.0000000172854709434844266980
00.0000000172854709434844266980
00.0000000172854709434844266980
00.0000000172854709434844266980
00.0000000172854709434844266980
00.0000000172854709434844266980
00.0000000172854709434844266980
00.0000000172854709434844266980
00.0000000172854709434844266980
00.0000000172854709434844266980
00.0000000172854709434844266980
00.0000000172854709434844266980
00.0000000172854709434844266980
00.0000000172854709434844266980
00.0000000172854709434844266980
00.0000000172854709434844266980
00.0000000172854709434844266980
00.0000000172854709434844266980
00.0000000172854709434844266980
00.0000000172854709434844266980
00.0000000172854709434844266980
00.0000000172854709434844266980
00.0000000172854709434844266980
00.0000000172854709434844266980
00.0000000172854709434844266980
00.0000000172854709434844266980
00.0000000172854709434844266980
00.0000000172854709434844266980
00.0000000172854709434844266980
00.0000000172854709434844266980
00.0000000172854709434844266980
00.0000000172854709434844266980
00.0000000172854709434844266980
00.0000000172854709434844266980
00.0000000172854709434844266980
00.0000000172854709434844266980
00.0000000172854709434844266980
00.0000000172854709434844266980
00.0000000172854709434844266980
00.0000000172854709434844266980
00.0000000172854709434844266980
00.0000000172854709434844266980
00.0000000172854709434844266980
00.0000000172854709434844266980
00.0000000172854709434844266980
00.0000000172854709434844266980
00.0000000172854709434844266980
00.0000000172854709434844266980
00.0000000172854709434844266980
00.0000000172854709434844266980
00.0000000172854709434844266980
00.0000000172854709434844266980
00.0000000172854709434844266980
00.0000000172854709434844266980
00.0000000172854709434844266980
00.0000000172854709434844266980
00.0000000172854709434844266980
00.0000000172854709434844266980
00.0000000172854709434844266980
00.0000000172854709434844266980
00.0000000172854709434844266980
00.0000000172854709434844266980
00.0000000172854709434844266980
00.0000000172854709434844266980
00.0000000172854709434844266980
00.0000000172854709434844266980
00.0000000172854709434844266980
00.0000000172854709434844266980
00.0000000172854709434844266980
00.0000000172854709434844266980
00.0000000172854709434844266980
00.0000000172854709434844266980
00.0000000172854709434844266980
00.0000000172854709434844266980
00.0000000172854709434844266980
00.0000000172854709434844266980
00.0000000172854709434844266980
00.0000000172854709434844266980
00.0000000172854709434844266980
00.0000000172854709434844266980
00.0000000172854709434844266980
00.0000000172854709434844266980
00.0000000172854709434844266980
00.0000000172854709434844266980
00.0000000172854709434844266980
00.0000000172854709434844266980
00.0000000172854709434844266980
00.0000000172854709434844266980
00.0000000172854709434844266980
00.0000000172854709434844266980
00.0000000172854709434844266980
00.0000000172854709434844266980
00.0000000172854709434844266980
00.0000000172854709434844266980
00.0000000172854709434844266980
00.0000000172854709434844266980
00.0000000172854709434844266980
00.0000000172854709434844266980
00.0000000172854709434844266980
00.0000000172854709434844266980
00.0000000172854709434844266980
00.0000000172854709434844266980
00.0000000172854709434844266980
00.0000000172854709434844266980
00.0000000172854709434844266980
00.0000000172854709434844266980
00.0000000172854709434844266980
00.0000000172854709434844266980
00.0000000172854709434844266980
00.0000000172854709434844266980
00.0000000172854709434844266980
00.0000000172854709434844266980
00.0000000172854709434844266980
00.0000000172854709434844266980
00.0000000172854709434844266980
00.0000000172854709434844266980
00.0000000172854709434844266980
00.0000000172854709434844266980
00.0000000172854709434844266980
00.0000000172854709434844266980
00.0000000172854709434844266980
00.0000000172854709434844266980
00.0000000172854709434844266980
00.0000000172854709434844266980
00.0000000172854709434844266980
00.0000000172854709434844266980
00.0000000172854709434844266980
00.0000000172854709434844266980
00.0000000172854709434844266980
00.0000000172854709434844266980
00.0000000172854709434844266980
00.0000000172854709434844266980
00.0000000172854709434844266980
00.0000000172854709434844266980
00.0000000172854709434844266980
00.0000000172854709434844266980
00.0000000172854709434844266980
00.0000000172854709434844266980
00.0000000172854709434844266980
00.0000000172854709434844266980
00.0000000172854709434844266980
00.0000000172854709434844266980
00.0000000172854709434844266980
00.0000000172854709434844266980
00.0000000172854709434844266980
00.0000000172854709434844266980
00.0000000172854709434844266980
00.0000000172854709434844266980
00.0000000172854709434844266980
00.0000000172854709434844266980
00.0000000172854709434844266980
00.0000000172854709434844266980
00.0000000172854709434844266980
00.0000000172854709434844266980
00.0000000172854709434844266980
00.0000000172854709434844266980
00.0000000172854709434844266980
00.0000000172854709434844266980
00.0000000172854709434844266980
00.0000000172854709434844266980
00.0000000172854709434844266980
00.0000000172854709434844266980
00.0000000172854709434844266980
00.0000000172854709434844266980
00.0000000172854709434844266980
00.0000000172854709434844266980
00.0000000172854709434844266980
00.0000000172854709434844266980
00.0000000172854709434844266980
00.0000000172854709434844266980
00.0000000172854709434844266980
00.0000000172854709434844266980
00.0000000172854709434844266980
00.0000000172854709434844266980
00.0000000172854709434844266980
00.0000000172854709434844266980
00.0000000172854709434844266980
00.0000000172854709434844266980
00.0000000172854709434844266980
00.0000000172854709434844266980
00.0000000172854709434844266980
00.0000000172854709434844266980
00.0000000172854709434844266980
00.0000000172854709434844266980
00.0000000172854709434844266980
00.0000000172854709434844266980
00.0000000172854709434844266980
00.0000000172854709434844266980
00.0000000172854709434844266980
00.0000000172854709434844266980
00.0000000172854709434844266980
00.0000000172854709434844266980
00.0000000172854709434844266980
00.0000000172854709434844266980
00.0000000172854709434844266980
00.0000000172854709434844266980
00.0000000172854709434844266980
00.0000000172854709434844266980
00.0000000172854709434844266980
00.0000000172854709434844266980
00.0000000172854709434844266980
00.0000000172854709434844266980
00.0000000172854709434844266980
00.0000000172854709434844266980
00.0000000172854709434844266980
00.0000000172854709434844266980
00.0000000172854709434844266980
00.0000000172854709434844266980
00.0000000172854709434844266980
00.0000000172854709434844266980
00.0000000172854709434844266980
00.0000000172854709434844266980
00.0000000172854709434844266980
00.0000000172854709434844266980
00.0000000172854709434844266980
00.0000000172854709434844266980
00.0000000172854709434844266980
00.0000000172854709434844266980
00.0000000172854709434844266980
00.0000000172854709434844266980
00.0000000172854709434844266980
00.0000000172854709434844266980
00.0000000172854709434844266980
00.0000000172854709434844266980
00.0000000172854709434844266980
00.0000000172854709434844266980
00.0000000172854709434844266980
00.0000000172854709434844266980
00.0000000172854709434844266980
00.0000000172854709434844266980
00.0000000172854709434844266980
00.0000000172854709434844266980
00.0000000172854709434844266980
00.0000000172854709434844266980
00.0000000172854709434844266980
00.0000000172854709434844266980
00.0000000172854709434844266980
00.0000000172854709434844266980
00.0000000172854709434844266980
00.0000000172854709434844266980
00.0000000172854709434844266980
00.0000000172854709434844266980
00.0000000172854709434844266980
00.0000000172854709434844266980
00.0000000172854709434844266980
00.0000000172854709434844266980
00.0000000172854709434844266980
00.0000000172854709434844266980
00.0000000172854709434844266980
00.0000000172854709434844266980
00.0000000172854709434844266980
00.0000000172854709434844266980
00.0000000172854709434844266980
00.0000000172854709434844266980
00.0000000172854709434844266980
00.0000000172854709434844266980
00.0000000172854709434844266980
00.0000000172854709434844266980
00.0000000172854709434844266980
00.0000000172854709434844266980
00.0000000172854709434844266980
00.0000000172854709434844266980
00.0000000172854709434844266980
00.0000000172854709434844266980
00.0000000172854709434844266980
00.0000000172854709434844266980
00.0000000172854709434844266980
00.0000000172854709434844266980
00.0000000172854709434844266980
00.0000000172854709434844266980
00.0000000172854709434844266980
00.0000000172854709434844266980
00.0000000172854709434844266980
00.0000000172854709434844266980
00.0000000172854709434844266980
00.0000000172854709434844266980
00.0000000172854709434844266980
00.0000000172854709434844266980
00.0000000172854709434844266980
00.0000000172854709434844266980
00.0000000172854709434844266980
00.0000000172854709434844266980
00.0000000172854709434844266980
00.0000000172854709434844266980
00.0000000172854709434844266980
00.0000000172854709434844266980
00.0000000172854709434844266980
00.0000000172854709434844266980
00.0000000172854709434844266980
00.0000000172854709434844266980
00.0000000172854709434844266980
00.0000000172854709434844266980
00.0000000172854709434844266980
00.0000000172854709434844266980
00.0000000172854709434844266980
00.0000000172854709434844266980
00.0000000172854709434844266980
00.0000000172854709434844266980
00.0000000172854709434844266980
00.0000000172854709434844266980
00.0000000172854709434844266980
00.0000000172854709434844266980
00.0000000172854709434844266980
00.0000000172854709434844266980
00.0000000172854709434844266980
00.0000000172854709434844266980
00.0000000172854709434844266980
00.0000000172854709434844266980
00.0000000172854709434844266980
00.0000000172854709434844266980
00.0000000177714075677570804146
00.0000000177714075677570804146
00.0000000177714075677570804146
00.0000000177714075677570804146
00.0000000177714075677570804146
00.0000000177714075677570804146
00.0000000177714075677570804146
00.0000000177714075677570804146
00.0000000177714075677570804146
00.0000000177714075677570804146
00.0000000177714075677570804146
00.0000000177714075677570804146
00.0000000177714075677570804146
00.0000000177714075677570804146
00.0000000177714075677570804146
00.0000000177714075677570804146
00.0000000177714075677570804146
00.0000000177714075677570804146
00.0000000177714075677570804146
00.0000000177714075677570804146
00.0000000177714075677570804146
00.0000000177714075677570804146
00.0000000177714075677570804146
00.0000000177714075677570804146
00.0000000177714075677570804146
00.0000000177714075677570804146
00.0000000177714075677570804146
00.0000000177714075677570804146
00.0000000177714075677570804146
00.0000000177714075677570804146
00.0000000177714075677570804146
00.0000000177714075677570804146
00.0000000177714075677570804146
00.0000000177714075677570804146
00.0000000177714075677570804146
00.0000000177714075677570804146
00.0000000177714075677570804146
00.0000000177714075677570804146
00.0000000177714075677570804146
00.0000000177714075677570804146
00.0000000177714075677570804146
00.0000000177714075677570804146
00.0000000177714075677570804146
00.0000000177714075677570804146
00.0000000177714075677570804146
00.0000000177714075677570804146
00.0000000177714075677570804146
00.0000000177714075677570804146
00.0000000177714075677570804146
00.0000000177714075677570804146
00.0000000177714075677570804146
00.0000000177714075677570804146
00.0000000177714075677570804146
00.0000000177714075677570804146
00.0000000177714075677570804146
00.0000000177714075677570804146
00.0000000177714075677570804146
00.0000000177714075677570804146
00.0000000177714075677570804146
00.0000000177714075677570804146
00.0000000177714075677570804146
00.0000000177714075677570804146
00.0000000177714075677570804146
00.0000000177714075677570804146
00.0000000177714075677570804146
00.0000000177714075677570804146
00.0000000177714075677570804146
00.0000000177714075677570804146
00.0000000177714075677570804146
00.0000000177714075677570804146
00.0000000177714075677570804146
00.0000000177714075677570804146
00.0000000177714075677570804146
00.0000000177714075677570804146
00.0000000177714075677570804146
00.0000000177714075677570804146
00.0000000177714075677570804146
00.0000000177714075677570804146
00.0000000177714075677570804146
00.0000000177714075677570804146
00.0000000177714075677570804146
00.0000000177714075677570804146
00.0000000177714075677570804146
00.0000000177714075677570804146
00.0000000177714075677570804146
00.0000000177714075677570804146
00.0000000177714075677570804146
00.0000000177714075677570804146
00.0000000177714075677570804146
00.0000000177714075677570804146
00.0000000177714075677570804146
00.0000000177714075677570804146
00.0000000177714075677570804146
00.0000000177714075677570804146
00.0000000177714075677570804146
00.0000000177714075677570804146
00.0000000177714075677570804146
00.0000000177714075677570804146
00.0000000177714075677570804146
00.0000000177714075677570804146
00.0000000177714075677570804146
00.0000000177714075677570804146
00.0000000177714075677570804146
00.0000000177714075677570804146
00.0000000177714075677570804146
00.0000000177714075677570804146
00.0000000177714075677570804146
00.0000000177714075677570804146
00.0000000177714075677570804146
00.0000000177714075677570804146
00.0000000177714075677570804146
00.0000000177714075677570804146
00.0000000177714075677570804146
00.0000000177714075677570804146
00.0000000177714075677570804146
00.0000000177714075677570804146
00.0000000177714075677570804146
00.0000000177714075677570804146
00.0000000177714075677570804146
00.0000000177714075677570804146
00.0000000177714075677570804146
00.0000000177714075677570804146
00.0000000177714075677570804146
00.0000000177714075677570804146
00.0000000177714075677570804146
00.0000000177714075677570804146
00.0000000177714075677570804146
00.0000000177714075677570804146
00.0000000177714075677570804146
00.0000000177714075677570804146
00.0000000177714075677570804146
00.0000000177714075677570804146
00.0000000177714075677570804146
00.0000000177714075677570804146
00.0000000177714075677570804146
00.0000000177714075677570804146
00.0000000177714075677570804146
00.0000000177714075677570804146
00.0000000177714075677570804146
00.0000000177714075677570804146
00.0000000177714075677570804146
00.0000000177714075677570804146
00.0000000177714075677570804146
00.0000000177714075677570804146
00.0000000177714075677570804146
00.0000000177714075677570804146
00.0000000177714075677570804146
00.0000000177714075677570804146
00.0000000177714075677570804146
00.0000000177714075677570804146
00.0000000177714075677570804146
00.0000000177714075677570804146
00.0000000177714075677570804146
00.0000000177714075677570804146
00.0000000177714075677570804146
00.0000000177714075677570804146
00.0000000177714075677570804146
00.0000000177714075677570804146
00.0000000177714075677570804146
00.0000000177714075677570804146
00.0000000177714075677570804146
00.0000000177714075677570804146
00.0000000177714075677570804146
00.0000000177714075677570804146
00.0000000177714075677570804146
00.0000000177714075677570804146
00.0000000177714075677570804146
00.0000000177714075677570804146
00.0000000177714075677570804146
00.0000000177714075677570804146
00.0000000177714075677570804146
00.0000000177714075677570804146
00.0000000177714075677570804146
00.0000000177714075677570804146
00.0000000177714075677570804146
00.0000000177714075677570804146
00.0000000177714075677570804146
00.0000000177714075677570804146
00.0000000177714075677570804146
00.0000000177714075677570804146
00.0000000177714075677570804146
00.0000000177714075677570804146
00.0000000177714075677570804146
00.0000000177714075677570804146
00.0000000177714075677570804146
00.0000000177714075677570804146
00.0000000177714075677570804146
00.0000000177714075677570804146
00.0000000177714075677570804146
00.0000000177714075677570804146
00.0000000177714075677570804146
00.0000000177714075677570804146
00.0000000177714075677570804146
00.0000000177714075677570804146
00.0000000177714075677570804146
00.0000000177714075677570804146
00.0000000177714075677570804146
00.0000000177714075677570804146
00.0000000177714075677570804146
00.0000000177714075677570804146
00.0000000177714075677570804146
00.0000000177714075677570804146
00.0000000177714075677570804146
00.0000000177714075677570804146
00.0000000177714075677570804146
00.0000000177714075677570804146
00.0000000177714075677570804146
00.0000000177714075677570804146
00.0000000177714075677570804146
00.0000000177714075677570804146
00.0000000177714075677570804146
00.0000000177714075677570804146
00.0000000177714075677570804146
00.0000000177714075677570804146
00.0000000177714075677570804146
00.0000000177714075677570804146
00.0000000177714075677570804146
00.0000000177714075677570804146
00.0000000177714075677570804146
00.0000000177714075677570804146
00.0000000177714075677570804146
00.0000000177714075677570804146
00.0000000177714075677570804146
00.0000000177714075677570804146
00.0000000177714075677570804146
00.0000000177714075677570804146
00.0000000177714075677570804146
00.0000000177714075677570804146
00.0000000177714075677570804146
00.0000000177714075677570804146
00.0000000177714075677570804146
00.0000000177714075677570804146
00.0000000177714075677570804146
00.0000000177714075677570804146
00.0000000177714075677570804146
00.0000000177714075677570804146
00.0000000177714075677570804146
00.0000000177714075677570804146
00.0000000177714075677570804146
00.0000000177714075677570804146
00.0000000177714075677570804146
00.0000000177714075677570804146
00.0000000177714075677570804146
00.0000000177714075677570804146
00.0000000177714075677570804146
00.0000000177714075677570804146
00.0000000177714075677570804146
00.0000000177714075677570804146
00.0000000177714075677570804146
00.0000000177714075677570804146
00.0000000177714075677570804146
00.0000000177714075677570804146
00.0000000177714075677570804146
00.0000000177714075677570804146
00.0000000177714075677570804146
00.0000000177714075677570804146
00.0000000177714075677570804146
00.0000000177714075677570804146
00.0000000177714075677570804146
00.0000000177714075677570804146
00.0000000177714075677570804146
00.0000000177714075677570804146
00.0000000177714075677570804146
00.0000000177714075677570804146
00.0000000177714075677570804146
00.0000000177714075677570804146
00.0000000177714075677570804146
00.0000000177714075677570804146
00.0000000177714075677570804146
00.0000000177714075677570804146
00.0000000177714075677570804146
00.0000000177714075677570804146
00.0000000177714075677570804146
00.0000000177714075677570804146
00.0000000177714075677570804146
00.0000000177714075677570804146
00.0000000177714075677570804146
00.0000000177714075677570804146
00.0000000177714075677570804146
00.0000000177714075677570804146
00.0000000177714075677570804146
00.0000000177714075677570804146
00.0000000177714075677570804146
00.0000000177714075677570804146
00.0000000177714075677570804146
00.0000000177714075677570804146
00.0000000177714075677570804146
00.0000000177714075677570804146
00.0000000177714075677570804146
00.0000000177714075677570804146
00.0000000177714075677570804146
00.0000000177714075677570804146
00.0000000177714075677570804146
00.0000000177714075677570804146
00.0000000177714075677570804146
00.0000000177714075677570804146
00.0000000177714075677570804146
00.0000000177714075677570804146
00.0000000177714075677570804146
00.0000000177714075677570804146
00.0000000177714075677570804146
00.0000000177714075677570804146
00.0000000177714075677570804146
00.0000000177714075677570804146
00.0000000177714075677570804146
00.0000000177714075677570804146
00.0000000177714075677570804146
00.0000000177714075677570804146
00.0000000177714075677570804146
00.0000000177714075677570804146
00.0000000177714075677570804146
00.0000000177714075677570804146
00.0000000177714075677570804146
00.0000000177714075677570804146
00.0000000177714075677570804146
00.0000000177714075677570804146
00.0000000177714075677570804146
00.0000000177714075677570804146
00.0000000177714075677570804146
00.0000000177714075677570804146
00.0000000177714075677570804146
00.0000000177714075677570804146
00.0000000177714075677570804146
00.0000000177714075677570804146
00.0000000177714075677570804146
00.0000000177714075677570804146
00.0000000177714075677570804146
00.0000000177714075677570804146
00.0000000177714075677570804146
00.0000000177714075677570804146
00.0000000177714075677570804146
00.0000000177714075677570804146
00.0000000177714075677570804146
00.0000000177714075677570804146
00.0000000177714075677570804146
00.0000000177714075677570804146
00.0000000177714075677570804146
00.0000000177714075677570804146
00.0000000177714075677570804146
00.0000000177714075677570804146
00.0000000177714075677570804146
00.0000000177714075677570804146
00.0000000177714075677570804146
00.0000000177714075677570804146
00.0000000177714075677570804146
00.0000000177714075677570804146
00.0000000177714075677570804146
00.0000000177714075677570804146
00.0000000177714075677570804146
00.0000000177714075677570804146
00.0000000177714075677570804146
00.0000000177714075677570804146
00.0000000177714075677570804146
00.0000000177714075677570804146
00.0000000177714075677570804146
00.0000000177714075677570804146
00.0000000177714075677570804146
00.0000000177714075677570804146
00.0000000177714075677570804146
00.0000000177714075677570804146
00.0000000177714075677570804146
00.0000000177714075677570804146
00.0000000177714075677570804146
00.0000000177714075677570804146
00.0000000177714075677570804146
00.0000000177714075677570804146
00.0000000177714075677570804146
00.0000000177714075677570804146
00.0000000177714075677570804146
00.0000000177714075677570804146
00.0000000177714075677570804146
00.0000000177714075677570804146
00.0000000177714075677570804146
00.0000000177714075677570804146
00.0000000177714075677570804146
00.0000000177714075677570804146
00.0000000177714075677570804146
00.0000000177714075677570804146
00.0000000177714075677570804146
00.0000000177714075677570804146
00.0000000177714075677570804146
00.0000000177714075677570804146
00.0000000177714075677570804146
00.0000000177714075677570804146
00.0000000177714075677570804146
00.0000000177714075677570804146
00.0000000177714075677570804146
00.0000000177714075677570804146
00.0000000177714075677570804146
00.0000000177714075677570804146
00.0000000177714075677570804146
00.0000000177714075677570804146
00.0000000177714075677570804146
00.0000000177714075677570804146
00.0000000177714075677570804146
00.0000000177714075677570804146
00.0000000177714075677570804146
00.0000000177714075677570804146
00.0000000177714075677570804146
00.0000000177714075677570804146
00.0000000177714075677570804146
00.0000000177714075677570804146
00.0000000177714075677570804146
00.0000000177714075677570804146
00.0000000177714075677570804146
00.0000000177714075677570804146
00.0000000177714075677570804146
00.0000000177714075677570804146
00.0000000177714075677570804146
00.0000000177714075677570804146
00.0000000177714075677570804146
00.0000000177714075677570804146
00.0000000177714075677570804146
00.0000000177714075677570804146
00.0000000177714075677570804146
00.0000000177714075677570804146
00.0000000177714075677570804146
00.0000000177714075677570804146
00.0000000177714075677570804146
00.0000000177714075677570804146
00.0000000177714075677570804146
00.0000000177714075677570804146
00.0000000177714075677570804146
00.0000000177714075677570804146
00.0000000177714075677570804146
00.0000000177714075677570804146
00.0000000177714075677570804146
00.0000000177714075677570804146
00.0000000177714075677570804146
00.0000000177714075677570804146
00.0000000177714075677570804146
00.0000000177714075677570804146
00.0000000177714075677570804146
00.0000000177714075677570804146
00.0000000177714075677570804146
00.0000000177714075677570804146
00.0000000177714075677570804146
00.0000000177714075677570804146
00.0000000177714075677570804146
00.0000000177714075677570804146
00.0000000177714075677570804146
00.0000000177714075677570804146
00.0000000177714075677570804146
00.0000000177714075677570804146
00.0000000177714075677570804146
00.0000000177714075677570804146
00.0000000177714075677570804146
00.0000000177714075677570804146
00.0000000177714075677570804146
00.0000000177714075677570804146
00.0000000177714075677570804146
00.0000000177714075677570804146
00.0000000177714075677570804146
00.0000000177714075677570804146
00.0000000177714075677570804146
00.0000000177714075677570804146
00.0000000177714075677570804146
00.0000000177714075677570804146
00.0000000177714075677570804146
00.0000000177714075677570804146
00.0000000177714075677570804146
00.0000000177714075677570804146
00.0000000177714075677570804146
00.0000000177714075677570804146
00.0000000177714075677570804146
00.0000000177714075677570804146
00.0000000177714075677570804146
00.0000000177714075677570804146
00.0000000177714075677570804146
00.0000000177714075677570804146
00.0000000177714075677570804146
00.0000000177714075677570804146
00.0000000177714075677570804146
00.0000000177714075677570804146
00.0000000177714075677570804146
00.0000000177714075677570804146
00.0000000177714075677570804146
00.0000000177714075677570804146
00.0000000177714075677570804146
00.0000000177714075677570804146
00.0000000177714075677570804146
00.0000000177714075677570804146
00.0000000177714075677570804146
00.0000000177714075677570804146
00.0000000177714075677570804146
00.0000000177714075677570804146
00.0000000177714075677570804146
00.0000000177714075677570804146
00.0000000177714075677570804146
00.0000000177714075677570804146
00.0000000177714075677570804146
00.0000000177714075677570804146
00.0000000177714075677570804146
00.0000000177714075677570804146
00.0000000177714075677570804146
00.0000000177714075677570804146
00.0000000177714075677570804146
00.0000000177714075677570804146
00.0000000177714075677570804146
00.0000000177714075677570804146
00.0000000177714075677570804146
00.0000000177714075677570804146
00.0000000177714075677570804146
00.0000000177714075677570804146
00.0000000177714075677570804146
00.0000000177714075677570804146
00.0000000177714075677570804146
00.0000000177714075677570804146
00.0000000177714075677570804146
00.0000000177714075677570804146
00.0000000177714075677570804146
00.0000000177714075677570804146
00.0000000177714075677570804146
00.0000000177714075677570804146
00.0000000177714075677570804146
00.0000000177714075677570804146
00.0000000177714075677570804146
00.0000000177714075677570804146
00.0000000177714075677570804146
00.0000000177714075677570804146
00.0000000177714075677570804146
00.0000000177714075677570804146
00.0000000177714075677570804146
00.0000000177714075677570804146
00.0000000177714075677570804146
00.0000000177714075677570804146
00.0000000177714075677570804146
00.0000000177714075677570804146
00.0000000177714075677570804146
00.0000000177714075677570804146
00.0000000177714075677570804146
00.0000000177714075677570804146
00.0000000177714075677570804146
00.0000000177714075677570804146
00.0000000177714075677570804146
00.0000000177714075677570804146
00.0000000177714075677570804146
00.0000000177714075677570804146
00.0000000177714075677570804146
00.0000000177714075677570804146
00.0000000177714075677570804146
00.0000000177714075677570804146
00.0000000177714075677570804146
00.0000000177714075677570804146
00.0000000177714075677570804146
00.0000000177714075677570804146
00.0000000177714075677570804146
00.0000000177714075677570804146
00.0000000177714075677570804146
00.0000000177714075677570804146
00.0000000177714075677570804146
00.0000000177714075677570804146
00.0000000177714075677570804146
00.0000000177714075677570804146
00.0000000177714075677570804146
00.0000000177714075677570804146
00.0000000177714075677570804146
00.0000000177714075677570804146
00.0000000177714075677570804146
00.0000000177714075677570804146
00.0000000177714075677570804146
00.0000000177714075677570804146
00.0000000177714075677570804146
00.0000000177714075677570804146
00.0000000177714075677570804146
00.0000000177714075677570804146
00.0000000177714075677570804146
00.0000000177714075677570804146
00.0000000177714075677570804146
00.0000000177714075677570804146
00.0000000177714075677570804146
00.0000000177714075677570804146
00.0000000177714075677570804146
00.0000000177714075677570804146
00.0000000177714075677570804146
00.0000000177714075677570804146
00.0000000177714075677570804146
00.0000000177714075677570804146
00.0000000177714075677570804146
00.0000000177714075677570804146
00.0000000177714075677570804146
00.0000000177714075677570804146
00.0000000177714075677570804146
00.0000000177714075677570804146
00.0000000177714075677570804146
00.0000000177714075677570804146
00.0000000177714075677570804146
00.0000000177714075677570804146
00.0000000177714075677570804146
00.0000000177714075677570804146
00.0000000177714075677570804146
00.0000000177714075677570804146
00.0000000177714075677570804146
00.0000000177714075677570804146
00.0000000177714075677570804146
00.0000000177714075677570804146
00.0000000177714075677570804146
00.0000000177714075677570804146
00.0000000177714075677570804146
00.0000000177714075677570804146
00.0000000177714075677570804146
00.0000000177714075677570804146
00.0000000177714075677570804146
00.0000000177714075677570804146
00.0000000177714075677570804146
00.0000000177714075677570804146
00.0000000177714075677570804146
00.0000000177714075677570804146
00.0000000177714075677570804146
00.0000000177714075677570804146
00.0000000177714075677570804146
00.0000000177714075677570804146
00.0000000177714075677570804146
00.0000000177714075677570804146
00.0000000177714075677570804146
00.0000000177714075677570804146
00.0000000177714075677570804146
00.0000000177714075677570804146
00.0000000177714075677570804146
00.0000000177714075677570804146
00.0000000177714075677570804146
00.0000000177714075677570804146
00.0000000177714075677570804146
00.0000000177714075677570804146
00.0000000177714075677570804146
00.0000000177714075677570804146
00.0000000177714075677570804146
00.0000000177714075677570804146
00.0000000177714075677570804146
00.0000000177714075677570804146
00.0000000177714075677570804146
00.0000000177714075677570804146
00.0000000177714075677570804146
00.0000000177714075677570804146
00.0000000177714075677570804146
00.0000000177714075677570804146
00.0000000177714075677570804146
00.0000000177714075677570804146
00.0000000177714075677570804146
00.0000000177714075677570804146
00.0000000177714075677570804146
00.0000000177714075677570804146
00.0000000177714075677570804146
00.0000000177714075677570804146
00.0000000177714075677570804146
00.0000000177714075677570804146
00.0000000177714075677570804146
00.0000000177714075677570804146
00.0000000177714075677570804146
00.0000000177714075677570804146
00.0000000177714075677570804146
00.0000000177714075677570804146
00.0000000177714075677570804146
00.0000000177714075677570804146
00.0000000177714075677570804146
00.0000000177714075677570804146
00.0000000177714075677570804146
00.0000000177714075677570804146
00.0000000177714075677570804146
00.0000000177714075677570804146
00.0000000177714075677570804146
00.0000000177714075677570804146
00.0000000177714075677570804146
00.0000000177714075677570804146
00.0000000177714075677570804146
00.0000000177714075677570804146
00.0000000177714075677570804146
00.0000000177714075677570804146
00.0000000177714075677570804146
00.0000000177714075677570804146
00.0000000177714075677570804146
00.0000000177714075677570804146
00.0000000177714075677570804146
00.0000000177714075677570804146
00.0000000177714075677570804146
00.0000000177714075677570804146
00.0000000177714075677570804146
00.0000000177714075677570804146
00.0000000177714075677570804146
00.0000000177714075677570804146
00.0000000177714075677570804146
00.0000000177714075677570804146
00.0000000177714075677570804146
00.0000000177714075677570804146
00.0000000177714075677570804146
00.0000000177714075677570804146
00.0000000177714075677570804146
00.0000000177714075677570804146
00.0000000177714075677570804146
00.0000000177714075677570804146
00.0000000177714075677570804146
00.0000000177714075677570804146
00.0000000177714075677570804146
00.0000000177714075677570804146
00.0000000177714075677570804146
00.0000000177714075677570804146
00.0000000177714075677570804146
00.0000000177714075677570804146
00.0000000177714075677570804146
00.0000000177714075677570804146
00.0000000177714075677570804146
00.0000000177714075677570804146
00.0000000177714075677570804146
00.0000000177714075677570804146
00.0000000177714075677570804146
00.0000000177714075677570804146
00.0000000177714075677570804146
00.0000000177714075677570804146
00.0000000177714075677570804146
00.0000000177714075677570804146
00.0000000177714075677570804146
00.0000000177714075677570804146
00.0000000177714075677570804146
00.0000000177714075677570804146
00.0000000177714075677570804146
00.0000000177714075677570804146
00.0000000177714075677570804146
00.0000000177714075677570804146
00.0000000177714075677570804146
00.0000000177714075677570804146
00.0000000177714075677570804146
00.0000000177714075677570804146
00.0000000177714075677570804146
00.0000000177714075677570804146
00.0000000177714075677570804146
00.0000000177714075677570804146
00.0000000177714075677570804146
00.0000000177714075677570804146
00.0000000177714075677570804146
00.0000000177714075677570804146
00.0000000177714075677570804146
00.0000000177714075677570804146
00.0000000177714075677570804146
00.0000000177714075677570804146
00.0000000177714075677570804146
00.0000000177714075677570804146
00.0000000177714075677570804146
00.0000000177714075677570804146
00.0000000177714075677570804146
00.0000000177714075677570804146
00.0000000177714075677570804146
00.0000000177714075677570804146
00.0000000177714075677570804146
00.0000000177714075677570804146
00.0000000177714075677570804146
00.0000000177714075677570804146
00.0000000177714075677570804146
00.0000000177714075677570804146
00.0000000177714075677570804146
00.0000000177714075677570804146
00.0000000177714075677570804146
00.0000000177714075677570804146
00.0000000177714075677570804146
00.0000000177714075677570804146
00.0000000177714075677570804146
00.0000000177714075677570804146
00.0000000177714075677570804146
00.0000000177714075677570804146
00.0000000177714075677570804146
00.0000000177714075677570804146
00.0000000177714075677570804146
00.0000000177714075677570804146
00.0000000177714075677570804146
00.0000000177714075677570804146
00.0000000177714075677570804146
00.0000000177714075677570804146
00.0000000177714075677570804146
00.0000000177714075677570804146
00.0000000177714075677570804146
00.0000000177714075677570804146
00.0000000177714075677570804146
00.0000000177714075677570804146
00.0000000177714075677570804146
00.0000000177714075677570804146
00.0000000177714075677570804146
00.0000000177714075677570804146
00.0000000177714075677570804146
00.0000000177714075677570804146
00.0000000177714075677570804146
00.0000000177714075677570804146
00.0000000177714075677570804146
00.0000000177714075677570804146
00.0000000177714075677570804146
00.0000000177714075677570804146
00.0000000177714075677570804146
00.0000000177714075677570804146
00.0000000177714075677570804146
00.0000000177714075677570804146
00.0000000177714075677570804146
00.0000000177714075677570804146
00.0000000177714075677570804146
00.0000000177714075677570804146
00.0000000177714075677570804146
00.0000000177714075677570804146
00.0000000177714075677570804146
00.0000000177714075677570804146
00.0000000177714075677570804146
00.0000000177714075677570804146
00.0000000177714075677570804146
00.0000000177714075677570804146
00.0000000177714075677570804146
00.0000000177714075677570804146
00.0000000177714075677570804146
00.0000000177714075677570804146
00.0000000177714075677570804146
00.0000000177714075677570804146
00.0000000177714075677570804146
00.0000000177714075677570804146
00.0000000177714075677570804146
00.0000000177714075677570804146
00.0000000177714075677570804146
00.0000000177714075677570804146
00.0000000177714075677570804146
00.0000000177714075677570804146
00.0000000177714075677570804146
00.0000000177714075677570804146
00.0000000177714075677570804146
00.0000000177714075677570804146
00.0000000177714075677570804146
00.0000000177714075677570804146
00.0000000177714075677570804146
00.0000000177714075677570804146
00.0000000177714075677570804146
00.0000000177714075677570804146
00.0000000177714075677570804146
00.0000000177714075677570804146
00.0000000177714075677570804146
00.0000000177714075677570804146
00.0000000177714075677570804146
00.0000000177714075677570804146
00.0000000177714075677570804146
00.0000000177714075677570804146
00.0000000177714075677570804146
00.0000000177714075677570804146
00.0000000177714075677570804146
00.0000000177714075677570804146
00.0000000177714075677570804146
00.0000000177714075677570804146
00.0000000177714075677570804146
00.0000000177714075677570804146
00.0000000177714075677570804146
00.0000000177714075677570804146
00.0000000177714075677570804146
00.0000000177714075677570804146
00.0000000177714075677570804146
00.0000000177714075677570804146
00.0000000177714075677570804146
00.0000000177714075677570804146
00.0000000177714075677570804146
00.0000000177714075677570804146
00.0000000177714075677570804146
00.0000000177714075677570804146
00.0000000177714075677570804146
00.0000000177714075677570804146
00.0000000177714075677570804146
00.0000000177714075677570804146
00.0000000177714075677570804146
00.0000000177714075677570804146
00.0000000177714075677570804146
00.0000000177714075677570804146
00.0000000177714075677570804146
00.0000000177714075677570804146
00.0000000177714075677570804146
00.0000000177714075677570804146
00.0000000177714075677570804146
00.0000000177714075677570804146
00.0000000177714075677570804146
00.0000000177714075677570804146
00.0000000177714075677570804146
00.0000000177714075677570804146
00.0000000177714075677570804146
00.0000000177714075677570804146
00.0000000177714075677570804146
00.0000000177714075677570804146
00.0000000177714075677570804146
00.0000000177714075677570804146
00.0000000177714075677570804146
00.0000000177714075677570804146
00.0000000177714075677570804146
00.0000000177714075677570804146
00.0000000177714075677570804146
00.0000000177714075677570804146
00.0000000177714075677570804146
00.0000000177714075677570804146
00.0000000177714075677570804146
00.0000000177714075677570804146
00.0000000177714075677570804146
00.0000000177714075677570804146
00.0000000177714075677570804146
00.0000000177714075677570804146
00.0000000177714075677570804146
00.0000000177714075677570804146
00.0000000177714075677570804146
00.0000000177714075677570804146
00.0000000177714075677570804146
00.0000000177714075677570804146
00.0000000177714075677570804146
00.0000000177714075677570804146
00.0000000177714075677570804146
00.0000000177714075677570804146
00.0000000177714075677570804146
00.0000000177714075677570804146
00.0000000177714075677570804146
00.0000000177714075677570804146
00.0000000177714075677570804146
00.0000000177714075677570804146
00.0000000177714075677570804146
00.0000000177714075677570804146
00.0000000177714075677570804146
00.0000000177714075677570804146
00.0000000177714075677570804146
00.0000000177714075677570804146
00.0000000177714075677570804146
00.0000000177714075677570804146
00.0000000177714075677570804146
00.0000000177714075677570804146
00.0000000177714075677570804146
00.0000000177714075677570804146
00.0000000177714075677570804146
00.0000000177714075677570804146
00.0000000177714075677570804146
00.0000000177714075677570804146
00.0000000177714075677570804146
00.0000000177714075677570804146
00.0000000177714075677570804146
00.0000000177714075677570804146
00.0000000177714075677570804146
00.0000000177714075677570804146
00.0000000177714075677570804146
00.0000000177714075677570804146
00.0000000177714075677570804146
00.0000000177714075677570804146
00.0000000177714075677570804146
00.0000000177714075677570804146
00.0000000177714075677570804146
00.0000000177714075677570804146
00.0000000177714075677570804146
00.0000000177714075677570804146
00.0000000177714075677570804146
00.0000000177714075677570804146
00.0000000177714075677570804146
00.0000000177714075677570804146
00.0000000177714075677570804146
00.0000000177714075677570804146
00.0000000177714075677570804146
00.0000000177714075677570804146
00.0000000177714075677570804146
00.0000000177714075677570804146
00.0000000177714075677570804146
00.0000000177714075677570804146
00.0000000177714075677570804146
00.0000000177714075677570804146
00.0000000177714075677570804146
00.0000000177714075677570804146
00.0000000177714075677570804146
00.0000000177714075677570804146
00.0000000177714075677570804146
00.0000000177714075677570804146
00.0000000177714075677570804146
00.0000000177714075677570804146
00.0000000177714075677570804146
00.0000000177714075677570804146
00.0000000177714075677570804146
00.0000000177714075677570804146
00.0000000177714075677570804146
00.0000000177714075677570804146
00.0000000177714075677570804146
00.0000000177714075677570804146
00.0000000177714075677570804146
00.0000000177714075677570804146
00.0000000177714075677570804146
00.0000000177714075677570804146
00.0000000177714075677570804146
00.0000000177714075677570804146
00.0000000177714075677570804146
00.0000000177714075677570804146
00.0000000177714075677570804146
00.0000000177714075677570804146
00.0000000177714075677570804146
00.0000000177714075677570804146
00.0000000177714075677570804146
00.0000000177714075677570804146
00.0000000177714075677570804146
00.0000000177714075677570804146
00.0000000177714075677570804146
00.0000000177714075677570804146
00.0000000177714075677570804146
00.0000000177714075677570804146
00.0000000177714075677570804146
00.0000000177714075677570804146
00.0000000177714075677570804146
00.0000000177714075677570804146
00.0000000177714075677570804146
00.0000000177714075677570804146
00.0000000177714075677570804146
00.0000000177714075677570804146
00.0000000177714075677570804146
00.0000000177714075677570804146
00.0000000177714075677570804146
00.0000000177714075677570804146
00.0000000182713033591852536119
00.0000000182713033591852536119
00.0000000182713033591852536119
00.0000000182713033591852536119
00.0000000182713033591852536119
00.0000000182713033591852536119
00.0000000182713033591852536119
00.0000000182713033591852536119
00.0000000182713033591852536119
00.0000000182713033591852536119
00.0000000182713033591852536119
00.0000000182713033591852536119
00.0000000182713033591852536119
00.0000000182713033591852536119
00.0000000182713033591852536119
00.0000000182713033591852536119
00.0000000182713033591852536119
00.0000000182713033591852536119
00.0000000182713033591852536119
00.0000000182713033591852536119
00.0000000182713033591852536119
00.0000000182713033591852536119
00.0000000182713033591852536119
00.0000000182713033591852536119
00.0000000182713033591852536119
00.0000000182713033591852536119
00.0000000182713033591852536119
00.0000000182713033591852536119
00.0000000182713033591852536119
00.0000000182713033591852536119
00.0000000182713033591852536119
00.0000000182713033591852536119
00.0000000182713033591852536119
00.0000000182713033591852536119
00.0000000182713033591852536119
00.0000000182713033591852536119
00.0000000182713033591852536119
00.0000000182713033591852536119
00.0000000182713033591852536119
00.0000000182713033591852536119
00.0000000182713033591852536119
00.0000000182713033591852536119
00.0000000182713033591852536119
00.0000000182713033591852536119
00.0000000182713033591852536119
00.0000000182713033591852536119
00.0000000182713033591852536119
00.0000000182713033591852536119
00.0000000182713033591852536119
00.0000000182713033591852536119
00.0000000182713033591852536119
00.0000000182713033591852536119
00.0000000182713033591852536119
00.0000000182713033591852536119
00.0000000182713033591852536119
00.0000000182713033591852536119
00.0000000182713033591852536119
00.0000000182713033591852536119
00.0000000182713033591852536119
00.0000000182713033591852536119
00.0000000182713033591852536119
00.0000000182713033591852536119
00.0000000182713033591852536119
00.0000000182713033591852536119
00.0000000182713033591852536119
00.0000000182713033591852536119
00.0000000182713033591852536119
00.0000000182713033591852536119
00.0000000182713033591852536119
00.0000000182713033591852536119
00.0000000182713033591852536119
00.0000000182713033591852536119
00.0000000182713033591852536119
00.0000000182713033591852536119
00.0000000182713033591852536119
00.0000000182713033591852536119
00.0000000182713033591852536119
00.0000000182713033591852536119
00.0000000182713033591852536119
00.0000000182713033591852536119
00.0000000182713033591852536119
00.0000000182713033591852536119
00.0000000182713033591852536119
00.0000000182713033591852536119
00.0000000182713033591852536119
00.0000000182713033591852536119
00.0000000182713033591852536119
00.0000000182713033591852536119
00.0000000182713033591852536119
00.0000000182713033591852536119
00.0000000182713033591852536119
00.0000000182713033591852536119
00.0000000182713033591852536119
00.0000000182713033591852536119
00.0000000182713033591852536119
00.0000000182713033591852536119
00.0000000182713033591852536119
00.0000000182713033591852536119
00.0000000182713033591852536119
00.0000000182713033591852536119
00.0000000182713033591852536119
00.0000000182713033591852536119
00.0000000182713033591852536119
00.0000000182713033591852536119
00.0000000182713033591852536119
00.0000000182713033591852536119
00.0000000182713033591852536119
00.0000000182713033591852536119
00.0000000182713033591852536119
00.0000000182713033591852536119
00.0000000182713033591852536119
00.0000000182713033591852536119
00.0000000182713033591852536119
00.0000000182713033591852536119
00.0000000182713033591852536119
00.0000000182713033591852536119
00.0000000182713033591852536119
00.0000000182713033591852536119
00.0000000182713033591852536119
00.0000000182713033591852536119
00.0000000182713033591852536119
00.0000000182713033591852536119
00.0000000182713033591852536119
00.0000000182713033591852536119
00.0000000182713033591852536119
00.0000000182713033591852536119
00.0000000182713033591852536119
00.0000000182713033591852536119
00.0000000182713033591852536119
00.0000000182713033591852536119
00.0000000182713033591852536119
00.0000000182713033591852536119
00.0000000182713033591852536119
00.0000000182713033591852536119
00.0000000182713033591852536119
00.0000000182713033591852536119
00.0000000182713033591852536119
00.0000000182713033591852536119
00.0000000182713033591852536119
00.0000000182713033591852536119
00.0000000182713033591852536119
00.0000000182713033591852536119
00.0000000182713033591852536119
00.0000000182713033591852536119
00.0000000182713033591852536119
00.0000000182713033591852536119
00.0000000182713033591852536119
00.0000000182713033591852536119
00.0000000182713033591852536119
00.0000000182713033591852536119
00.0000000182713033591852536119
00.0000000182713033591852536119
00.0000000182713033591852536119
00.0000000182713033591852536119
00.0000000182713033591852536119
00.0000000182713033591852536119
00.0000000182713033591852536119
00.0000000182713033591852536119
00.0000000182713033591852536119
00.0000000182713033591852536119
00.0000000182713033591852536119
00.0000000182713033591852536119
00.0000000182713033591852536119
00.0000000182713033591852536119
00.0000000182713033591852536119
00.0000000182713033591852536119
00.0000000182713033591852536119
00.0000000182713033591852536119
00.0000000182713033591852536119
00.0000000182713033591852536119
00.0000000182713033591852536119
00.0000000182713033591852536119
00.0000000182713033591852536119
00.0000000182713033591852536119
00.0000000182713033591852536119
00.0000000182713033591852536119
00.0000000182713033591852536119
00.0000000182713033591852536119
00.0000000182713033591852536119
00.0000000182713033591852536119
00.0000000182713033591852536119
00.0000000182713033591852536119
00.0000000182713033591852536119
00.0000000182713033591852536119
00.0000000182713033591852536119
00.0000000182713033591852536119
00.0000000182713033591852536119
00.0000000182713033591852536119
00.0000000182713033591852536119
00.0000000182713033591852536119
00.0000000182713033591852536119
00.0000000182713033591852536119
00.0000000182713033591852536119
00.0000000182713033591852536119
00.0000000182713033591852536119
00.0000000182713033591852536119
00.0000000182713033591852536119
00.0000000182713033591852536119
00.0000000182713033591852536119
00.0000000182713033591852536119
00.0000000182713033591852536119
00.0000000182713033591852536119
00.0000000182713033591852536119
00.0000000182713033591852536119
00.0000000182713033591852536119
00.0000000182713033591852536119
00.0000000182713033591852536119
00.0000000182713033591852536119
00.0000000182713033591852536119
00.0000000182713033591852536119
00.0000000182713033591852536119
00.0000000182713033591852536119
00.0000000182713033591852536119
00.0000000182713033591852536119
00.0000000182713033591852536119
00.0000000182713033591852536119
00.0000000182713033591852536119
00.0000000182713033591852536119
00.0000000182713033591852536119
00.0000000182713033591852536119
00.0000000182713033591852536119
00.0000000182713033591852536119
00.0000000182713033591852536119
00.0000000182713033591852536119
00.0000000182713033591852536119
00.0000000182713033591852536119
00.0000000182713033591852536119
00.0000000182713033591852536119
00.0000000182713033591852536119
00.0000000182713033591852536119
00.0000000182713033591852536119
00.0000000182713033591852536119
00.0000000182713033591852536119
00.0000000182713033591852536119
00.0000000182713033591852536119
00.0000000182713033591852536119
00.0000000182713033591852536119
00.0000000182713033591852536119
00.0000000182713033591852536119
00.0000000182713033591852536119
00.0000000182713033591852536119
00.0000000182713033591852536119
00.0000000182713033591852536119
00.0000000182713033591852536119
00.0000000182713033591852536119
00.0000000182713033591852536119
00.0000000182713033591852536119
00.0000000182713033591852536119
00.0000000182713033591852536119
00.0000000182713033591852536119
00.0000000182713033591852536119
00.0000000182713033591852536119
00.0000000182713033591852536119
00.0000000182713033591852536119
00.0000000182713033591852536119
00.0000000182713033591852536119
00.0000000182713033591852536119
00.0000000182713033591852536119
00.0000000182713033591852536119
00.0000000182713033591852536119
00.0000000182713033591852536119
00.0000000182713033591852536119
00.0000000182713033591852536119
00.0000000182713033591852536119
00.0000000182713033591852536119
00.0000000182713033591852536119
00.0000000182713033591852536119
00.0000000182713033591852536119
00.0000000182713033591852536119
00.0000000182713033591852536119
00.0000000182713033591852536119
00.0000000182713033591852536119
00.0000000182713033591852536119
00.0000000182713033591852536119
00.0000000182713033591852536119
00.0000000182713033591852536119
00.0000000182713033591852536119
00.0000000182713033591852536119
00.0000000182713033591852536119
00.0000000182713033591852536119
00.0000000182713033591852536119
00.0000000182713033591852536119
00.0000000182713033591852536119
00.0000000182713033591852536119
00.0000000182713033591852536119
00.0000000182713033591852536119
00.0000000182713033591852536119
00.0000000182713033591852536119
00.0000000182713033591852536119
00.0000000182713033591852536119
00.0000000182713033591852536119
00.0000000182713033591852536119
00.0000000182713033591852536119
00.0000000182713033591852536119
00.0000000182713033591852536119
00.0000000182713033591852536119
00.0000000182713033591852536119
00.0000000182713033591852536119
00.0000000182713033591852536119
00.0000000182713033591852536119
00.0000000182713033591852536119
00.0000000182713033591852536119
00.0000000182713033591852536119
00.0000000182713033591852536119
00.0000000182713033591852536119
00.0000000182713033591852536119
00.0000000182713033591852536119
00.0000000182713033591852536119
00.0000000182713033591852536119
00.0000000182713033591852536119
00.0000000182713033591852536119
00.0000000182713033591852536119
00.0000000182713033591852536119
00.0000000182713033591852536119
00.0000000182713033591852536119
00.0000000182713033591852536119
00.0000000182713033591852536119
00.0000000182713033591852536119
00.0000000182713033591852536119
00.0000000182713033591852536119
00.0000000182713033591852536119
00.0000000182713033591852536119
00.0000000182713033591852536119
00.0000000182713033591852536119
00.0000000182713033591852536119
00.0000000182713033591852536119
00.0000000182713033591852536119
00.0000000182713033591852536119
00.0000000182713033591852536119
00.0000000182713033591852536119
00.0000000182713033591852536119
00.0000000182713033591852536119
00.0000000182713033591852536119
00.0000000182713033591852536119
00.0000000182713033591852536119
00.0000000182713033591852536119
00.0000000182713033591852536119
00.0000000182713033591852536119
00.0000000182713033591852536119
00.0000000182713033591852536119
00.0000000182713033591852536119
00.0000000182713033591852536119
00.0000000182713033591852536119
00.0000000182713033591852536119
00.0000000182713033591852536119
00.0000000182713033591852536119
00.0000000182713033591852536119
00.0000000182713033591852536119
00.0000000182713033591852536119
00.0000000182713033591852536119
00.0000000182713033591852536119
00.0000000182713033591852536119
00.0000000182713033591852536119
00.0000000182713033591852536119
00.0000000182713033591852536119
00.0000000182713033591852536119
00.0000000182713033591852536119
00.0000000182713033591852536119
00.0000000182713033591852536119
00.0000000182713033591852536119
00.0000000182713033591852536119
00.0000000182713033591852536119
00.0000000182713033591852536119
00.0000000182713033591852536119
00.0000000182713033591852536119
00.0000000182713033591852536119
00.0000000182713033591852536119
00.0000000182713033591852536119
00.0000000182713033591852536119
00.0000000182713033591852536119
00.0000000182713033591852536119
00.0000000182713033591852536119
00.0000000182713033591852536119
00.0000000182713033591852536119
00.0000000182713033591852536119
00.0000000182713033591852536119
00.0000000182713033591852536119
00.0000000182713033591852536119
00.0000000182713033591852536119
00.0000000182713033591852536119
00.0000000182713033591852536119
00.0000000182713033591852536119
00.0000000182713033591852536119
00.0000000182713033591852536119
00.0000000182713033591852536119
00.0000000182713033591852536119
00.0000000182713033591852536119
00.0000000182713033591852536119
00.0000000182713033591852536119
00.0000000182713033591852536119
00.0000000182713033591852536119
00.0000000182713033591852536119
00.0000000182713033591852536119
00.0000000182713033591852536119
00.0000000182713033591852536119
00.0000000182713033591852536119
00.0000000182713033591852536119
00.0000000182713033591852536119
00.0000000182713033591852536119
00.0000000182713033591852536119
00.0000000182713033591852536119
00.0000000182713033591852536119
00.0000000182713033591852536119
00.0000000182713033591852536119
00.0000000182713033591852536119
00.0000000182713033591852536119
00.0000000182713033591852536119
00.0000000182713033591852536119
00.0000000182713033591852536119
00.0000000182713033591852536119
00.0000000182713033591852536119
00.0000000182713033591852536119
00.0000000182713033591852536119
00.0000000182713033591852536119
00.0000000182713033591852536119
00.0000000182713033591852536119
00.0000000182713033591852536119
00.0000000182713033591852536119
00.0000000182713033591852536119
00.0000000182713033591852536119
00.0000000182713033591852536119
00.0000000182713033591852536119
00.0000000182713033591852536119
00.0000000182713033591852536119
00.0000000182713033591852536119
00.0000000182713033591852536119
00.0000000182713033591852536119
00.0000000182713033591852536119
00.0000000182713033591852536119
00.0000000182713033591852536119
00.0000000182713033591852536119
00.0000000182713033591852536119
00.0000000182713033591852536119
00.0000000182713033591852536119
00.0000000182713033591852536119
00.0000000182713033591852536119
00.0000000182713033591852536119
00.0000000182713033591852536119
00.0000000182713033591852536119
00.0000000182713033591852536119
00.0000000182713033591852536119
00.0000000182713033591852536119
00.0000000182713033591852536119
00.0000000182713033591852536119
00.0000000182713033591852536119
00.0000000182713033591852536119
00.0000000182713033591852536119
00.0000000182713033591852536119
00.0000000182713033591852536119
00.0000000182713033591852536119
00.0000000182713033591852536119
00.0000000182713033591852536119
00.0000000182713033591852536119
00.0000000182713033591852536119
00.0000000182713033591852536119
00.0000000182713033591852536119
00.0000000182713033591852536119
00.0000000182713033591852536119
00.0000000182713033591852536119
00.0000000182713033591852536119
00.0000000182713033591852536119
00.0000000182713033591852536119
00.0000000182713033591852536119
00.0000000182713033591852536119
00.0000000182713033591852536119
00.0000000182713033591852536119
00.0000000182713033591852536119
00.0000000182713033591852536119
00.0000000182713033591852536119
00.0000000182713033591852536119
00.0000000182713033591852536119
00.0000000182713033591852536119
00.0000000182713033591852536119
00.0000000182713033591852536119
00.0000000182713033591852536119
00.0000000182713033591852536119
00.0000000182713033591852536119
00.0000000182713033591852536119
00.0000000182713033591852536119
00.0000000182713033591852536119
00.0000000182713033591852536119
00.0000000182713033591852536119
00.0000000182713033591852536119
00.0000000182713033591852536119
00.0000000182713033591852536119
00.0000000182713033591852536119
00.0000000182713033591852536119
00.0000000182713033591852536119
00.0000000182713033591852536119
00.0000000182713033591852536119
00.0000000182713033591852536119
00.0000000182713033591852536119
00.0000000182713033591852536119
00.0000000182713033591852536119
00.0000000182713033591852536119
00.0000000182713033591852536119
00.0000000182713033591852536119
00.0000000182713033591852536119
00.0000000182713033591852536119
00.0000000182713033591852536119
00.0000000182713033591852536119
00.0000000182713033591852536119
00.0000000182713033591852536119
00.0000000182713033591852536119
00.0000000182713033591852536119
00.0000000182713033591852536119
00.0000000182713033591852536119
00.0000000182713033591852536119
00.0000000182713033591852536119
00.0000000182713033591852536119
00.0000000182713033591852536119
00.0000000182713033591852536119
00.0000000182713033591852536119
00.0000000182713033591852536119
00.0000000182713033591852536119
00.0000000182713033591852536119
00.0000000182713033591852536119
00.0000000182713033591852536119
00.0000000182713033591852536119
00.0000000182713033591852536119
00.0000000182713033591852536119
00.0000000182713033591852536119
00.0000000182713033591852536119
00.0000000182713033591852536119
00.0000000182713033591852536119
00.0000000182713033591852536119
00.0000000182713033591852536119
00.0000000182713033591852536119
00.0000000182713033591852536119
00.0000000182713033591852536119
00.0000000182713033591852536119
00.0000000182713033591852536119
00.0000000182713033591852536119
00.0000000182713033591852536119
00.0000000182713033591852536119
00.0000000182713033591852536119
00.0000000182713033591852536119
00.0000000182713033591852536119
00.0000000182713033591852536119
00.0000000182713033591852536119
00.0000000182713033591852536119
00.0000000182713033591852536119
00.0000000182713033591852536119
00.0000000182713033591852536119
00.0000000182713033591852536119
00.0000000182713033591852536119
00.0000000182713033591852536119
00.0000000182713033591852536119
00.0000000182713033591852536119
00.0000000182713033591852536119
00.0000000182713033591852536119
00.0000000182713033591852536119
00.0000000182713033591852536119
00.0000000182713033591852536119
00.0000000182713033591852536119
00.0000000182713033591852536119
00.0000000182713033591852536119
00.0000000182713033591852536119
00.0000000182713033591852536119
00.0000000182713033591852536119
00.0000000182713033591852536119
00.0000000182713033591852536119
00.0000000182713033591852536119
00.0000000182713033591852536119
00.0000000182713033591852536119
00.0000000182713033591852536119
00.0000000182713033591852536119
00.0000000182713033591852536119
00.0000000182713033591852536119
00.0000000182713033591852536119
00.0000000182713033591852536119
00.0000000182713033591852536119
00.0000000182713033591852536119
00.0000000182713033591852536119
00.0000000182713033591852536119
00.0000000182713033591852536119
00.0000000182713033591852536119
00.0000000182713033591852536119
00.0000000182713033591852536119
00.0000000182713033591852536119
00.0000000182713033591852536119
00.0000000182713033591852536119
00.0000000182713033591852536119
00.0000000182713033591852536119
00.0000000182713033591852536119
00.0000000182713033591852536119
00.0000000182713033591852536119
00.0000000182713033591852536119
00.0000000182713033591852536119
00.0000000182713033591852536119
00.0000000182713033591852536119
00.0000000182713033591852536119
00.0000000182713033591852536119
00.0000000182713033591852536119
00.0000000182713033591852536119
00.0000000182713033591852536119
00.0000000182713033591852536119
00.0000000182713033591852536119
00.0000000182713033591852536119
00.0000000182713033591852536119
00.0000000182713033591852536119
00.0000000182713033591852536119
00.0000000182713033591852536119
00.0000000182713033591852536119
00.0000000182713033591852536119
00.0000000182713033591852536119
00.0000000182713033591852536119
00.0000000182713033591852536119
00.0000000182713033591852536119
00.0000000182713033591852536119
00.0000000182713033591852536119
00.0000000182713033591852536119
00.0000000182713033591852536119
00.0000000182713033591852536119
00.0000000182713033591852536119
00.0000000182713033591852536119
00.0000000182713033591852536119
00.0000000182713033591852536119
00.0000000182713033591852536119
00.0000000182713033591852536119
00.0000000182713033591852536119
00.0000000182713033591852536119
00.0000000182713033591852536119
00.0000000182713033591852536119
00.0000000182713033591852536119
00.0000000182713033591852536119
00.0000000182713033591852536119
00.0000000182713033591852536119
00.0000000182713033591852536119
00.0000000182713033591852536119
00.0000000182713033591852536119
00.0000000182713033591852536119
00.0000000182713033591852536119
00.0000000182713033591852536119
00.0000000182713033591852536119
00.0000000182713033591852536119
00.0000000182713033591852536119
00.0000000182713033591852536119
00.0000000182713033591852536119
00.0000000182713033591852536119
00.0000000182713033591852536119
00.0000000182713033591852536119
00.0000000182713033591852536119
00.0000000182713033591852536119
00.0000000182713033591852536119
00.0000000182713033591852536119
00.0000000182713033591852536119
00.0000000182713033591852536119
00.0000000182713033591852536119
00.0000000182713033591852536119
00.0000000182713033591852536119
00.0000000182713033591852536119
00.0000000182713033591852536119
00.0000000182713033591852536119
00.0000000182713033591852536119
00.0000000182713033591852536119
00.0000000182713033591852536119
00.0000000182713033591852536119
00.0000000182713033591852536119
00.0000000182713033591852536119
00.0000000182713033591852536119
00.0000000182713033591852536119
00.0000000182713033591852536119
00.0000000182713033591852536119
00.0000000182713033591852536119
00.0000000182713033591852536119
00.0000000182713033591852536119
00.0000000182713033591852536119
00.0000000182713033591852536119
00.0000000182713033591852536119
00.0000000182713033591852536119
00.0000000182713033591852536119
00.0000000182713033591852536119
00.0000000182713033591852536119
00.0000000182713033591852536119
00.0000000182713033591852536119
00.0000000182713033591852536119
00.0000000182713033591852536119
00.0000000182713033591852536119
00.0000000182713033591852536119
00.0000000182713033591852536119
00.0000000182713033591852536119
00.0000000182713033591852536119
00.0000000182713033591852536119
00.0000000182713033591852536119
00.0000000182713033591852536119
00.0000000182713033591852536119
00.0000000182713033591852536119
00.0000000182713033591852536119
00.0000000182713033591852536119
00.0000000182713033591852536119
00.0000000182713033591852536119
00.0000000182713033591852536119
00.0000000182713033591852536119
00.0000000182713033591852536119
00.0000000182713033591852536119
00.0000000182713033591852536119
00.0000000182713033591852536119
00.0000000182713033591852536119
00.0000000182713033591852536119
00.0000000182713033591852536119
00.0000000182713033591852536119
00.0000000182713033591852536119
00.0000000182713033591852536119
00.0000000182713033591852536119
00.0000000182713033591852536119
00.0000000182713033591852536119
00.0000000182713033591852536119
00.0000000182713033591852536119
00.0000000182713033591852536119
00.0000000182713033591852536119
00.0000000182713033591852536119
00.0000000182713033591852536119
00.0000000182713033591852536119
00.0000000182713033591852536119
00.0000000182713033591852536119
00.0000000182713033591852536119
00.0000000182713033591852536119
00.0000000182713033591852536119
00.0000000182713033591852536119
00.0000000182713033591852536119
00.0000000182713033591852536119
00.0000000182713033591852536119
00.0000000182713033591852536119
00.0000000182713033591852536119
00.0000000182713033591852536119
00.0000000182713033591852536119
00.0000000182713033591852536119
00.0000000182713033591852536119
00.0000000182713033591852536119
00.0000000182713033591852536119
00.0000000182713033591852536119
00.0000000182713033591852536119
00.0000000182713033591852536119
00.0000000182713033591852536119
00.0000000182713033591852536119
00.0000000182713033591852536119
00.0000000182713033591852536119
00.0000000182713033591852536119
00.0000000182713033591852536119
00.0000000182713033591852536119
00.0000000182713033591852536119
00.0000000182713033591852536119
00.0000000182713033591852536119
00.0000000182713033591852536119
00.0000000182713033591852536119
00.0000000182713033591852536119
00.0000000182713033591852536119
00.0000000182713033591852536119
00.0000000182713033591852536119
00.0000000182713033591852536119
00.0000000182713033591852536119
00.0000000182713033591852536119
00.0000000182713033591852536119
00.0000000182713033591852536119
00.0000000182713033591852536119
00.0000000182713033591852536119
00.0000000182713033591852536119
00.0000000182713033591852536119
00.0000000182713033591852536119
00.0000000182713033591852536119
00.0000000182713033591852536119
00.0000000182713033591852536119
00.0000000182713033591852536119
00.0000000182713033591852536119
00.0000000182713033591852536119
00.0000000182713033591852536119
00.0000000182713033591852536119
00.0000000182713033591852536119
00.0000000182713033591852536119
00.0000000182713033591852536119
00.0000000182713033591852536119
00.0000000182713033591852536119
00.0000000182713033591852536119
00.0000000182713033591852536119
00.0000000182713033591852536119
00.0000000182713033591852536119
00.0000000182713033591852536119
00.0000000182713033591852536119
00.0000000182713033591852536119
00.0000000182713033591852536119
00.0000000182713033591852536119
00.0000000182713033591852536119
00.0000000182713033591852536119
00.0000000182713033591852536119
00.0000000182713033591852536119
00.0000000182713033591852536119
00.0000000182713033591852536119
00.0000000182713033591852536119
00.0000000182713033591852536119
00.0000000182713033591852536119
00.0000000182713033591852536119
00.0000000182713033591852536119
00.0000000182713033591852536119
00.0000000182713033591852536119
00.0000000182713033591852536119
00.0000000182713033591852536119
00.0000000182713033591852536119
00.0000000182713033591852536119
00.0000000182713033591852536119
00.0000000182713033591852536119
00.0000000182713033591852536119
00.0000000182713033591852536119
00.0000000182713033591852536119
00.0000000182713033591852536119
00.0000000182713033591852536119
00.0000000182713033591852536119
00.0000000182713033591852536119
00.0000000182713033591852536119
00.0000000182713033591852536119
00.0000000182713033591852536119
00.0000000182713033591852536119
00.0000000182713033591852536119
00.0000000182713033591852536119
00.0000000182713033591852536119
00.0000000182713033591852536119
00.0000000182713033591852536119
00.0000000182713033591852536119
00.0000000182713033591852536119
00.0000000182713033591852536119
00.0000000182713033591852536119
00.0000000182713033591852536119
00.0000000182713033591852536119
00.0000000182713033591852536119
00.0000000182713033591852536119
00.0000000182713033591852536119
00.0000000182713033591852536119
00.0000000182713033591852536119
00.0000000182713033591852536119
00.0000000182713033591852536119
00.0000000182713033591852536119
00.0000000182713033591852536119
00.0000000182713033591852536119
00.0000000182713033591852536119
00.0000000182713033591852536119
00.0000000182713033591852536119
00.0000000182713033591852536119
00.0000000182713033591852536119
00.0000000182713033591852536119
00.0000000182713033591852536119
00.0000000182713033591852536119
00.0000000182713033591852536119
00.0000000182713033591852536119
00.0000000182713033591852536119
00.0000000182713033591852536119
00.0000000182713033591852536119
00.0000000182713033591852536119
00.0000000182713033591852536119
00.0000000182713033591852536119
00.0000000182713033591852536119
00.0000000182713033591852536119
00.0000000182713033591852536119
00.0000000182713033591852536119
00.0000000182713033591852536119
00.0000000182713033591852536119
00.0000000182713033591852536119
00.0000000182713033591852536119
00.0000000182713033591852536119
00.0000000182713033591852536119
00.0000000182713033591852536119
00.0000000182713033591852536119
00.0000000182713033591852536119
00.0000000182713033591852536119
00.0000000182713033591852536119
00.0000000182713033591852536119
00.0000000182713033591852536119
00.0000000182713033591852536119
00.0000000182713033591852536119
00.0000000182713033591852536119
00.0000000182713033591852536119
00.0000000182713033591852536119
00.0000000182713033591852536119
00.0000000182713033591852536119
00.0000000182713033591852536119
00.0000000182713033591852536119
00.0000000182713033591852536119
00.0000000182713033591852536119
00.0000000182713033591852536119
00.0000000182713033591852536119
00.0000000182713033591852536119
00.0000000182713033591852536119
00.0000000182713033591852536119
00.0000000182713033591852536119
00.0000000182713033591852536119
00.0000000182713033591852536119
00.0000000182713033591852536119
00.0000000182713033591852536119
00.0000000182713033591852536119
00.0000000182713033591852536119
00.0000000182713033591852536119
00.0000000182713033591852536119
00.0000000182713033591852536119
00.0000000182713033591852536119
00.0000000182713033591852536119
00.0000000182713033591852536119
00.0000000182713033591852536119
00.0000000182713033591852536119
00.0000000182713033591852536119
00.0000000182713033591852536119
00.0000000182713033591852536119
00.0000000182713033591852536119
00.0000000182713033591852536119
00.0000000182713033591852536119
00.0000000182713033591852536119
00.0000000182713033591852536119
00.0000000182713033591852536119
00.0000000182713033591852536119
00.0000000182713033591852536119
00.0000000182713033591852536119
00.0000000182713033591852536119
00.0000000182713033591852536119
00.0000000182713033591852536119
00.0000000182713033591852536119
00.0000000182713033591852536119
00.0000000182713033591852536119
00.0000000182713033591852536119
00.0000000182713033591852536119
00.0000000182713033591852536119
00.0000000182713033591852536119
00.0000000182713033591852536119
00.0000000182713033591852536119
00.0000000182713033591852536119
00.0000000182713033591852536119
00.0000000182713033591852536119
00.0000000182713033591852536119
00.0000000182713033591852536119
00.0000000182713033591852536119
00.0000000182713033591852536119
00.0000000182713033591852536119
00.0000000182713033591852536119
00.0000000182713033591852536119
00.0000000182713033591852536119
00.0000000182713033591852536119
00.0000000182713033591852536119
00.0000000182713033591852536119
00.0000000182713033591852536119
00.0000000182713033591852536119
00.0000000182713033591852536119
00.0000000182713033591852536119
00.0000000182713033591852536119
00.0000000182713033591852536119
00.0000000182713033591852536119
00.0000000182713033591852536119
00.0000000182713033591852536119
00.0000000182713033591852536119
00.0000000182713033591852536119
00.0000000182713033591852536119
00.0000000182713033591852536119
00.0000000182713033591852536119
00.0000000182713033591852536119
00.0000000182713033591852536119
00.0000000182713033591852536119
00.0000000182713033591852536119
00.0000000182713033591852536119
00.0000000182713033591852536119
00.0000000182713033591852536119
00.0000000182713033591852536119
00.0000000182713033591852536119
00.0000000182713033591852536119
00.0000000182713033591852536119
00.0000000182713033591852536119
00.0000000182713033591852536119
00.0000000182713033591852536119
00.0000000182713033591852536119
00.0000000182713033591852536119
00.0000000182713033591852536119
00.0000000182713033591852536119
00.0000000182713033591852536119
00.0000000182713033591852536119
00.0000000182713033591852536119
00.0000000182713033591852536119
00.0000000182713033591852536119
00.0000000182713033591852536119
00.0000000182713033591852536119
00.0000000182713033591852536119
00.0000000182713033591852536119
00.0000000182713033591852536119
00.0000000182713033591852536119
00.0000000182713033591852536119
00.0000000182713033591852536119
00.0000000182713033591852536119
00.0000000182713033591852536119
00.0000000182713033591852536119
00.0000000182713033591852536119
00.0000000182713033591852536119
00.0000000182713033591852536119
00.0000000182713033591852536119
00.0000000182713033591852536119
00.0000000182713033591852536119
00.0000000182713033591852536119
00.0000000182713033591852536119
00.0000000182713033591852536119
00.0000000182713033591852536119
00.0000000182713033591852536119
00.0000000182713033591852536119
00.0000000182713033591852536119
00.0000000182713033591852536119
00.0000000182713033591852536119
00.0000000182713033591852536119
00.0000000182713033591852536119
00.0000000177714075677570804146
00.0000000177714075677570804146
00.0000000177714075677570804146
00.0000000177714075677570804146
00.0000000177714075677570804146
00.0000000177714075677570804146
00.0000000177714075677570804146
00.0000000177714075677570804146
00.0000000177714075677570804146
00.0000000177714075677570804146
00.0000000177714075677570804146
00.0000000177714075677570804146
00.0000000177714075677570804146
00.0000000177714075677570804146
00.0000000177714075677570804146
00.0000000177714075677570804146
00.0000000177714075677570804146
00.0000000177714075677570804146
00.0000000177714075677570804146
00.0000000177714075677570804146
00.0000000177714075677570804146
00.0000000177714075677570804146
00.0000000177714075677570804146
00.0000000177714075677570804146
00.0000000177714075677570804146
00.0000000177714075677570804146
00.0000000177714075677570804146
00.0000000177714075677570804146
00.0000000177714075677570804146
00.0000000177714075677570804146
00.0000000177714075677570804146
00.0000000177714075677570804146
00.0000000177714075677570804146
00.0000000177714075677570804146
00.0000000177714075677570804146
00.0000000177714075677570804146
00.0000000177714075677570804146
00.0000000177714075677570804146
00.0000000177714075677570804146
00.0000000177714075677570804146
00.0000000177714075677570804146
00.0000000177714075677570804146
00.0000000177714075677570804146
00.0000000177714075677570804146
00.0000000177714075677570804146
00.0000000177714075677570804146
00.0000000177714075677570804146
00.0000000177714075677570804146
00.0000000177714075677570804146
00.0000000177714075677570804146
00.0000000177714075677570804146
00.0000000177714075677570804146
00.0000000177714075677570804146
00.0000000177714075677570804146
00.0000000177714075677570804146
00.0000000177714075677570804146
00.0000000177714075677570804146
00.0000000177714075677570804146
00.0000000177714075677570804146
00.0000000177714075677570804146
00.0000000177714075677570804146
00.0000000177714075677570804146
00.0000000177714075677570804146
00.0000000177714075677570804146
00.0000000177714075677570804146
00.0000000177714075677570804146
00.0000000177714075677570804146
00.0000000177714075677570804146
00.0000000177714075677570804146
00.0000000177714075677570804146
00.0000000177714075677570804146
00.0000000177714075677570804146
00.0000000177714075677570804146
00.0000000177714075677570804146
00.0000000177714075677570804146
00.0000000177714075677570804146
00.0000000177714075677570804146
00.0000000177714075677570804146
00.0000000177714075677570804146
00.0000000177714075677570804146
00.0000000177714075677570804146
00.0000000177714075677570804146
00.0000000177714075677570804146
00.0000000177714075677570804146
00.0000000177714075677570804146
00.0000000177714075677570804146
00.0000000177714075677570804146
00.0000000177714075677570804146
00.0000000177714075677570804146
00.0000000177714075677570804146
00.0000000177714075677570804146
00.0000000177714075677570804146
00.0000000177714075677570804146
00.0000000177714075677570804146
00.0000000177714075677570804146
00.0000000177714075677570804146
00.0000000177714075677570804146
00.0000000177714075677570804146
00.0000000177714075677570804146
00.0000000177714075677570804146
00.0000000177714075677570804146
00.0000000177714075677570804146
00.0000000177714075677570804146
00.0000000177714075677570804146
00.0000000177714075677570804146
00.0000000177714075677570804146
00.0000000177714075677570804146
00.0000000177714075677570804146
00.0000000177714075677570804146
00.0000000177714075677570804146
00.0000000177714075677570804146
00.0000000177714075677570804146
00.0000000177714075677570804146
00.0000000177714075677570804146
00.0000000177714075677570804146
00.0000000177714075677570804146
00.0000000177714075677570804146
00.0000000177714075677570804146
00.0000000177714075677570804146
00.0000000177714075677570804146
00.0000000177714075677570804146
00.0000000177714075677570804146
00.0000000177714075677570804146
00.0000000177714075677570804146
00.0000000177714075677570804146
00.0000000177714075677570804146
00.0000000177714075677570804146
00.0000000177714075677570804146
00.0000000177714075677570804146
00.0000000177714075677570804146
00.0000000177714075677570804146
00.0000000177714075677570804146
00.0000000177714075677570804146
00.0000000177714075677570804146
00.0000000177714075677570804146
00.0000000177714075677570804146
00.0000000177714075677570804146
00.0000000177714075677570804146
00.0000000177714075677570804146
00.0000000177714075677570804146
00.0000000177714075677570804146
00.0000000177714075677570804146
00.0000000177714075677570804146
00.0000000177714075677570804146
00.0000000177714075677570804146
00.0000000177714075677570804146
00.0000000177714075677570804146
00.0000000177714075677570804146
00.0000000177714075677570804146
00.0000000177714075677570804146
00.0000000177714075677570804146
00.0000000177714075677570804146
00.0000000177714075677570804146
00.0000000177714075677570804146
00.0000000177714075677570804146
00.0000000177714075677570804146
00.0000000177714075677570804146
00.0000000177714075677570804146
00.0000000177714075677570804146
00.0000000177714075677570804146
00.0000000177714075677570804146
00.0000000177714075677570804146
00.0000000177714075677570804146
00.0000000177714075677570804146
00.0000000177714075677570804146
00.0000000177714075677570804146
00.0000000177714075677570804146
00.0000000177714075677570804146
00.0000000177714075677570804146
00.0000000177714075677570804146
00.0000000177714075677570804146
00.0000000177714075677570804146
00.0000000177714075677570804146
00.0000000177714075677570804146
00.0000000177714075677570804146
00.0000000177714075677570804146
00.0000000177714075677570804146
00.0000000177714075677570804146
00.0000000177714075677570804146
00.0000000177714075677570804146
00.0000000177714075677570804146
00.0000000177714075677570804146
00.0000000177714075677570804146
00.0000000177714075677570804146
00.0000000177714075677570804146
00.0000000177714075677570804146
00.0000000177714075677570804146
00.0000000177714075677570804146
00.0000000177714075677570804146
00.0000000177714075677570804146
00.0000000177714075677570804146
00.0000000177714075677570804146
00.0000000177714075677570804146
00.0000000177714075677570804146
00.0000000177714075677570804146
00.0000000177714075677570804146
00.0000000177714075677570804146
00.0000000177714075677570804146
00.0000000177714075677570804146
00.0000000177714075677570804146
00.0000000177714075677570804146
00.0000000177714075677570804146
00.0000000177714075677570804146
00.0000000177714075677570804146
00.0000000177714075677570804146
00.0000000177714075677570804146
00.0000000177714075677570804146
00.0000000177714075677570804146
00.0000000177714075677570804146
00.0000000177714075677570804146
00.0000000177714075677570804146
00.0000000177714075677570804146
00.0000000177714075677570804146
00.0000000177714075677570804146
00.0000000177714075677570804146
00.0000000177714075677570804146
00.0000000177714075677570804146
00.0000000177714075677570804146
00.0000000177714075677570804146
00.0000000177714075677570804146
00.0000000177714075677570804146
00.0000000177714075677570804146
00.0000000177714075677570804146
00.0000000177714075677570804146
00.0000000177714075677570804146
00.0000000177714075677570804146
00.0000000177714075677570804146
00.0000000177714075677570804146
00.0000000177714075677570804146
00.0000000177714075677570804146
00.0000000177714075677570804146
00.0000000177714075677570804146
00.0000000177714075677570804146
00.0000000177714075677570804146
00.0000000177714075677570804146
00.0000000177714075677570804146
00.0000000177714075677570804146
00.0000000177714075677570804146
00.0000000177714075677570804146
00.0000000177714075677570804146
00.0000000177714075677570804146
00.0000000177714075677570804146
00.0000000177714075677570804146
00.0000000177714075677570804146
00.0000000177714075677570804146
00.0000000177714075677570804146
00.0000000177714075677570804146
00.0000000177714075677570804146
00.0000000177714075677570804146
00.0000000177714075677570804146
00.0000000177714075677570804146
00.0000000177714075677570804146
00.0000000177714075677570804146
00.0000000177714075677570804146
00.0000000177714075677570804146
00.0000000177714075677570804146
00.0000000177714075677570804146
00.0000000177714075677570804146
00.0000000177714075677570804146
00.0000000177714075677570804146
00.0000000177714075677570804146
00.0000000177714075677570804146
00.0000000177714075677570804146
00.0000000177714075677570804146
00.0000000177714075677570804146
00.0000000177714075677570804146
00.0000000177714075677570804146
00.0000000177714075677570804146
00.0000000177714075677570804146
00.0000000177714075677570804146
00.0000000177714075677570804146
00.0000000177714075677570804146
00.0000000177714075677570804146
00.0000000177714075677570804146
00.0000000177714075677570804146
00.0000000177714075677570804146
00.0000000177714075677570804146
00.0000000177714075677570804146
00.0000000177714075677570804146
00.0000000177714075677570804146
00.0000000177714075677570804146
00.0000000177714075677570804146
00.0000000177714075677570804146
00.0000000177714075677570804146
00.0000000177714075677570804146
00.0000000177714075677570804146
00.0000000177714075677570804146
00.0000000177714075677570804146
00.0000000177714075677570804146
00.0000000177714075677570804146
00.0000000177714075677570804146
00.0000000177714075677570804146
00.0000000177714075677570804146
00.0000000177714075677570804146
00.0000000177714075677570804146
00.0000000177714075677570804146
00.0000000177714075677570804146
00.0000000177714075677570804146
00.0000000177714075677570804146
00.0000000177714075677570804146
00.0000000177714075677570804146
00.0000000177714075677570804146
00.0000000177714075677570804146
00.0000000177714075677570804146
00.0000000177714075677570804146
00.0000000177714075677570804146
00.0000000177714075677570804146
00.0000000177714075677570804146
00.0000000177714075677570804146
00.0000000177714075677570804146
00.0000000177714075677570804146
00.0000000177714075677570804146
00.0000000177714075677570804146
00.0000000177714075677570804146
00.0000000177714075677570804146
00.0000000177714075677570804146
00.0000000177714075677570804146
00.0000000177714075677570804146
00.0000000177714075677570804146
00.0000000177714075677570804146
00.0000000177714075677570804146
00.0000000177714075677570804146
00.0000000177714075677570804146
00.0000000177714075677570804146
00.0000000177714075677570804146
00.0000000177714075677570804146
00.0000000177714075677570804146
00.0000000177714075677570804146
00.0000000177714075677570804146
00.0000000177714075677570804146
00.0000000177714075677570804146
00.0000000177714075677570804146
00.0000000177714075677570804146
00.0000000177714075677570804146
00.0000000177714075677570804146
00.0000000177714075677570804146
00.0000000177714075677570804146
00.0000000177714075677570804146
00.0000000177714075677570804146
00.0000000177714075677570804146
00.0000000177714075677570804146
00.0000000177714075677570804146
00.0000000177714075677570804146
00.0000000177714075677570804146
00.0000000177714075677570804146
00.0000000177714075677570804146
00.0000000177714075677570804146
00.0000000177714075677570804146
00.0000000177714075677570804146
00.0000000177714075677570804146
00.0000000177714075677570804146
00.0000000177714075677570804146
00.0000000177714075677570804146
00.0000000177714075677570804146
00.0000000177714075677570804146
00.0000000177714075677570804146
00.0000000177714075677570804146
00.0000000177714075677570804146
00.0000000177714075677570804146
00.0000000177714075677570804146
00.0000000177714075677570804146
00.0000000177714075677570804146
00.0000000177714075677570804146
00.0000000177714075677570804146
00.0000000177714075677570804146
00.0000000177714075677570804146
00.0000000177714075677570804146
00.0000000177714075677570804146
00.0000000177714075677570804146
00.0000000177714075677570804146
00.0000000177714075677570804146
00.0000000177714075677570804146
00.0000000177714075677570804146
00.0000000177714075677570804146
00.0000000177714075677570804146
00.0000000177714075677570804146
00.0000000177714075677570804146
00.0000000177714075677570804146
00.0000000177714075677570804146
00.0000000177714075677570804146
00.0000000177714075677570804146
00.0000000177714075677570804146
00.0000000177714075677570804146
00.0000000177714075677570804146
00.0000000177714075677570804146
00.0000000177714075677570804146
00.0000000177714075677570804146
00.0000000177714075677570804146
00.0000000177714075677570804146
00.0000000177714075677570804146
00.0000000177714075677570804146
00.0000000177714075677570804146
00.0000000177714075677570804146
00.0000000177714075677570804146
00.0000000177714075677570804146
00.0000000177714075677570804146
00.0000000177714075677570804146
00.0000000177714075677570804146
00.0000000177714075677570804146
00.0000000177714075677570804146
00.0000000177714075677570804146
00.0000000177714075677570804146
00.0000000177714075677570804146
00.0000000177714075677570804146
00.0000000177714075677570804146
00.0000000177714075677570804146
00.0000000177714075677570804146
00.0000000177714075677570804146
00.0000000177714075677570804146
00.0000000177714075677570804146
00.0000000177714075677570804146
00.0000000177714075677570804146
00.0000000177714075677570804146
00.0000000177714075677570804146
00.0000000177714075677570804146
00.0000000177714075677570804146
00.0000000177714075677570804146
00.0000000177714075677570804146
00.0000000177714075677570804146
00.0000000177714075677570804146
00.0000000177714075677570804146
00.0000000177714075677570804146
00.0000000177714075677570804146
00.0000000177714075677570804146
00.0000000177714075677570804146
00.0000000177714075677570804146
00.0000000177714075677570804146
00.0000000177714075677570804146
00.0000000177714075677570804146
00.0000000177714075677570804146
00.0000000177714075677570804146
00.0000000177714075677570804146
00.0000000177714075677570804146
00.0000000177714075677570804146
00.0000000177714075677570804146
00.0000000177714075677570804146
00.0000000177714075677570804146
00.0000000177714075677570804146
00.0000000177714075677570804146
00.0000000177714075677570804146
00.0000000177714075677570804146
00.0000000177714075677570804146
00.0000000177714075677570804146
00.0000000177714075677570804146
00.0000000177714075677570804146
00.0000000177714075677570804146
00.0000000177714075677570804146
00.0000000177714075677570804146
00.0000000177714075677570804146
00.0000000177714075677570804146
00.0000000177714075677570804146
00.0000000177714075677570804146
00.0000000177714075677570804146
00.0000000177714075677570804146
00.0000000177714075677570804146
00.0000000177714075677570804146
00.0000000177714075677570804146
00.0000000177714075677570804146
00.0000000177714075677570804146
00.0000000177714075677570804146
00.0000000177714075677570804146
00.0000000177714075677570804146
00.0000000177714075677570804146
00.0000000177714075677570804146
00.0000000177714075677570804146
00.0000000177714075677570804146
00.0000000177714075677570804146
00.0000000177714075677570804146
00.0000000177714075677570804146
00.0000000177714075677570804146
00.0000000177714075677570804146
00.0000000177714075677570804146
00.0000000177714075677570804146
00.0000000177714075677570804146
00.0000000177714075677570804146
00.0000000177714075677570804146
00.0000000177714075677570804146
00.0000000177714075677570804146
00.0000000177714075677570804146
00.0000000177714075677570804146
00.0000000177714075677570804146
00.0000000177714075677570804146
00.0000000177714075677570804146
00.0000000177714075677570804146
00.0000000177714075677570804146
00.0000000177714075677570804146
00.0000000177714075677570804146
00.0000000177714075677570804146
00.0000000177714075677570804146
00.0000000177714075677570804146
00.0000000177714075677570804146
00.0000000177714075677570804146
00.0000000177714075677570804146
00.0000000177714075677570804146
00.0000000177714075677570804146
00.0000000177714075677570804146
00.0000000177714075677570804146
00.0000000177714075677570804146
00.0000000177714075677570804146
00.0000000177714075677570804146
00.0000000177714075677570804146
00.0000000177714075677570804146
00.0000000177714075677570804146
00.0000000177714075677570804146
00.0000000177714075677570804146
00.0000000177714075677570804146
00.0000000177714075677570804146
00.0000000177714075677570804146
00.0000000177714075677570804146
00.0000000177714075677570804146
00.0000000177714075677570804146
00.0000000177714075677570804146
00.0000000177714075677570804146
00.0000000177714075677570804146
00.0000000177714075677570804146
00.0000000177714075677570804146
00.0000000177714075677570804146
00.0000000177714075677570804146
00.0000000177714075677570804146
00.0000000177714075677570804146
00.0000000177714075677570804146
00.0000000177714075677570804146
00.0000000177714075677570804146
00.0000000177714075677570804146
00.0000000177714075677570804146
00.0000000177714075677570804146
00.0000000177714075677570804146
00.0000000177714075677570804146
00.0000000177714075677570804146
00.0000000177714075677570804146
00.0000000177714075677570804146
00.0000000177714075677570804146
00.0000000177714075677570804146
00.0000000177714075677570804146
00.0000000177714075677570804146
00.0000000177714075677570804146
00.0000000177714075677570804146
00.0000000177714075677570804146
00.0000000177714075677570804146
00.0000000177714075677570804146
00.0000000177714075677570804146
00.0000000177714075677570804146
00.0000000177714075677570804146
00.0000000177714075677570804146
00.0000000177714075677570804146
00.0000000177714075677570804146
00.0000000177714075677570804146
00.0000000177714075677570804146
00.0000000177714075677570804146
00.0000000177714075677570804146
00.0000000177714075677570804146
00.0000000177714075677570804146
00.0000000177714075677570804146
00.0000000177714075677570804146
00.0000000177714075677570804146
00.0000000177714075677570804146
00.0000000177714075677570804146
00.0000000177714075677570804146
00.0000000177714075677570804146
00.0000000177714075677570804146
00.0000000177714075677570804146
00.0000000177714075677570804146
00.0000000177714075677570804146
00.0000000177714075677570804146
00.0000000177714075677570804146
00.0000000177714075677570804146
00.0000000177714075677570804146
00.0000000177714075677570804146
00.0000000177714075677570804146
00.0000000177714075677570804146
00.0000000177714075677570804146
00.0000000177714075677570804146
00.0000000177714075677570804146
00.0000000177714075677570804146
00.0000000177714075677570804146
00.0000000177714075677570804146
00.0000000177714075677570804146
00.0000000177714075677570804146
00.0000000177714075677570804146
00.0000000177714075677570804146
00.0000000177714075677570804146
00.0000000177714075677570804146
00.0000000177714075677570804146
00.0000000177714075677570804146
00.0000000177714075677570804146
00.0000000177714075677570804146
00.0000000177714075677570804146
00.0000000177714075677570804146
00.0000000177714075677570804146
00.0000000177714075677570804146
00.0000000177714075677570804146
00.0000000177714075677570804146
00.0000000177714075677570804146
00.0000000177714075677570804146
00.0000000177714075677570804146
00.0000000177714075677570804146
00.0000000177714075677570804146
00.0000000177714075677570804146
00.0000000177714075677570804146
00.0000000177714075677570804146
00.0000000177714075677570804146
00.0000000177714075677570804146
00.0000000177714075677570804146
00.0000000177714075677570804146
00.0000000177714075677570804146
00.0000000177714075677570804146
00.0000000177714075677570804146
00.0000000177714075677570804146
00.0000000177714075677570804146
00.0000000177714075677570804146
00.0000000177714075677570804146
00.0000000177714075677570804146
00.0000000177714075677570804146
00.0000000177714075677570804146
00.0000000177714075677570804146
00.0000000177714075677570804146
00.0000000177714075677570804146
00.0000000177714075677570804146
00.0000000177714075677570804146
00.0000000177714075677570804146
00.0000000177714075677570804146
00.0000000177714075677570804146
00.0000000177714075677570804146
00.0000000177714075677570804146
00.0000000177714075677570804146
00.0000000177714075677570804146
00.0000000177714075677570804146
00.0000000177714075677570804146
00.0000000177714075677570804146
00.0000000177714075677570804146
00.0000000177714075677570804146
00.0000000177714075677570804146
00.0000000177714075677570804146
00.0000000177714075677570804146
00.0000000177714075677570804146
00.0000000177714075677570804146
00.0000000177714075677570804146
00.0000000177714075677570804146
00.0000000177714075677570804146
00.0000000177714075677570804146
00.0000000177714075677570804146
00.0000000177714075677570804146
00.0000000177714075677570804146
00.0000000177714075677570804146
00.0000000177714075677570804146
00.0000000177714075677570804146
00.0000000177714075677570804146
00.0000000177714075677570804146
00.0000000177714075677570804146
00.0000000177714075677570804146
00.0000000177714075677570804146
00.0000000177714075677570804146
00.0000000177714075677570804146
00.0000000177714075677570804146
00.0000000177714075677570804146
00.0000000177714075677570804146
00.0000000177714075677570804146
00.0000000177714075677570804146
00.0000000177714075677570804146
00.0000000177714075677570804146
00.0000000177714075677570804146
00.0000000177714075677570804146
00.0000000177714075677570804146
00.0000000177714075677570804146
00.0000000177714075677570804146
00.0000000177714075677570804146
00.0000000177714075677570804146
00.0000000177714075677570804146
00.0000000177714075677570804146
00.0000000177714075677570804146
00.0000000177714075677570804146
00.0000000177714075677570804146
00.0000000177714075677570804146
00.0000000177714075677570804146
00.0000000177714075677570804146
00.0000000177714075677570804146
00.0000000177714075677570804146
00.0000000177714075677570804146
00.0000000177714075677570804146
00.0000000177714075677570804146
00.0000000177714075677570804146
00.0000000177714075677570804146
00.0000000177714075677570804146
00.0000000177714075677570804146
00.0000000177714075677570804146
00.0000000177714075677570804146
00.0000000177714075677570804146
00.0000000177714075677570804146
00.0000000177714075677570804146
00.0000000177714075677570804146
00.0000000177714075677570804146
00.0000000177714075677570804146
00.0000000177714075677570804146
00.0000000177714075677570804146
00.0000000177714075677570804146
00.0000000177714075677570804146
00.0000000177714075677570804146
00.0000000177714075677570804146
00.0000000177714075677570804146
00.0000000177714075677570804146
00.0000000177714075677570804146
00.0000000177714075677570804146
00.0000000177714075677570804146
00.0000000177714075677570804146
00.0000000177714075677570804146
00.0000000177714075677570804146
00.0000000177714075677570804146
00.0000000177714075677570804146
00.0000000177714075677570804146
00.0000000177714075677570804146
00.0000000177714075677570804146
00.0000000177714075677570804146
00.0000000177714075677570804146
00.0000000177714075677570804146
00.0000000177714075677570804146
00.0000000177714075677570804146
00.0000000177714075677570804146
00.0000000177714075677570804146
00.0000000177714075677570804146
00.0000000177714075677570804146
00.0000000177714075677570804146
00.0000000177714075677570804146
00.0000000177714075677570804146
00.0000000177714075677570804146
00.0000000177714075677570804146
00.0000000177714075677570804146
00.0000000177714075677570804146
00.0000000177714075677570804146
00.0000000177714075677570804146
00.0000000177714075677570804146
00.0000000177714075677570804146
00.0000000177714075677570804146
00.0000000177714075677570804146
00.0000000177714075677570804146
00.0000000177714075677570804146
00.0000000177714075677570804146
00.0000000177714075677570804146
00.0000000177714075677570804146
00.0000000177714075677570804146
00.0000000177714075677570804146
00.0000000177714075677570804146
00.0000000177714075677570804146
00.0000000177714075677570804146
00.0000000177714075677570804146
00.0000000177714075677570804146
00.0000000177714075677570804146
00.0000000177714075677570804146
00.0000000177714075677570804146
00.0000000177714075677570804146
00.0000000177714075677570804146
00.0000000177714075677570804146
00.0000000177714075677570804146
00.0000000177714075677570804146
00.0000000177714075677570804146
00.0000000177714075677570804146
00.0000000177714075677570804146
00.0000000177714075677570804146
00.0000000177714075677570804146
00.0000000177714075677570804146
00.0000000177714075677570804146
00.0000000177714075677570804146
00.0000000177714075677570804146
00.0000000177714075677570804146
00.0000000177714075677570804146
00.0000000177714075677570804146
00.0000000177714075677570804146
00.0000000177714075677570804146
00.0000000177714075677570804146
00.0000000177714075677570804146
00.0000000177714075677570804146
00.0000000177714075677570804146
00.0000000177714075677570804146
00.0000000177714075677570804146
00.0000000177714075677570804146
00.0000000177714075677570804146
00.0000000177714075677570804146
00.0000000177714075677570804146
00.0000000177714075677570804146
00.0000000177714075677570804146
00.0000000177714075677570804146
00.0000000177714075677570804146
00.0000000177714075677570804146
00.0000000177714075677570804146
00.0000000177714075677570804146
00.0000000177714075677570804146
00.0000000177714075677570804146
00.0000000177714075677570804146
00.0000000177714075677570804146
00.0000000177714075677570804146
00.0000000177714075677570804146
00.0000000177714075677570804146
00.0000000177714075677570804146
00.0000000177714075677570804146
00.0000000177714075677570804146
00.0000000177714075677570804146
00.0000000177714075677570804146
00.0000000177714075677570804146
00.0000000177714075677570804146
00.0000000177714075677570804146
00.0000000177714075677570804146
00.0000000177714075677570804146
00.0000000177714075677570804146
00.0000000177714075677570804146
00.0000000177714075677570804146
00.0000000177714075677570804146
00.0000000177714075677570804146
00.0000000177714075677570804146
00.0000000177714075677570804146
00.0000000177714075677570804146
00.0000000177714075677570804146
00.0000000177714075677570804146
00.0000000177714075677570804146
00.0000000177714075677570804146
00.0000000177714075677570804146
00.0000000177714075677570804146
00.0000000177714075677570804146
00.0000000177714075677570804146
00.0000000177714075677570804146
00.0000000177714075677570804146
00.0000000177714075677570804146
00.0000000177714075677570804146
00.0000000177714075677570804146
00.0000000177714075677570804146
00.0000000177714075677570804146
00.0000000177714075677570804146
00.0000000177714075677570804146
00.0000000177714075677570804146
00.0000000177714075677570804146
00.0000000177714075677570804146
00.0000000177714075677570804146
00.0000000177714075677570804146
00.0000000177714075677570804146
00.0000000177714075677570804146
00.0000000177714075677570804146
00.0000000177714075677570804146
00.0000000177714075677570804146
00.0000000177714075677570804146
00.0000000177714075677570804146
00.0000000177714075677570804146
00.0000000177714075677570804146
00.0000000177714075677570804146
00.0000000177714075677570804146
00.0000000177714075677570804146
00.0000000177714075677570804146
00.0000000177714075677570804146
00.0000000177714075677570804146
00.0000000177714075677570804146
00.0000000177714075677570804146
00.0000000177714075677570804146
00.0000000177714075677570804146
00.0000000177714075677570804146
00.0000000177714075677570804146
00.0000000177714075677570804146
00.0000000177714075677570804146
00.0000000177714075677570804146
00.0000000177714075677570804146
00.0000000177714075677570804146
00.0000000177714075677570804146
00.0000000177714075677570804146
00.0000000177714075677570804146
00.0000000177714075677570804146
00.0000000177714075677570804146
00.0000000177714075677570804146
00.0000000177714075677570804146
00.0000000177714075677570804146
00.0000000177714075677570804146
00.0000000177714075677570804146
00.0000000177714075677570804146
00.0000000177714075677570804146
00.0000000177714075677570804146
00.0000000177714075677570804146
00.0000000177714075677570804146
00.0000000177714075677570804146
00.0000000177714075677570804146
00.0000000177714075677570804146
00.0000000177714075677570804146
00.0000000177714075677570804146
00.0000000177714075677570804146
00.0000000177714075677570804146
00.0000000177714075677570804146
00.0000000177714075677570804146
00.0000000177714075677570804146
00.0000000177714075677570804146
00.0000000177714075677570804146
00.0000000177714075677570804146
00.0000000177714075677570804146
00.0000000177714075677570804146
00.0000000177714075677570804146
00.0000000177714075677570804146
00.0000000177714075677570804146
00.0000000177714075677570804146
00.0000000177714075677570804146
00.0000000177714075677570804146
00.0000000177714075677570804146
00.0000000177714075677570804146
00.0000000177714075677570804146
00.0000000177714075677570804146
00.0000000177714075677570804146
00.0000000177714075677570804146
00.0000000177714075677570804146
00.0000000177714075677570804146
00.0000000177714075677570804146
00.0000000177714075677570804146
00.0000000177714075677570804146
00.0000000177714075677570804146
00.0000000177714075677570804146
00.0000000177714075677570804146
00.0000000177714075677570804146
00.0000000177714075677570804146
00.0000000177714075677570804146
00.0000000177714075677570804146
00.0000000177714075677570804146
00.0000000177714075677570804146
00.0000000177714075677570804146
00.0000000177714075677570804146
00.0000000177714075677570804146
00.0000000177714075677570804146
00.0000000177714075677570804146
00.0000000177714075677570804146
00.0000000177714075677570804146
00.0000000177714075677570804146
00.0000000177714075677570804146
00.0000000177714075677570804146
00.0000000177714075677570804146
00.0000000177714075677570804146
00.0000000177714075677570804146
00.0000000177714075677570804146
00.0000000177714075677570804146
00.0000000177714075677570804146
00.0000000177714075677570804146
00.0000000177714075677570804146
00.0000000177714075677570804146
00.0000000177714075677570804146
00.0000000177714075677570804146
00.0000000177714075677570804146
00.0000000177714075677570804146
00.0000000177714075677570804146
00.0000000177714075677570804146
00.0000000177714075677570804146
00.0000000177714075677570804146
00.0000000177714075677570804146
00.0000000177714075677570804146
00.0000000177714075677570804146
00.0000000177714075677570804146
00.0000000177714075677570804146
00.0000000177714075677570804146
00.0000000177714075677570804146
00.0000000177714075677570804146
00.0000000177714075677570804146
00.0000000177714075677570804146
00.0000000177714075677570804146
00.0000000177714075677570804146
00.0000000177714075677570804146
00.0000000177714075677570804146
00.0000000177714075677570804146
00.0000000177714075677570804146
00.0000000177714075677570804146
00.0000000177714075677570804146
00.0000000177714075677570804146
00.0000000177714075677570804146
00.0000000177714075677570804146
00.0000000177714075677570804146
00.0000000177714075677570804146
00.0000000177714075677570804146
00.0000000177714075677570804146
00.0000000177714075677570804146
00.0000000177714075677570804146
00.0000000177714075677570804146
00.0000000177714075677570804146
00.0000000177714075677570804146
00.0000000177714075677570804146
00.0000000177714075677570804146
00.0000000177714075677570804146
00.0000000177714075677570804146
00.0000000177714075677570804146
00.0000000177714075677570804146
00.0000000177714075677570804146
00.0000000177714075677570804146
00.0000000177714075677570804146
00.0000000177714075677570804146
00.0000000177714075677570804146
00.0000000177714075677570804146
00.0000000177714075677570804146
00.0000000177714075677570804146
00.0000000177714075677570804146
00.0000000177714075677570804146
00.0000000177714075677570804146
00.0000000177714075677570804146
00.0000000177714075677570804146
00.0000000177714075677570804146
00.0000000177714075677570804146
00.0000000177714075677570804146
00.0000000177714075677570804146
00.0000000177714075677570804146
00.0000000177714075677570804146
00.0000000177714075677570804146
00.0000000177714075677570804146
00.0000000177714075677570804146
00.0000000177714075677570804146
00.0000000177714075677570804146
00.0000000187851053601306716700
00.0000000187851053601306716700
00.0000000187851053601306716700
00.0000000187851053601306716700
00.0000000187851053601306716700
00.0000000187851053601306716700
00.0000000187851053601306716700
00.0000000187851053601306716700
00.0000000187851053601306716700
00.0000000187851053601306716700
00.0000000187851053601306716700
00.0000000187851053601306716700
00.0000000187851053601306716700
00.0000000187851053601306716700
00.0000000187851053601306716700
00.0000000187851053601306716700
00.0000000187851053601306716700
00.0000000187851053601306716700
00.0000000187851053601306716700
00.0000000187851053601306716700
00.0000000187851053601306716700
00.0000000187851053601306716700
00.0000000187851053601306716700
00.0000000187851053601306716700
00.0000000187851053601306716700
00.0000000187851053601306716700
00.0000000187851053601306716700
00.0000000187851053601306716700
00.0000000187851053601306716700
00.0000000187851053601306716700
00.0000000187851053601306716700
00.0000000187851053601306716700
00.0000000187851053601306716700
00.0000000187851053601306716700
00.0000000187851053601306716700
00.0000000187851053601306716700
00.0000000187851053601306716700
00.0000000187851053601306716700
00.0000000187851053601306716700
00.0000000187851053601306716700
00.0000000187851053601306716700
00.0000000187851053601306716700
00.0000000187851053601306716700
00.0000000187851053601306716700
00.0000000187851053601306716700
00.0000000187851053601306716700
00.0000000187851053601306716700
00.0000000187851053601306716700
00.0000000187851053601306716700
00.0000000187851053601306716700
00.0000000187851053601306716700
00.0000000187851053601306716700
00.0000000187851053601306716700
00.0000000187851053601306716700
00.0000000187851053601306716700
00.0000000187851053601306716700
00.0000000187851053601306716700
00.0000000187851053601306716700
00.0000000187851053601306716700
00.0000000187851053601306716700
00.0000000187851053601306716700
00.0000000187851053601306716700
00.0000000187851053601306716700
00.0000000187851053601306716700
00.0000000187851053601306716700
00.0000000187851053601306716700
00.0000000187851053601306716700
00.0000000187851053601306716700
00.0000000187851053601306716700
00.0000000187851053601306716700
00.0000000187851053601306716700
00.0000000187851053601306716700
00.0000000187851053601306716700
00.0000000187851053601306716700
00.0000000187851053601306716700
00.0000000187851053601306716700
00.0000000187851053601306716700
00.0000000187851053601306716700
00.0000000187851053601306716700
00.0000000187851053601306716700
00.0000000187851053601306716700
00.0000000187851053601306716700
00.0000000187851053601306716700
00.0000000187851053601306716700
00.0000000187851053601306716700
00.0000000187851053601306716700
00.0000000187851053601306716700
00.0000000187851053601306716700
00.0000000187851053601306716700
00.0000000187851053601306716700
00.0000000187851053601306716700
00.0000000187851053601306716700
00.0000000187851053601306716700
00.0000000187851053601306716700
00.0000000187851053601306716700
00.0000000187851053601306716700
00.0000000187851053601306716700
00.0000000187851053601306716700
00.0000000187851053601306716700
00.0000000187851053601306716700
00.0000000187851053601306716700
00.0000000187851053601306716700
00.0000000187851053601306716700
00.0000000187851053601306716700
00.0000000187851053601306716700
00.0000000187851053601306716700
00.0000000187851053601306716700
00.0000000187851053601306716700
00.0000000187851053601306716700
00.0000000187851053601306716700
00.0000000187851053601306716700
00.0000000187851053601306716700
00.0000000187851053601306716700
00.0000000187851053601306716700
00.0000000187851053601306716700
00.0000000187851053601306716700
00.0000000187851053601306716700
00.0000000187851053601306716700
00.0000000187851053601306716700
00.0000000187851053601306716700
00.0000000187851053601306716700
00.0000000187851053601306716700
00.0000000187851053601306716700
00.0000000187851053601306716700
00.0000000187851053601306716700
00.0000000187851053601306716700
00.0000000187851053601306716700
00.0000000187851053601306716700
00.0000000187851053601306716700
00.0000000187851053601306716700
00.0000000187851053601306716700
00.0000000187851053601306716700
00.0000000187851053601306716700
00.0000000187851053601306716700
00.0000000187851053601306716700
00.0000000187851053601306716700
00.0000000187851053601306716700
00.0000000187851053601306716700
00.0000000187851053601306716700
00.0000000187851053601306716700
00.0000000187851053601306716700
00.0000000187851053601306716700
00.0000000187851053601306716700
00.0000000187851053601306716700
00.0000000187851053601306716700
00.0000000187851053601306716700
00.0000000187851053601306716700
00.0000000187851053601306716700
00.0000000187851053601306716700
00.0000000187851053601306716700
00.0000000187851053601306716700
00.0000000187851053601306716700
00.0000000187851053601306716700
00.0000000187851053601306716700
00.0000000187851053601306716700
00.0000000187851053601306716700
00.0000000187851053601306716700
00.0000000187851053601306716700
00.0000000187851053601306716700
00.0000000187851053601306716700
00.0000000187851053601306716700
00.0000000187851053601306716700
00.0000000187851053601306716700
00.0000000187851053601306716700
00.0000000187851053601306716700
00.0000000187851053601306716700
00.0000000187851053601306716700
00.0000000187851053601306716700
00.0000000187851053601306716700
00.0000000187851053601306716700
00.0000000187851053601306716700
00.0000000187851053601306716700
00.0000000187851053601306716700
00.0000000187851053601306716700
00.0000000187851053601306716700
00.0000000187851053601306716700
00.0000000187851053601306716700
00.0000000187851053601306716700
00.0000000187851053601306716700
00.0000000187851053601306716700
00.0000000187851053601306716700
00.0000000187851053601306716700
00.0000000187851053601306716700
00.0000000187851053601306716700
00.0000000187851053601306716700
00.0000000187851053601306716700
00.0000000187851053601306716700
00.0000000187851053601306716700
00.0000000187851053601306716700
00.0000000187851053601306716700
00.0000000187851053601306716700
00.0000000187851053601306716700
00.0000000187851053601306716700
00.0000000187851053601306716700
00.0000000187851053601306716700
00.0000000187851053601306716700
00.0000000187851053601306716700
00.0000000187851053601306716700
00.0000000187851053601306716700
00.0000000187851053601306716700
00.0000000187851053601306716700
00.0000000187851053601306716700
00.0000000187851053601306716700
00.0000000187851053601306716700
00.0000000187851053601306716700
00.0000000187851053601306716700
00.0000000187851053601306716700
00.0000000187851053601306716700
00.0000000187851053601306716700
00.0000000187851053601306716700
00.0000000187851053601306716700
00.0000000187851053601306716700
00.0000000187851053601306716700
00.0000000187851053601306716700
00.0000000187851053601306716700
00.0000000187851053601306716700
00.0000000187851053601306716700
00.0000000187851053601306716700
00.0000000187851053601306716700
00.0000000187851053601306716700
00.0000000187851053601306716700
00.0000000187851053601306716700
00.0000000187851053601306716700
00.0000000187851053601306716700
00.0000000187851053601306716700
00.0000000187851053601306716700
00.0000000187851053601306716700
00.0000000187851053601306716700
00.0000000187851053601306716700
00.0000000187851053601306716700
00.0000000187851053601306716700
00.0000000187851053601306716700
00.0000000187851053601306716700
00.0000000187851053601306716700
00.0000000187851053601306716700
00.0000000187851053601306716700
00.0000000187851053601306716700
00.0000000187851053601306716700
00.0000000187851053601306716700
00.0000000187851053601306716700
00.0000000187851053601306716700
00.0000000187851053601306716700
00.0000000187851053601306716700
00.0000000187851053601306716700
00.0000000187851053601306716700
00.0000000187851053601306716700
00.0000000187851053601306716700
00.0000000187851053601306716700
00.0000000187851053601306716700
00.0000000187851053601306716700
00.0000000187851053601306716700
00.0000000187851053601306716700
00.0000000187851053601306716700
00.0000000187851053601306716700
00.0000000187851053601306716700
00.0000000187851053601306716700
00.0000000187851053601306716700
00.0000000187851053601306716700
00.0000000187851053601306716700
00.0000000187851053601306716700
00.0000000187851053601306716700
00.0000000187851053601306716700
00.0000000187851053601306716700
00.0000000187851053601306716700
00.0000000187851053601306716700
00.0000000187851053601306716700
00.0000000187851053601306716700
00.0000000187851053601306716700
00.0000000187851053601306716700
00.0000000187851053601306716700
00.0000000187851053601306716700
00.0000000187851053601306716700
00.0000000187851053601306716700
00.0000000187851053601306716700
00.0000000187851053601306716700
00.0000000187851053601306716700
00.0000000187851053601306716700
00.0000000187851053601306716700
00.0000000187851053601306716700
00.0000000187851053601306716700
00.0000000187851053601306716700
00.0000000187851053601306716700
00.0000000187851053601306716700
00.0000000187851053601306716700
00.0000000187851053601306716700
00.0000000187851053601306716700
00.0000000187851053601306716700
00.0000000187851053601306716700
00.0000000187851053601306716700
00.0000000187851053601306716700
00.0000000187851053601306716700
00.0000000187851053601306716700
00.0000000187851053601306716700
00.0000000187851053601306716700
00.0000000187851053601306716700
00.0000000187851053601306716700
00.0000000187851053601306716700
00.0000000187851053601306716700
00.0000000187851053601306716700
00.0000000187851053601306716700
00.0000000187851053601306716700
00.0000000187851053601306716700
00.0000000187851053601306716700
00.0000000187851053601306716700
00.0000000187851053601306716700
00.0000000187851053601306716700
00.0000000187851053601306716700
00.0000000187851053601306716700
00.0000000187851053601306716700
00.0000000187851053601306716700
00.0000000187851053601306716700
00.0000000187851053601306716700
00.0000000187851053601306716700
00.0000000187851053601306716700
00.0000000187851053601306716700
00.0000000187851053601306716700
00.0000000187851053601306716700
00.0000000187851053601306716700
00.0000000187851053601306716700
00.0000000187851053601306716700
00.0000000187851053601306716700
00.0000000187851053601306716700
00.0000000187851053601306716700
00.0000000187851053601306716700
00.0000000187851053601306716700
00.0000000187851053601306716700
00.0000000187851053601306716700
00.0000000187851053601306716700
00.0000000187851053601306716700
00.0000000187851053601306716700
00.0000000187851053601306716700
00.0000000187851053601306716700
00.0000000187851053601306716700
00.0000000187851053601306716700
00.0000000187851053601306716700
00.0000000187851053601306716700
00.0000000187851053601306716700
00.0000000187851053601306716700
00.0000000187851053601306716700
00.0000000187851053601306716700
00.0000000187851053601306716700
00.0000000187851053601306716700
00.0000000187851053601306716700
00.0000000187851053601306716700
00.0000000187851053601306716700
00.0000000187851053601306716700
00.0000000187851053601306716700
00.0000000187851053601306716700
00.0000000187851053601306716700
00.0000000187851053601306716700
00.0000000187851053601306716700
00.0000000187851053601306716700
00.0000000187851053601306716700
00.0000000187851053601306716700
00.0000000187851053601306716700
00.0000000187851053601306716700
00.0000000187851053601306716700
00.0000000187851053601306716700
00.0000000187851053601306716700
00.0000000187851053601306716700
00.0000000187851053601306716700
00.0000000187851053601306716700
00.0000000187851053601306716700
00.0000000187851053601306716700
00.0000000187851053601306716700
00.0000000187851053601306716700
00.0000000187851053601306716700
00.0000000187851053601306716700
00.0000000187851053601306716700
00.0000000187851053601306716700
00.0000000187851053601306716700
00.0000000187851053601306716700
00.0000000187851053601306716700
00.0000000187851053601306716700
00.0000000187851053601306716700
00.0000000187851053601306716700
00.0000000187851053601306716700
00.0000000187851053601306716700
00.0000000187851053601306716700
00.0000000187851053601306716700
00.0000000187851053601306716700
00.0000000187851053601306716700
00.0000000187851053601306716700
00.0000000187851053601306716700
00.0000000187851053601306716700
00.0000000187851053601306716700
00.0000000187851053601306716700
00.0000000187851053601306716700
00.0000000187851053601306716700
00.0000000187851053601306716700
00.0000000187851053601306716700
00.0000000187851053601306716700
00.0000000187851053601306716700
00.0000000187851053601306716700
00.0000000187851053601306716700
00.0000000187851053601306716700
00.0000000187851053601306716700
00.0000000187851053601306716700
00.0000000187851053601306716700
00.0000000187851053601306716700
00.0000000187851053601306716700
00.0000000187851053601306716700
00.0000000187851053601306716700
00.0000000187851053601306716700
00.0000000187851053601306716700
00.0000000187851053601306716700
00.0000000187851053601306716700
00.0000000187851053601306716700
00.0000000187851053601306716700
00.0000000187851053601306716700
00.0000000187851053601306716700
00.0000000187851053601306716700
00.0000000187851053601306716700
00.0000000187851053601306716700
00.0000000187851053601306716700
00.0000000187851053601306716700
00.0000000187851053601306716700
00.0000000187851053601306716700
00.0000000187851053601306716700
00.0000000187851053601306716700
00.0000000187851053601306716700
00.0000000187851053601306716700
00.0000000187851053601306716700
00.0000000187851053601306716700
00.0000000187851053601306716700
00.0000000187851053601306716700
00.0000000187851053601306716700
00.0000000187851053601306716700
00.0000000187851053601306716700
00.0000000187851053601306716700
00.0000000187851053601306716700
00.0000000187851053601306716700
00.0000000187851053601306716700
00.0000000187851053601306716700
00.0000000187851053601306716700
00.0000000187851053601306716700
00.0000000187851053601306716700
00.0000000187851053601306716700
00.0000000187851053601306716700
00.0000000187851053601306716700
00.0000000187851053601306716700
00.0000000187851053601306716700
00.0000000187851053601306716700
00.0000000187851053601306716700
00.0000000187851053601306716700
00.0000000187851053601306716700
00.0000000187851053601306716700
00.0000000187851053601306716700
00.0000000187851053601306716700
00.0000000187851053601306716700
00.0000000187851053601306716700
00.0000000187851053601306716700
00.0000000187851053601306716700
00.0000000187851053601306716700
00.0000000187851053601306716700
00.0000000187851053601306716700
00.0000000187851053601306716700
00.0000000187851053601306716700
00.0000000187851053601306716700
00.0000000187851053601306716700
00.0000000187851053601306716700
00.0000000187851053601306716700
00.0000000187851053601306716700
00.0000000187851053601306716700
00.0000000187851053601306716700
00.0000000187851053601306716700
00.0000000187851053601306716700
00.0000000187851053601306716700
00.0000000187851053601306716700
00.0000000187851053601306716700
00.0000000187851053601306716700
00.0000000187851053601306716700
00.0000000187851053601306716700
00.0000000187851053601306716700
00.0000000187851053601306716700
00.0000000187851053601306716700
00.0000000187851053601306716700
00.0000000187851053601306716700
00.0000000187851053601306716700
00.0000000187851053601306716700
00.0000000187851053601306716700
00.0000000187851053601306716700
00.0000000187851053601306716700
00.0000000187851053601306716700
00.0000000187851053601306716700
00.0000000187851053601306716700
00.0000000187851053601306716700
00.0000000187851053601306716700
00.0000000187851053601306716700
00.0000000187851053601306716700
00.0000000187851053601306716700
00.0000000187851053601306716700
00.0000000187851053601306716700
00.0000000187851053601306716700
00.0000000187851053601306716700
00.0000000187851053601306716700
00.0000000187851053601306716700
00.0000000187851053601306716700
00.0000000187851053601306716700
00.0000000187851053601306716700
00.0000000187851053601306716700
00.0000000187851053601306716700
00.0000000187851053601306716700
00.0000000187851053601306716700
00.0000000187851053601306716700
00.0000000187851053601306716700
00.0000000187851053601306716700
00.0000000187851053601306716700
00.0000000187851053601306716700
00.0000000187851053601306716700
00.0000000187851053601306716700
00.0000000187851053601306716700
00.0000000187851053601306716700
00.0000000187851053601306716700
00.0000000187851053601306716700
00.0000000187851053601306716700
00.0000000187851053601306716700
00.0000000187851053601306716700
00.0000000187851053601306716700
00.0000000187851053601306716700
00.0000000187851053601306716700
00.0000000187851053601306716700
00.0000000187851053601306716700
00.0000000187851053601306716700
00.0000000187851053601306716700
00.0000000187851053601306716700
00.0000000187851053601306716700
00.0000000187851053601306716700
00.0000000187851053601306716700
00.0000000187851053601306716700
00.0000000187851053601306716700
00.0000000187851053601306716700
00.0000000187851053601306716700
00.0000000187851053601306716700
00.0000000187851053601306716700
00.0000000187851053601306716700
00.0000000187851053601306716700
00.0000000187851053601306716700
00.0000000187851053601306716700
00.0000000187851053601306716700
00.0000000187851053601306716700
00.0000000187851053601306716700
00.0000000187851053601306716700
00.0000000187851053601306716700
00.0000000187851053601306716700
00.0000000187851053601306716700
00.0000000187851053601306716700
00.0000000187851053601306716700
00.0000000187851053601306716700
00.0000000187851053601306716700
00.0000000187851053601306716700
00.0000000187851053601306716700
00.0000000187851053601306716700
00.0000000187851053601306716700
00.0000000187851053601306716700
00.0000000187851053601306716700
00.0000000187851053601306716700
00.0000000187851053601306716700
00.0000000187851053601306716700
00.0000000187851053601306716700
00.0000000187851053601306716700
00.0000000187851053601306716700
00.0000000187851053601306716700
00.0000000187851053601306716700
00.0000000187851053601306716700
00.0000000187851053601306716700
00.0000000187851053601306716700
00.0000000187851053601306716700
00.0000000187851053601306716700
00.0000000187851053601306716700
00.0000000187851053601306716700
00.0000000187851053601306716700
00.0000000187851053601306716700
00.0000000187851053601306716700
00.0000000187851053601306716700
00.0000000187851053601306716700
00.0000000187851053601306716700
00.0000000187851053601306716700
00.0000000187851053601306716700
00.0000000187851053601306716700
00.0000000187851053601306716700
00.0000000187851053601306716700
00.0000000187851053601306716700
00.0000000187851053601306716700
00.0000000187851053601306716700
00.0000000187851053601306716700
00.0000000187851053601306716700
00.0000000187851053601306716700
00.0000000187851053601306716700
00.0000000187851053601306716700
00.0000000187851053601306716700
00.0000000187851053601306716700
00.0000000187851053601306716700
00.0000000187851053601306716700
00.0000000187851053601306716700
00.0000000187851053601306716700
00.0000000187851053601306716700
00.0000000187851053601306716700
00.0000000187851053601306716700
00.0000000187851053601306716700
00.0000000187851053601306716700
00.0000000187851053601306716700
00.0000000187851053601306716700
00.0000000187851053601306716700
00.0000000187851053601306716700
00.0000000187851053601306716700
00.0000000187851053601306716700
00.0000000187851053601306716700
00.0000000187851053601306716700
00.0000000187851053601306716700
00.0000000187851053601306716700
00.0000000187851053601306716700
00.0000000187851053601306716700
00.0000000187851053601306716700
00.0000000187851053601306716700
00.0000000187851053601306716700
00.0000000187851053601306716700
00.0000000187851053601306716700
00.0000000187851053601306716700
00.0000000187851053601306716700
00.0000000187851053601306716700
00.0000000187851053601306716700
00.0000000187851053601306716700
00.0000000187851053601306716700
00.0000000187851053601306716700
00.0000000187851053601306716700
00.0000000187851053601306716700
00.0000000187851053601306716700
00.0000000187851053601306716700
00.0000000187851053601306716700
00.0000000187851053601306716700
00.0000000187851053601306716700
00.0000000187851053601306716700
00.0000000187851053601306716700
00.0000000187851053601306716700
00.0000000187851053601306716700
00.0000000187851053601306716700
00.0000000187851053601306716700
00.0000000187851053601306716700
00.0000000187851053601306716700
00.0000000187851053601306716700
00.0000000187851053601306716700
00.0000000187851053601306716700
00.0000000187851053601306716700
00.0000000187851053601306716700
00.0000000187851053601306716700
00.0000000187851053601306716700
00.0000000187851053601306716700
00.0000000187851053601306716700
00.0000000187851053601306716700
00.0000000187851053601306716700
00.0000000187851053601306716700
00.0000000187851053601306716700
00.0000000187851053601306716700
00.0000000187851053601306716700
00.0000000187851053601306716700
00.0000000187851053601306716700
00.0000000187851053601306716700
00.0000000187851053601306716700
00.0000000187851053601306716700
00.0000000187851053601306716700
00.0000000187851053601306716700
00.0000000187851053601306716700
00.0000000187851053601306716700
00.0000000187851053601306716700
00.0000000187851053601306716700
00.0000000187851053601306716700
00.0000000187851053601306716700
00.0000000187851053601306716700
00.0000000187851053601306716700
00.0000000187851053601306716700
00.0000000187851053601306716700
00.0000000187851053601306716700
00.0000000187851053601306716700
00.0000000187851053601306716700
00.0000000187851053601306716700
00.0000000187851053601306716700
00.0000000187851053601306716700
00.0000000187851053601306716700
00.0000000187851053601306716700
00.0000000187851053601306716700
00.0000000187851053601306716700
00.0000000187851053601306716700
00.0000000187851053601306716700
00.0000000187851053601306716700
00.0000000187851053601306716700
00.0000000187851053601306716700
00.0000000187851053601306716700
00.0000000187851053601306716700
00.0000000187851053601306716700
00.0000000187851053601306716700
00.0000000187851053601306716700
00.0000000187851053601306716700
00.0000000187851053601306716700
00.0000000187851053601306716700
00.0000000187851053601306716700
00.0000000187851053601306716700
00.0000000187851053601306716700
00.0000000187851053601306716700
00.0000000187851053601306716700
00.0000000187851053601306716700
00.0000000187851053601306716700
00.0000000187851053601306716700
00.0000000187851053601306716700
00.0000000187851053601306716700
00.0000000187851053601306716700
00.0000000187851053601306716700
00.0000000187851053601306716700
00.0000000187851053601306716700
00.0000000187851053601306716700
00.0000000187851053601306716700
00.0000000187851053601306716700
00.0000000187851053601306716700
00.0000000187851053601306716700
00.0000000187851053601306716700
00.0000000187851053601306716700
00.0000000187851053601306716700
00.0000000187851053601306716700
00.0000000187851053601306716700
00.0000000187851053601306716700
00.0000000187851053601306716700
00.0000000187851053601306716700
00.0000000187851053601306716700
00.0000000187851053601306716700
00.0000000187851053601306716700
00.0000000187851053601306716700
00.0000000187851053601306716700
00.0000000187851053601306716700
00.0000000187851053601306716700
00.0000000187851053601306716700
00.0000000187851053601306716700
00.0000000187851053601306716700
00.0000000187851053601306716700
00.0000000187851053601306716700
00.0000000187851053601306716700
00.0000000187851053601306716700
00.0000000187851053601306716700
00.0000000187851053601306716700
00.0000000187851053601306716700
00.0000000187851053601306716700
00.0000000187851053601306716700
00.0000000187851053601306716700
00.0000000187851053601306716700
00.0000000187851053601306716700
00.0000000187851053601306716700
00.0000000187851053601306716700
00.0000000187851053601306716700
00.0000000187851053601306716700
00.0000000187851053601306716700
00.0000000187851053601306716700
00.0000000187851053601306716700
00.0000000187851053601306716700
00.0000000187851053601306716700
00.0000000187851053601306716700
00.0000000187851053601306716700
00.0000000187851053601306716700
00.0000000187851053601306716700
00.0000000187851053601306716700
00.0000000187851053601306716700
00.0000000187851053601306716700
00.0000000187851053601306716700
00.0000000187851053601306716700
00.0000000187851053601306716700
00.0000000187851053601306716700
00.0000000187851053601306716700
00.0000000187851053601306716700
00.0000000187851053601306716700
00.0000000187851053601306716700
00.0000000187851053601306716700
00.0000000187851053601306716700
00.0000000187851053601306716700
00.0000000187851053601306716700
00.0000000187851053601306716700
00.0000000187851053601306716700
00.0000000187851053601306716700
00.0000000187851053601306716700
00.0000000187851053601306716700
00.0000000187851053601306716700
00.0000000187851053601306716700
00.0000000187851053601306716700
00.0000000187851053601306716700
00.0000000187851053601306716700
00.0000000187851053601306716700
00.0000000187851053601306716700
00.0000000187851053601306716700
00.0000000187851053601306716700
00.0000000187851053601306716700
00.0000000187851053601306716700
00.0000000187851053601306716700
00.0000000187851053601306716700
00.0000000187851053601306716700
00.0000000187851053601306716700
00.0000000187851053601306716700
00.0000000187851053601306716700
00.0000000187851053601306716700
00.0000000187851053601306716700
00.0000000187851053601306716700
00.0000000187851053601306716700
00.0000000187851053601306716700
00.0000000187851053601306716700
00.0000000187851053601306716700
00.0000000187851053601306716700
00.0000000187851053601306716700
00.0000000187851053601306716700
00.0000000187851053601306716700
00.0000000187851053601306716700
00.0000000187851053601306716700
00.0000000187851053601306716700
00.0000000187851053601306716700
00.0000000187851053601306716700
00.0000000187851053601306716700
00.0000000187851053601306716700
00.0000000187851053601306716700
00.0000000187851053601306716700
00.0000000187851053601306716700
00.0000000187851053601306716700
00.0000000187851053601306716700
00.0000000187851053601306716700
00.0000000187851053601306716700
00.0000000187851053601306716700
00.0000000187851053601306716700
00.0000000187851053601306716700
00.0000000187851053601306716700
00.0000000187851053601306716700
00.0000000187851053601306716700
00.0000000187851053601306716700
00.0000000187851053601306716700
00.0000000187851053601306716700
00.0000000187851053601306716700
00.0000000187851053601306716700
00.0000000187851053601306716700
00.0000000187851053601306716700
00.0000000187851053601306716700
00.0000000187851053601306716700
00.0000000187851053601306716700
00.0000000187851053601306716700
00.0000000187851053601306716700
00.0000000187851053601306716700
00.0000000187851053601306716700
00.0000000187851053601306716700
00.0000000187851053601306716700
00.0000000187851053601306716700
00.0000000187851053601306716700
00.0000000187851053601306716700
00.0000000187851053601306716700
00.0000000187851053601306716700
00.0000000187851053601306716700
00.0000000187851053601306716700
00.0000000187851053601306716700
00.0000000187851053601306716700
00.0000000187851053601306716700
00.0000000187851053601306716700
00.0000000187851053601306716700
00.0000000187851053601306716700
00.0000000187851053601306716700
00.0000000187851053601306716700
00.0000000187851053601306716700
00.0000000187851053601306716700
00.0000000187851053601306716700
00.0000000187851053601306716700
00.0000000187851053601306716700
00.0000000187851053601306716700
00.0000000187851053601306716700
00.0000000187851053601306716700
00.0000000187851053601306716700
00.0000000187851053601306716700
00.0000000187851053601306716700
00.0000000187851053601306716700
00.0000000187851053601306716700
00.0000000187851053601306716700
00.0000000187851053601306716700
00.0000000187851053601306716700
00.0000000187851053601306716700
00.0000000187851053601306716700
00.0000000187851053601306716700
00.0000000187851053601306716700
00.0000000187851053601306716700
00.0000000187851053601306716700
00.0000000187851053601306716700
00.0000000187851053601306716700
00.0000000187851053601306716700
00.0000000187851053601306716700
00.0000000187851053601306716700
00.0000000187851053601306716700
00.0000000187851053601306716700
00.0000000187851053601306716700
00.0000000187851053601306716700
00.0000000187851053601306716700
00.0000000187851053601306716700
00.0000000187851053601306716700
00.0000000187851053601306716700
00.0000000187851053601306716700
00.0000000187851053601306716700
00.0000000187851053601306716700
00.0000000187851053601306716700
00.0000000187851053601306716700
00.0000000187851053601306716700
00.0000000187851053601306716700
00.0000000187851053601306716700
00.0000000187851053601306716700
00.0000000187851053601306716700
00.0000000187851053601306716700
00.0000000187851053601306716700
00.0000000187851053601306716700
00.0000000187851053601306716700
00.0000000187851053601306716700
00.0000000187851053601306716700
00.0000000187851053601306716700
00.0000000187851053601306716700
00.0000000187851053601306716700
00.0000000187851053601306716700
00.0000000187851053601306716700
00.0000000187851053601306716700
00.0000000187851053601306716700
00.0000000187851053601306716700
00.0000000187851053601306716700
00.0000000187851053601306716700
00.0000000187851053601306716700
00.0000000187851053601306716700
00.0000000187851053601306716700
00.0000000187851053601306716700
00.0000000187851053601306716700
00.0000000187851053601306716700
00.0000000187851053601306716700
00.0000000187851053601306716700
00.0000000187851053601306716700
00.0000000187851053601306716700
00.0000000187851053601306716700
00.0000000187851053601306716700
00.0000000187851053601306716700
00.0000000187851053601306716700
00.0000000187851053601306716700
00.0000000187851053601306716700
00.0000000187851053601306716700
00.0000000187851053601306716700
00.0000000187851053601306716700
00.0000000187851053601306716700
00.0000000187851053601306716700
00.0000000187851053601306716700
00.0000000187851053601306716700
00.0000000187851053601306716700
00.0000000187851053601306716700
00.0000000187851053601306716700
00.0000000187851053601306716700
00.0000000187851053601306716700
00.0000000187851053601306716700
00.0000000187851053601306716700
00.0000000187851053601306716700
00.0000000187851053601306716700
00.0000000187851053601306716700
00.0000000187851053601306716700
00.0000000187851053601306716700
00.0000000187851053601306716700
00.0000000187851053601306716700
00.0000000187851053601306716700
00.0000000187851053601306716700
00.0000000187851053601306716700
00.0000000187851053601306716700
00.0000000187851053601306716700
00.0000000187851053601306716700
00.0000000187851053601306716700
00.0000000187851053601306716700
00.0000000187851053601306716700
00.0000000187851053601306716700
00.0000000187851053601306716700
00.0000000187851053601306716700
00.0000000187851053601306716700
00.0000000187851053601306716700
00.0000000187851053601306716700
00.0000000187851053601306716700
00.0000000187851053601306716700
00.0000000187851053601306716700
00.0000000187851053601306716700
00.0000000187851053601306716700
00.0000000187851053601306716700
00.0000000187851053601306716700
00.0000000187851053601306716700
00.0000000187851053601306716700
00.0000000187851053601306716700
00.0000000187851053601306716700
00.0000000187851053601306716700
00.0000000187851053601306716700
00.0000000187851053601306716700
00.0000000187851053601306716700
00.0000000187851053601306716700
00.0000000187851053601306716700
00.0000000187851053601306716700
00.0000000187851053601306716700
00.0000000187851053601306716700
00.0000000187851053601306716700
00.0000000187851053601306716700
00.0000000187851053601306716700
00.0000000187851053601306716700
00.0000000187851053601306716700
00.0000000187851053601306716700
00.0000000187851053601306716700
00.0000000187851053601306716700
00.0000000187851053601306716700
00.0000000187851053601306716700
00.0000000187851053601306716700
00.0000000172854709434844266980
00.0000000172854709434844266980
00.0000000172854709434844266980
00.0000000172854709434844266980
00.0000000172854709434844266980
00.0000000172854709434844266980
00.0000000172854709434844266980
00.0000000172854709434844266980
00.0000000172854709434844266980
00.0000000172854709434844266980
00.0000000172854709434844266980
00.0000000172854709434844266980
00.0000000172854709434844266980
00.0000000172854709434844266980
00.0000000172854709434844266980
00.0000000172854709434844266980
00.0000000172854709434844266980
00.0000000172854709434844266980
00.0000000172854709434844266980
00.0000000172854709434844266980
00.0000000172854709434844266980
00.0000000172854709434844266980
00.0000000172854709434844266980
00.0000000172854709434844266980
00.0000000172854709434844266980
00.0000000172854709434844266980
00.0000000172854709434844266980
00.0000000172854709434844266980
00.0000000172854709434844266980
00.0000000172854709434844266980
00.0000000172854709434844266980
00.0000000172854709434844266980
00.0000000172854709434844266980
00.0000000172854709434844266980
00.0000000172854709434844266980
00.0000000172854709434844266980
00.0000000172854709434844266980
00.0000000172854709434844266980
00.0000000172854709434844266980
00.0000000172854709434844266980
00.0000000172854709434844266980
00.0000000172854709434844266980
00.0000000172854709434844266980
00.0000000172854709434844266980
00.0000000172854709434844266980
00.0000000172854709434844266980
00.0000000172854709434844266980
00.0000000172854709434844266980
00.0000000172854709434844266980
00.0000000172854709434844266980
00.0000000172854709434844266980
00.0000000172854709434844266980
00.0000000172854709434844266980
00.0000000172854709434844266980
00.0000000172854709434844266980
00.0000000172854709434844266980
00.0000000172854709434844266980
00.0000000172854709434844266980
00.0000000172854709434844266980
00.0000000172854709434844266980
00.0000000172854709434844266980
00.0000000172854709434844266980
00.0000000172854709434844266980
00.0000000172854709434844266980
00.0000000172854709434844266980
00.0000000172854709434844266980
00.0000000172854709434844266980
00.0000000172854709434844266980
00.0000000172854709434844266980
00.0000000172854709434844266980
00.0000000172854709434844266980
00.0000000172854709434844266980
00.0000000172854709434844266980
00.0000000172854709434844266980
00.0000000172854709434844266980
00.0000000172854709434844266980
00.0000000172854709434844266980
00.0000000172854709434844266980
00.0000000172854709434844266980
00.0000000172854709434844266980
00.0000000172854709434844266980
00.0000000172854709434844266980
00.0000000172854709434844266980
00.0000000172854709434844266980
00.0000000172854709434844266980
00.0000000172854709434844266980
00.0000000172854709434844266980
00.0000000172854709434844266980
00.0000000172854709434844266980
00.0000000172854709434844266980
00.0000000172854709434844266980
00.0000000172854709434844266980
00.0000000172854709434844266980
00.0000000172854709434844266980
00.0000000172854709434844266980
00.0000000172854709434844266980
00.0000000172854709434844266980
00.0000000172854709434844266980
00.0000000172854709434844266980
00.0000000172854709434844266980
00.0000000172854709434844266980
00.0000000172854709434844266980
00.0000000172854709434844266980
00.0000000172854709434844266980
00.0000000172854709434844266980
00.0000000172854709434844266980
00.0000000172854709434844266980
00.0000000172854709434844266980
00.0000000172854709434844266980
00.0000000172854709434844266980
00.0000000172854709434844266980
00.0000000172854709434844266980
00.0000000172854709434844266980
00.0000000172854709434844266980
00.0000000172854709434844266980
00.0000000172854709434844266980
00.0000000172854709434844266980
00.0000000172854709434844266980
00.0000000172854709434844266980
00.0000000172854709434844266980
00.0000000172854709434844266980
00.0000000172854709434844266980
00.0000000172854709434844266980
00.0000000172854709434844266980
00.0000000172854709434844266980
00.0000000172854709434844266980
00.0000000172854709434844266980
00.0000000172854709434844266980
00.0000000172854709434844266980
00.0000000172854709434844266980
00.0000000172854709434844266980
00.0000000172854709434844266980
00.0000000172854709434844266980
00.0000000172854709434844266980
00.0000000172854709434844266980
00.0000000172854709434844266980
00.0000000172854709434844266980
00.0000000172854709434844266980
00.0000000172854709434844266980
00.0000000172854709434844266980
00.0000000172854709434844266980
00.0000000172854709434844266980
00.0000000172854709434844266980
00.0000000172854709434844266980
00.0000000172854709434844266980
00.0000000172854709434844266980
00.0000000172854709434844266980
00.0000000172854709434844266980
00.0000000172854709434844266980
00.0000000172854709434844266980
00.0000000172854709434844266980
00.0000000172854709434844266980
00.0000000172854709434844266980
00.0000000172854709434844266980
00.0000000172854709434844266980
00.0000000172854709434844266980
00.0000000172854709434844266980
00.0000000172854709434844266980
00.0000000172854709434844266980
00.0000000172854709434844266980
00.0000000172854709434844266980
00.0000000172854709434844266980
00.0000000172854709434844266980
00.0000000172854709434844266980
00.0000000172854709434844266980
00.0000000172854709434844266980
00.0000000172854709434844266980
00.0000000172854709434844266980
00.0000000172854709434844266980
00.0000000172854709434844266980
00.0000000172854709434844266980
00.0000000172854709434844266980
00.0000000172854709434844266980
00.0000000172854709434844266980
00.0000000172854709434844266980
00.0000000172854709434844266980
00.0000000172854709434844266980
00.0000000172854709434844266980
00.0000000172854709434844266980
00.0000000172854709434844266980
00.0000000172854709434844266980
00.0000000172854709434844266980
00.0000000172854709434844266980
00.0000000172854709434844266980
00.0000000172854709434844266980
00.0000000172854709434844266980
00.0000000172854709434844266980
00.0000000172854709434844266980
00.0000000172854709434844266980
00.0000000172854709434844266980
00.0000000172854709434844266980
00.0000000172854709434844266980
00.0000000172854709434844266980
00.0000000172854709434844266980
00.0000000172854709434844266980
00.0000000172854709434844266980
00.0000000172854709434844266980
00.0000000172854709434844266980
00.0000000172854709434844266980
00.0000000172854709434844266980
00.0000000172854709434844266980
00.0000000172854709434844266980
00.0000000172854709434844266980
00.0000000172854709434844266980
00.0000000172854709434844266980
00.0000000172854709434844266980
00.0000000172854709434844266980
00.0000000172854709434844266980
00.0000000172854709434844266980
00.0000000172854709434844266980
00.0000000172854709434844266980
00.0000000172854709434844266980
00.0000000172854709434844266980
00.0000000172854709434844266980
00.0000000172854709434844266980
00.0000000172854709434844266980
00.0000000172854709434844266980
00.0000000172854709434844266980
00.0000000172854709434844266980
00.0000000172854709434844266980
00.0000000172854709434844266980
00.0000000172854709434844266980
00.0000000172854709434844266980
00.0000000172854709434844266980
00.0000000172854709434844266980
00.0000000172854709434844266980
00.0000000172854709434844266980
00.0000000172854709434844266980
00.0000000172854709434844266980
00.0000000172854709434844266980
00.0000000172854709434844266980
00.0000000172854709434844266980
00.0000000172854709434844266980
00.0000000172854709434844266980
00.0000000172854709434844266980
00.0000000172854709434844266980
00.0000000172854709434844266980
00.0000000172854709434844266980
00.0000000172854709434844266980
00.0000000172854709434844266980
00.0000000172854709434844266980
00.0000000172854709434844266980
00.0000000172854709434844266980
00.0000000172854709434844266980
00.0000000172854709434844266980
00.0000000172854709434844266980
00.0000000172854709434844266980
00.0000000172854709434844266980
00.0000000172854709434844266980
00.0000000172854709434844266980
00.0000000172854709434844266980
00.0000000172854709434844266980
00.0000000172854709434844266980
00.0000000172854709434844266980
00.0000000172854709434844266980
00.0000000172854709434844266980
00.0000000172854709434844266980
00.0000000172854709434844266980
00.0000000172854709434844266980
00.0000000172854709434844266980
00.0000000172854709434844266980
00.0000000172854709434844266980
00.0000000172854709434844266980
00.0000000172854709434844266980
00.0000000172854709434844266980
00.0000000172854709434844266980
00.0000000172854709434844266980
00.0000000172854709434844266980
00.0000000172854709434844266980
00.0000000172854709434844266980
00.0000000172854709434844266980
00.0000000172854709434844266980
00.0000000172854709434844266980
00.0000000172854709434844266980
00.0000000172854709434844266980
00.0000000172854709434844266980
00.0000000172854709434844266980
00.0000000172854709434844266980
00.0000000172854709434844266980
00.0000000172854709434844266980
00.0000000172854709434844266980
00.0000000172854709434844266980
00.0000000172854709434844266980
00.0000000172854709434844266980
00.0000000172854709434844266980
00.0000000172854709434844266980
00.0000000172854709434844266980
00.0000000172854709434844266980
00.0000000172854709434844266980
00.0000000172854709434844266980
00.0000000172854709434844266980
00.0000000172854709434844266980
00.0000000172854709434844266980
00.0000000172854709434844266980
00.0000000172854709434844266980
00.0000000172854709434844266980
00.0000000172854709434844266980
00.0000000172854709434844266980
00.0000000172854709434844266980
00.0000000172854709434844266980
00.0000000172854709434844266980
00.0000000172854709434844266980
00.0000000172854709434844266980
00.0000000172854709434844266980
00.0000000172854709434844266980
00.0000000172854709434844266980
00.0000000172854709434844266980
00.0000000172854709434844266980
00.0000000172854709434844266980
00.0000000172854709434844266980
00.0000000172854709434844266980
00.0000000172854709434844266980
00.0000000172854709434844266980
00.0000000172854709434844266980
00.0000000172854709434844266980
00.0000000172854709434844266980
00.0000000172854709434844266980
00.0000000172854709434844266980
00.0000000172854709434844266980
00.0000000172854709434844266980
00.0000000172854709434844266980
00.0000000172854709434844266980
00.0000000172854709434844266980
00.0000000172854709434844266980
00.0000000172854709434844266980
00.0000000172854709434844266980
00.0000000172854709434844266980
00.0000000172854709434844266980
00.0000000172854709434844266980
00.0000000172854709434844266980
00.0000000172854709434844266980
00.0000000172854709434844266980
00.0000000172854709434844266980
00.0000000172854709434844266980
00.0000000172854709434844266980
00.0000000172854709434844266980
00.0000000172854709434844266980
00.0000000172854709434844266980
00.0000000172854709434844266980
00.0000000172854709434844266980
00.0000000172854709434844266980
00.0000000172854709434844266980
00.0000000172854709434844266980
00.0000000172854709434844266980
00.0000000172854709434844266980
00.0000000172854709434844266980
00.0000000172854709434844266980
00.0000000172854709434844266980
00.0000000172854709434844266980
00.0000000172854709434844266980
00.0000000172854709434844266980
00.0000000172854709434844266980
00.0000000172854709434844266980
00.0000000172854709434844266980
00.0000000172854709434844266980
00.0000000172854709434844266980
00.0000000172854709434844266980
00.0000000172854709434844266980
00.0000000172854709434844266980
00.0000000172854709434844266980
00.0000000172854709434844266980
00.0000000172854709434844266980
00.0000000172854709434844266980
00.0000000172854709434844266980
00.0000000172854709434844266980
00.0000000172854709434844266980
00.0000000172854709434844266980
00.0000000172854709434844266980
00.0000000172854709434844266980
00.0000000172854709434844266980
00.0000000172854709434844266980
00.0000000172854709434844266980
00.0000000172854709434844266980
00.0000000172854709434844266980
00.0000000172854709434844266980
00.0000000172854709434844266980
00.0000000172854709434844266980
00.0000000172854709434844266980
00.0000000172854709434844266980
00.0000000172854709434844266980
00.0000000172854709434844266980
00.0000000172854709434844266980
00.0000000172854709434844266980
00.0000000172854709434844266980
00.0000000172854709434844266980
00.0000000172854709434844266980
00.0000000172854709434844266980
00.0000000172854709434844266980
00.0000000172854709434844266980
00.0000000172854709434844266980
00.0000000172854709434844266980
00.0000000172854709434844266980
00.0000000172854709434844266980
00.0000000172854709434844266980
00.0000000172854709434844266980
00.0000000172854709434844266980
00.0000000172854709434844266980
00.0000000172854709434844266980
00.0000000172854709434844266980
00.0000000172854709434844266980
00.0000000172854709434844266980
00.0000000172854709434844266980
00.0000000172854709434844266980
00.0000000172854709434844266980
00.0000000172854709434844266980
00.0000000172854709434844266980
00.0000000172854709434844266980
00.0000000172854709434844266980
00.0000000172854709434844266980
00.0000000172854709434844266980
00.0000000172854709434844266980
00.0000000172854709434844266980
00.0000000172854709434844266980
00.0000000172854709434844266980
00.0000000172854709434844266980
00.0000000172854709434844266980
00.0000000172854709434844266980
00.0000000172854709434844266980
00.0000000172854709434844266980
00.0000000172854709434844266980
00.0000000172854709434844266980
00.0000000172854709434844266980
00.0000000172854709434844266980
00.0000000172854709434844266980
00.0000000172854709434844266980
00.0000000172854709434844266980
00.0000000172854709434844266980
00.0000000172854709434844266980
00.0000000172854709434844266980
00.0000000172854709434844266980
00.0000000172854709434844266980
00.0000000172854709434844266980
00.0000000172854709434844266980
00.0000000172854709434844266980
00.0000000172854709434844266980
00.0000000172854709434844266980
00.0000000172854709434844266980
00.0000000172854709434844266980
00.0000000172854709434844266980
00.0000000172854709434844266980
00.0000000172854709434844266980
00.0000000172854709434844266980
00.0000000172854709434844266980
00.0000000172854709434844266980
00.0000000172854709434844266980
00.0000000172854709434844266980
00.0000000172854709434844266980
00.0000000172854709434844266980
00.0000000172854709434844266980
00.0000000172854709434844266980
00.0000000172854709434844266980
00.0000000172854709434844266980
00.0000000172854709434844266980
00.0000000172854709434844266980
00.0000000172854709434844266980
00.0000000172854709434844266980
00.0000000172854709434844266980
00.0000000172854709434844266980
00.0000000172854709434844266980
00.0000000172854709434844266980
00.0000000172854709434844266980
00.0000000172854709434844266980
00.0000000172854709434844266980
00.0000000172854709434844266980
00.0000000172854709434844266980
00.0000000172854709434844266980
00.0000000172854709434844266980
00.0000000172854709434844266980
00.0000000172854709434844266980
00.0000000172854709434844266980
00.0000000172854709434844266980
00.0000000172854709434844266980
00.0000000172854709434844266980
00.0000000172854709434844266980
00.0000000172854709434844266980
00.0000000172854709434844266980
00.0000000172854709434844266980
00.0000000172854709434844266980
00.0000000172854709434844266980
00.0000000172854709434844266980
00.0000000172854709434844266980
00.0000000172854709434844266980
00.0000000172854709434844266980
00.0000000172854709434844266980
00.0000000172854709434844266980
00.0000000172854709434844266980
00.0000000172854709434844266980
00.0000000172854709434844266980
00.0000000172854709434844266980
00.0000000172854709434844266980
00.0000000172854709434844266980
00.0000000172854709434844266980
00.0000000172854709434844266980
00.0000000172854709434844266980
00.0000000172854709434844266980
00.0000000172854709434844266980
00.0000000172854709434844266980
00.0000000172854709434844266980
00.0000000172854709434844266980
00.0000000172854709434844266980
00.0000000172854709434844266980
00.0000000172854709434844266980
00.0000000172854709434844266980
00.0000000172854709434844266980
00.0000000172854709434844266980
00.0000000172854709434844266980
00.0000000172854709434844266980
00.0000000172854709434844266980
00.0000000172854709434844266980
00.0000000172854709434844266980
00.0000000172854709434844266980
00.0000000172854709434844266980
00.0000000172854709434844266980
00.0000000172854709434844266980
00.0000000172854709434844266980
00.0000000172854709434844266980
00.0000000172854709434844266980
00.0000000172854709434844266980
00.0000000172854709434844266980
00.0000000172854709434844266980
00.0000000172854709434844266980
00.0000000172854709434844266980
00.0000000172854709434844266980
00.0000000172854709434844266980
00.0000000172854709434844266980
00.0000000172854709434844266980
00.0000000172854709434844266980
00.0000000172854709434844266980
00.0000000172854709434844266980
00.0000000172854709434844266980
00.0000000172854709434844266980
00.0000000172854709434844266980
00.0000000172854709434844266980
00.0000000172854709434844266980
00.0000000172854709434844266980
00.0000000172854709434844266980
00.0000000172854709434844266980
00.0000000172854709434844266980
00.0000000172854709434844266980
00.0000000172854709434844266980
00.0000000172854709434844266980
00.0000000172854709434844266980
00.0000000172854709434844266980
00.0000000172854709434844266980
00.0000000172854709434844266980
00.0000000172854709434844266980
00.0000000172854709434844266980
00.0000000172854709434844266980
00.0000000172854709434844266980
00.0000000172854709434844266980
00.0000000172854709434844266980
00.0000000172854709434844266980
00.0000000172854709434844266980
00.0000000172854709434844266980
00.0000000172854709434844266980
00.0000000172854709434844266980
00.0000000172854709434844266980
00.0000000172854709434844266980
00.0000000172854709434844266980
00.0000000172854709434844266980
00.0000000172854709434844266980
00.0000000172854709434844266980
00.0000000172854709434844266980
00.0000000172854709434844266980
00.0000000172854709434844266980
00.0000000172854709434844266980
00.0000000172854709434844266980
00.0000000172854709434844266980
00.0000000172854709434844266980
00.0000000172854709434844266980
00.0000000172854709434844266980
00.0000000172854709434844266980
00.0000000172854709434844266980
00.0000000172854709434844266980
00.0000000172854709434844266980
00.0000000172854709434844266980
00.0000000172854709434844266980
00.0000000172854709434844266980
00.0000000172854709434844266980
00.0000000172854709434844266980
00.0000000172854709434844266980
00.0000000172854709434844266980
00.0000000172854709434844266980
00.0000000172854709434844266980
00.0000000172854709434844266980
00.0000000172854709434844266980
00.0000000172854709434844266980
00.0000000172854709434844266980
00.0000000172854709434844266980
00.0000000172854709434844266980
00.0000000172854709434844266980
00.0000000172854709434844266980
00.0000000172854709434844266980
00.0000000172854709434844266980
00.0000000172854709434844266980
00.0000000172854709434844266980
00.0000000172854709434844266980
00.0000000172854709434844266980
00.0000000172854709434844266980
00.0000000172854709434844266980
00.0000000172854709434844266980
00.0000000172854709434844266980
00.0000000172854709434844266980
00.0000000172854709434844266980
00.0000000172854709434844266980
00.0000000172854709434844266980
00.0000000172854709434844266980
00.0000000172854709434844266980
00.0000000172854709434844266980
00.0000000172854709434844266980
00.0000000172854709434844266980
00.0000000172854709434844266980
00.0000000172854709434844266980
00.0000000172854709434844266980
00.0000000172854709434844266980
00.0000000172854709434844266980
00.0000000172854709434844266980
00.0000000172854709434844266980
00.0000000172854709434844266980
00.0000000172854709434844266980
00.0000000172854709434844266980
00.0000000172854709434844266980
00.0000000172854709434844266980
00.0000000172854709434844266980
00.0000000172854709434844266980
00.0000000172854709434844266980
00.0000000172854709434844266980
00.0000000172854709434844266980
00.0000000172854709434844266980
00.0000000172854709434844266980
00.0000000172854709434844266980
00.0000000172854709434844266980
00.0000000172854709434844266980
00.0000000172854709434844266980
00.0000000172854709434844266980
00.0000000172854709434844266980
00.0000000172854709434844266980
00.0000000172854709434844266980
00.0000000172854709434844266980
00.0000000172854709434844266980
00.0000000172854709434844266980
00.0000000172854709434844266980
00.0000000172854709434844266980
00.0000000172854709434844266980
00.0000000172854709434844266980
00.0000000172854709434844266980
00.0000000172854709434844266980
00.0000000172854709434844266980
00.0000000172854709434844266980
00.0000000172854709434844266980
00.0000000172854709434844266980
00.0000000172854709434844266980
00.0000000172854709434844266980
00.0000000172854709434844266980
00.0000000172854709434844266980
00.0000000172854709434844266980
00.0000000172854709434844266980
00.0000000172854709434844266980
00.0000000172854709434844266980
00.0000000172854709434844266980
00.0000000172854709434844266980
00.0000000172854709434844266980
00.0000000172854709434844266980
00.0000000172854709434844266980
00.0000000172854709434844266980
00.0000000172854709434844266980
00.0000000172854709434844266980
00.0000000172854709434844266980
00.0000000172854709434844266980
00.0000000172854709434844266980
00.0000000172854709434844266980
00.0000000172854709434844266980
00.0000000172854709434844266980
00.0000000172854709434844266980
00.0000000172854709434844266980
00.0000000172854709434844266980
00.0000000172854709434844266980
00.0000000172854709434844266980
00.0000000172854709434844266980
00.0000000172854709434844266980
00.0000000172854709434844266980
00.0000000172854709434844266980
00.0000000172854709434844266980
00.0000000172854709434844266980
00.0000000172854709434844266980
00.0000000172854709434844266980
00.0000000172854709434844266980
00.0000000172854709434844266980
00.0000000172854709434844266980
00.0000000172854709434844266980
00.0000000172854709434844266980
00.0000000172854709434844266980
00.0000000172854709434844266980
00.0000000172854709434844266980
00.0000000172854709434844266980
00.0000000172854709434844266980
00.0000000172854709434844266980
00.0000000172854709434844266980
00.0000000172854709434844266980
00.0000000172854709434844266980
00.0000000172854709434844266980
00.0000000172854709434844266980
00.0000000172854709434844266980
00.0000000172854709434844266980
00.0000000172854709434844266980
00.0000000172854709434844266980
00.0000000172854709434844266980
00.0000000172854709434844266980
00.0000000172854709434844266980
00.0000000172854709434844266980
00.0000000172854709434844266980
00.0000000172854709434844266980
00.0000000172854709434844266980
00.0000000172854709434844266980
00.0000000172854709434844266980
00.0000000172854709434844266980
00.0000000172854709434844266980
00.0000000172854709434844266980
00.0000000172854709434844266980
00.0000000172854709434844266980
00.0000000172854709434844266980
00.0000000172854709434844266980
00.0000000172854709434844266980
00.0000000172854709434844266980
00.0000000172854709434844266980
00.0000000172854709434844266980
00.0000000172854709434844266980
00.0000000172854709434844266980
00.0000000172854709434844266980
00.0000000172854709434844266980
00.0000000172854709434844266980
00.0000000172854709434844266980
00.0000000172854709434844266980
00.0000000172854709434844266980
00.0000000172854709434844266980
00.0000000172854709434844266980
00.0000000172854709434844266980
00.0000000172854709434844266980
00.0000000172854709434844266980
00.0000000172854709434844266980
00.0000000172854709434844266980
00.0000000172854709434844266980
00.0000000172854709434844266980
00.0000000172854709434844266980
00.0000000172854709434844266980
00.0000000172854709434844266980
00.0000000172854709434844266980
00.0000000172854709434844266980
00.0000000172854709434844266980
00.0000000172854709434844266980
00.0000000172854709434844266980
00.0000000172854709434844266980
00.0000000172854709434844266980
00.0000000172854709434844266980
00.0000000172854709434844266980
00.0000000172854709434844266980
00.0000000172854709434844266980
00.0000000172854709434844266980
00.0000000172854709434844266980
00.0000000172854709434844266980
00.0000000172854709434844266980
00.0000000172854709434844266980
00.0000000172854709434844266980
00.0000000172854709434844266980
00.0000000172854709434844266980
00.0000000172854709434844266980
00.0000000172854709434844266980
00.0000000172854709434844266980
00.0000000172854709434844266980
00.0000000172854709434844266980
00.0000000172854709434844266980
00.0000000172854709434844266980
00.0000000172854709434844266980
00.0000000172854709434844266980
00.0000000172854709434844266980
00.0000000172854709434844266980
00.0000000172854709434844266980
00.0000000172854709434844266980
00.0000000172854709434844266980
00.0000000172854709434844266980
00.0000000172854709434844266980
00.0000000172854709434844266980
00.0000000172854709434844266980
00.0000000172854709434844266980
00.0000000172854709434844266980
00.0000000172854709434844266980
00.0000000172854709434844266980
00.0000000172854709434844266980
00.0000000172854709434844266980
00.0000000172854709434844266980
00.0000000172854709434844266980
00.0000000172854709434844266980
00.0000000172854709434844266980
00.0000000172854709434844266980
00.0000000172854709434844266980
00.0000000172854709434844266980
00.0000000172854709434844266980
00.0000000172854709434844266980
00.0000000172854709434844266980
00.0000000172854709434844266980
00.0000000172854709434844266980
00.0000000172854709434844266980
00.0000000172854709434844266980
00.0000000172854709434844266980
00.0000000172854709434844266980
00.0000000172854709434844266980
00.0000000172854709434844266980
00.0000000172854709434844266980
00.0000000172854709434844266980
00.0000000172854709434844266980
00.0000000172854709434844266980
00.0000000172854709434844266980
00.0000000172854709434844266980
00.0000000172854709434844266980
00.0000000172854709434844266980
00.0000000172854709434844266980
00.0000000172854709434844266980
00.0000000172854709434844266980
00.0000000172854709434844266980
00.0000000172854709434844266980
00.0000000172854709434844266980
00.0000000172854709434844266980
00.0000000172854709434844266980
00.0000000172854709434844266980
00.0000000172854709434844266980
00.0000000172854709434844266980
00.0000000172854709434844266980
00.0000000172854709434844266980
00.0000000172854709434844266980
00.0000000172854709434844266980
00.0000000172854709434844266980
00.0000000172854709434844266980
00.0000000172854709434844266980
00.0000000172854709434844266980
00.0000000172854709434844266980
00.0000000172854709434844266980
00.0000000172854709434844266980
00.0000000172854709434844266980
00.0000000172854709434844266980
00.0000000172854709434844266980
00.0000000172854709434844266980
00.0000000172854709434844266980
00.0000000172854709434844266980
00.0000000172854709434844266980
00.0000000172854709434844266980
00.0000000172854709434844266980
00.0000000172854709434844266980
00.0000000172854709434844266980
00.0000000172854709434844266980
00.0000000172854709434844266980
00.0000000172854709434844266980
00.0000000172854709434844266980
00.0000000172854709434844266980
00.0000000172854709434844266980
00.0000000172854709434844266980
00.0000000172854709434844266980
00.0000000172854709434844266980
00.0000000172854709434844266980
00.0000000172854709434844266980
00.0000000172854709434844266980
00.0000000172854709434844266980
00.0000000172854709434844266980
00.0000000172854709434844266980
00.0000000172854709434844266980
00.0000000172854709434844266980
00.0000000172854709434844266980
00.0000000172854709434844266980
00.0000000172854709434844266980
00.0000000172854709434844266980
00.0000000172854709434844266980
00.0000000172854709434844266980
00.0000000172854709434844266980
00.0000000172854709434844266980
00.0000000172854709434844266980
00.0000000172854709434844266980
00.0000000172854709434844266980
00.0000000172854709434844266980
00.0000000172854709434844266980
00.0000000172854709434844266980
00.0000000172854709434844266980
00.0000000172854709434844266980
00.0000000172854709434844266980
00.0000000172854709434844266980
00.0000000172854709434844266980
00.0000000172854709434844266980
00.0000000172854709434844266980
00.0000000172854709434844266980
00.0000000172854709434844266980
00.0000000172854709434844266980
00.0000000172854709434844266980
00.0000000172854709434844266980
00.0000000172854709434844266980
00.0000000172854709434844266980
00.0000000172854709434844266980
00.0000000172854709434844266980
00.0000000172854709434844266980
00.0000000172854709434844266980
00.0000000172854709434844266980
00.0000000172854709434844266980
00.0000000172854709434844266980
00.0000000172854709434844266980
00.0000000172854709434844266980
00.0000000172854709434844266980
00.0000000172854709434844266980
00.0000000172854709434844266980
00.0000000172854709434844266980
00.0000000172854709434844266980
00.0000000172854709434844266980
00.0000000172854709434844266980
00.0000000172854709434844266980
00.0000000172854709434844266980
00.0000000172854709434844266980
00.0000000172854709434844266980
00.0000000172854709434844266980
00.0000000172854709434844266980
00.0000000172854709434844266980
00.0000000172854709434844266980
00.0000000172854709434844266980
00.0000000172854709434844266980
00.0000000172854709434844266980
00.0000000172854709434844266980
00.0000000172854709434844266980
00.0000000172854709434844266980
00.0000000172854709434844266980
00.0000000172854709434844266980
00.0000000172854709434844266980
00.0000000172854709434844266980
00.0000000172854709434844266980
00.0000000172854709434844266980
00.0000000172854709434844266980
00.0000000172854709434844266980
00.0000000172854709434844266980
00.0000000172854709434844266980
00.0000000172854709434844266980
00.0000000172854709434844266980
00.0000000172854709434844266980
00.0000000172854709434844266980
00.0000000172854709434844266980
00.0000000172854709434844266980
00.0000000172854709434844266980
00.0000000172854709434844266980
00.0000000172854709434844266980
00.0000000172854709434844266980
00.0000000172854709434844266980
00.0000000172854709434844266980
00.0000000172854709434844266980
00.0000000172854709434844266980
00.0000000172854709434844266980
00.0000000172854709434844266980
00.0000000172854709434844266980
00.0000000172854709434844266980
00.0000000172854709434844266980
00.0000000172854709434844266980
00.0000000172854709434844266980
00.0000000172854709434844266980
00.0000000172854709434844266980
00.0000000172854709434844266980
00.0000000172854709434844266980
00.0000000172854709434844266980
00.0000000172854709434844266980
00.0000000172854709434844266980
00.0000000172854709434844266980
00.0000000172854709434844266980
00.0000000172854709434844266980
00.0000000172854709434844266980
00.0000000172854709434844266980
00.0000000172854709434844266980
00.0000000172854709434844266980
00.0000000172854709434844266980
00.0000000172854709434844266980
00.0000000172854709434844266980
00.0000000172854709434844266980
00.0000000172854709434844266980
00.0000000172854709434844266980
00.0000000172854709434844266980
00.0000000172854709434844266980
00.0000000172854709434844266980
00.0000000172854709434844266980
00.0000000172854709434844266980
00.0000000172854709434844266980
00.0000000172854709434844266980
00.0000000172854709434844266980
00.0000000172854709434844266980
00.0000000172854709434844266980
00.0000000172854709434844266980
00.0000000172854709434844266980
00.0000000172854709434844266980
00.0000000172854709434844266980
00.0000000172854709434844266980
00.0000000172854709434844266980
00.0000000172854709434844266980
00.0000000172854709434844266980
00.0000000172854709434844266980
00.0000000172854709434844266980
00.0000000172854709434844266980
00.0000000172854709434844266980
00.0000000172854709434844266980
00.0000000172854709434844266980
00.0000000172854709434844266980
00.0000000172854709434844266980
